4.011017680168151855e-01
4.267636537551879883e-01
-9.626150188069004798e-08
3.903722167015075684e-01
3.701879382133483887e-01
-2.175348112359642982e-03
3.908312320709228516e-01
3.183882236480712891e-01
-9.729900397360324860e-03
3.903400599956512451e-01
2.767336070537567139e-01
-1.841876469552516937e-02
3.820674121379852295e-01
2.460871636867523193e-01
-2.570694498717784882e-02
4.418804347515106201e-01
2.972189486026763916e-01
-8.318313397467136383e-03
4.775700271129608154e-01
2.987098991870880127e-01
-1.431287266314029694e-02
4.805173277854919434e-01
3.155944347381591797e-01
-1.742744259536266327e-02
4.735824763774871826e-01
3.277050852775573730e-01
-1.882188394665718079e-02
4.591414332389831543e-01
3.243180811405181885e-01
-1.336538139730691910e-02
4.904890060424804688e-01
3.259335458278656006e-01
-1.716981269419193268e-02
4.860812723636627197e-01
3.410906195640563965e-01
-1.841045916080474854e-02
4.749758541584014893e-01
3.523387014865875244e-01
-2.014737948775291443e-02
4.727461636066436768e-01
3.555715680122375488e-01
-1.833402737975120544e-02
5.000324249267578125e-01
3.519735038280487061e-01
-2.319216169416904449e-02
4.928963184356689453e-01
3.646678030490875244e-01
-2.008406631648540497e-02
4.815451800823211670e-01
3.743420541286468506e-01
-1.778941042721271515e-02
4.834288358688354492e-01
3.882642984390258789e-01
-2.332726866006851196e-02
5.196709632873535156e-01
3.725133836269378662e-01
-2.596367709338665009e-02
5.416748523712158203e-01
3.635250329971313477e-01
-2.260090969502925873e-02
5.594078898429870605e-01
3.544386625289916992e-01
-1.983116380870342255e-02
