4.005512893199920654e-01
4.293548464775085449e-01
-1.095995969535579206e-07
3.899781107902526855e-01
3.722225725650787354e-01
-3.154548117890954018e-03
3.915787935256958008e-01
3.184464871883392334e-01
-1.107510179281234741e-02
3.910530209541320801e-01
2.746474146842956543e-01
-1.990090683102607727e-02
3.816485106945037842e-01
2.428423762321472168e-01
-2.704969048500061035e-02
4.421207010746002197e-01
2.968378067016601562e-01
-9.189781732857227325e-03
4.784816801548004150e-01
2.974323630332946777e-01
-1.536144316196441650e-02
4.805188179016113281e-01
3.147786855697631836e-01
-1.844103448092937469e-02
4.721939265727996826e-01
3.274218440055847168e-01
-1.989846117794513702e-02
4.591869115829467773e-01
3.229938149452209473e-01
-1.378162670880556107e-02
4.904308915138244629e-01
3.245856165885925293e-01
-1.733874529600143433e-02
4.851375818252563477e-01
3.406740427017211914e-01
-1.826674304902553558e-02
4.730058312416076660e-01
3.517829775810241699e-01
-2.011862769722938538e-02
4.730471372604370117e-01
3.544577360153198242e-01
-1.841280236840248108e-02
5.012102723121643066e-01
3.491626381874084473e-01
-2.333310060203075409e-02
4.935052096843719482e-01
3.625160753726959229e-01
-1.982789859175682068e-02
4.815362691879272461e-01
3.722895681858062744e-01
-1.760587841272354126e-02
4.839830100536346436e-01
3.876900672912597656e-01
-2.312923967838287354e-02
5.203688144683837891e-01
3.726636171340942383e-01
-2.590501494705677032e-02
5.418117642402648926e-01
3.637771606445312500e-01
-2.249518409371376038e-02
5.589638352394104004e-01
3.535782694816589355e-01
-1.991450600326061249e-02
