4.726487100124359131e-01
7.144277095794677734e-01
-4.153268378104257863e-07
4.449965655803680420e-01
6.323941349983215332e-01
5.061600822955369949e-03
4.391882419586181641e-01
5.475544333457946777e-01
4.055327270179986954e-03
4.441019892692565918e-01
4.816047549247741699e-01
1.345104770734906197e-03
4.358033835887908936e-01
4.346385002136230469e-01
6.299431552179157734e-04
5.105841755867004395e-01
5.047211050987243652e-01
4.111661575734615326e-03
5.455511808395385742e-01
4.955970644950866699e-01
7.100981660187244415e-03
5.371791720390319824e-01
5.212653279304504395e-01
7.242932915687561035e-03
5.198310017585754395e-01
5.410100817680358887e-01
7.583135738968849182e-03
5.444529056549072266e-01
5.304735898971557617e-01
-1.691248849965631962e-03
5.648510456085205078e-01
5.318370461463928223e-01
1.038341503590345383e-02
5.528204441070556641e-01
5.546800494194030762e-01
9.919920936226844788e-03
5.353773832321166992e-01
5.737254023551940918e-01
5.087963771075010300e-03
5.718666911125183105e-01
5.690809488296508789e-01
-6.004588212817907333e-03
5.832620859146118164e-01
5.639907121658325195e-01
2.269080578116700053e-04
5.699173808097839355e-01
5.882529616355895996e-01
1.131112221628427505e-03
5.531031489372253418e-01
6.080540418624877930e-01
-1.112219877541065216e-03
5.945361256599426270e-01
6.113477349281311035e-01
-9.284507483243942261e-03
6.318726539611816406e-01
5.710721611976623535e-01
-4.441555123776197433e-03
6.571930050849914551e-01
5.558057427406311035e-01
1.896119443699717522e-03
6.752616763114929199e-01
5.454571247100830078e-01
5.835758522152900696e-03
