4.002922475337982178e-01
4.346407353878021240e-01
-1.155678717168484582e-07
3.902876973152160645e-01
3.774856030941009521e-01
-1.565676182508468628e-03
3.924293220043182373e-01
3.209370672702789307e-01
-8.479210548102855682e-03
3.918678164482116699e-01
2.767555713653564453e-01
-1.650771126151084900e-02
3.832329809665679932e-01
2.439453899860382080e-01
-2.288302592933177948e-02
4.432723820209503174e-01
2.975457608699798584e-01
-6.927138660103082657e-03
4.816848635673522949e-01
2.985526621341705322e-01
-1.219241414219141006e-02
4.839285016059875488e-01
3.173133134841918945e-01
-1.510608475655317307e-02
4.752186536788940430e-01
3.299673795700073242e-01
-1.648817025125026703e-02
4.601046144962310791e-01
3.235603868961334229e-01
-1.195947453379631042e-02
4.939214289188385010e-01
3.256942629814147949e-01
-1.427824981510639191e-02
4.896113872528076172e-01
3.424507379531860352e-01
-1.505443174391984940e-02
4.769397377967834473e-01
3.537011742591857910e-01
-1.684004813432693481e-02
4.739474058151245117e-01
3.552456796169281006e-01
-1.689599268138408661e-02
5.023499727249145508e-01
3.529594242572784424e-01
-1.985684968531131744e-02
4.952270984649658203e-01
3.672876358032226562e-01
-1.618343032896518707e-02
4.828779101371765137e-01
3.770937919616699219e-01
-1.419863570481538773e-02
4.852630198001861572e-01
3.889799118041992188e-01
-2.188941277563571930e-02
5.220069289207458496e-01
3.732667565345764160e-01
-2.330243587493896484e-02
5.449037551879882812e-01
3.641999363899230957e-01
-1.966898515820503235e-02
5.627490282058715820e-01
3.544113039970397949e-01
-1.706168800592422485e-02
