4.115583300590515137e-01
4.849402904510498047e-01
-2.261420632976296474e-07
4.028365314006805420e-01
4.262438416481018066e-01
-3.527139779180288315e-03
4.054244458675384521e-01
3.682894408702850342e-01
-1.170286722481250763e-02
4.078695178031921387e-01
3.214226067066192627e-01
-2.032917365431785583e-02
4.023437798023223877e-01
2.828011512756347656e-01
-2.691994421184062958e-02
4.646980166435241699e-01
3.483401238918304443e-01
-7.392109837383031845e-03
4.913215339183807373e-01
3.516840934753417969e-01
-1.269139163196086884e-02
4.814528822898864746e-01
3.689356446266174316e-01
-1.809759438037872314e-02
4.660120010375976562e-01
3.799834847450256348e-01
-2.188400924205780029e-02
4.813660681247711182e-01
3.753891587257385254e-01
-1.114837173372507095e-02
5.015488862991333008e-01
3.794779777526855469e-01
-1.111873891204595566e-02
4.912498891353607178e-01
3.920825719833374023e-01
-1.348693296313285828e-02
4.763909876346588135e-01
4.031081795692443848e-01
-1.801970414817333221e-02
4.931064248085021973e-01
4.087778627872467041e-01
-1.482396759092807770e-02
5.111995339393615723e-01
4.095093309879302979e-01
-1.682141423225402832e-02
4.990909993648529053e-01
4.206138551235198975e-01
-1.479563675820827484e-02
4.838577210903167725e-01
4.309206902980804443e-01
-1.501452736556529999e-02
5.019122362136840820e-01
4.435565471649169922e-01
-1.864840090274810791e-02
5.368506312370300293e-01
4.321503639221191406e-01
-2.115181274712085724e-02
5.592826604843139648e-01
4.265177547931671143e-01
-1.888593472540378571e-02
5.770931243896484375e-01
4.216885566711425781e-01
-1.745107024908065796e-02
