4.282857179641723633e-01
8.122216463088989258e-01
-3.683055638248333707e-07
4.064435362815856934e-01
7.154806852340698242e-01
-4.083959851413965225e-03
4.111588895320892334e-01
6.233840584754943848e-01
-1.157746464014053345e-02
4.222923517227172852e-01
5.516123771667480469e-01
-1.828130707144737244e-02
4.181834459304809570e-01
5.003689527511596680e-01
-2.137243188917636871e-02
4.927853643894195557e-01
6.038168668746948242e-01
-1.112082973122596741e-02
5.369357466697692871e-01
5.790658593177795410e-01
-1.437058579176664352e-02
5.225519537925720215e-01
5.999932885169982910e-01
-1.483084540814161301e-02
5.035125017166137695e-01
6.218963265419006348e-01
-1.386686228215694427e-02
5.272804498672485352e-01
6.471588611602783203e-01
-1.253234874457120895e-02
5.531396269798278809e-01
6.255873441696166992e-01
-6.764829624444246292e-03
5.377926230430603027e-01
6.437546610832214355e-01
-4.461830481886863708e-03
5.226255059242248535e-01
6.633449792861938477e-01
-6.430464796721935272e-03
5.520873069763183594e-01
6.932385563850402832e-01
-1.306059211492538452e-02
5.704733729362487793e-01
6.674376130104064941e-01
-9.974546730518341064e-03
5.550131797790527344e-01
6.833053827285766602e-01
-4.321239888668060303e-03
5.385267734527587891e-01
7.016685009002685547e-01
-2.860543550923466682e-03
5.706811547279357910e-01
7.371080517768859863e-01
-1.322737149894237518e-02
6.126413345336914062e-01
6.941460967063903809e-01
-9.864434599876403809e-03
6.369518637657165527e-01
6.750876903533935547e-01
-2.331598894670605659e-03
6.564378738403320312e-01
6.583929061889648438e-01
2.706277417019009590e-03
