4.118557870388031006e-01
6.098515987396240234e-01
-2.471227276146237273e-07
3.971888422966003418e-01
5.424005985260009766e-01
-3.142322413623332977e-03
3.980867862701416016e-01
4.782770872116088867e-01
-1.047501340508460999e-02
4.008817672729492188e-01
4.320319890975952148e-01
-1.746839657425880432e-02
3.938378393650054932e-01
3.995600342750549316e-01
-2.217160910367965698e-02
4.547185301780700684e-01
4.847864508628845215e-01
-2.122567966580390930e-02
4.845891892910003662e-01
4.386134743690490723e-01
-2.775870449841022491e-02
4.691161215305328369e-01
4.540390968322753906e-01
-2.819412760436534882e-02
4.547964632511138916e-01
4.745918512344360352e-01
-2.709859609603881836e-02
4.765971899032592773e-01
5.162656307220458984e-01
-2.315320447087287903e-02
4.984787106513977051e-01
4.726933240890502930e-01
-2.709282375872135162e-02
4.855051636695861816e-01
4.841530323028564453e-01
-2.586455643177032471e-02
4.736552536487579346e-01
5.035597085952758789e-01
-2.596466988325119019e-02
4.926702678203582764e-01
5.450564622879028320e-01
-2.382480539381504059e-02
5.094892382621765137e-01
5.074054598808288574e-01
-2.519805170595645905e-02
4.986855685710906982e-01
5.141055583953857422e-01
-2.066450752317905426e-02
4.866811335086822510e-01
5.300765037536621094e-01
-1.872764155268669128e-02
5.046563148498535156e-01
5.679084062576293945e-01
-2.429473958909511566e-02
5.372567772865295410e-01
5.360631346702575684e-01
-2.566489204764366150e-02
5.570401549339294434e-01
5.234321951866149902e-01
-2.347728423774242401e-02
5.734481215476989746e-01
5.159831047058105469e-01
-2.209986001253128052e-02
