3.975577354431152344e-01
6.532643437385559082e-01
-2.036364605828566710e-07
3.864797353744506836e-01
5.839288830757141113e-01
-4.918568767607212067e-03
3.942947387695312500e-01
5.188675522804260254e-01
-1.268435269594192505e-02
4.005278646945953369e-01
4.682393968105316162e-01
-1.986194215714931488e-02
3.892313838005065918e-01
4.346996545791625977e-01
-2.425248175859451294e-02
4.533043205738067627e-01
5.207011103630065918e-01
-1.492382120341062546e-02
4.883183538913726807e-01
4.852747321128845215e-01
-2.065497636795043945e-02
4.715209603309631348e-01
4.979611635208129883e-01
-2.213067933917045593e-02
4.558760821819305420e-01
5.136036872863769531e-01
-2.243151888251304626e-02
4.742582738399505615e-01
5.535165667533874512e-01
-1.584815792739391327e-02
5.001435279846191406e-01
5.182642340660095215e-01
-1.890630275011062622e-02
4.854160547256469727e-01
5.269719958305358887e-01
-1.766590215265750885e-02
4.727954864501953125e-01
5.436965227127075195e-01
-1.769024319946765900e-02
4.880948662757873535e-01
5.839157104492187500e-01
-1.624171808362007141e-02
5.081281661987304688e-01
5.499436259269714355e-01
-1.730053871870040894e-02
4.954414367675781250e-01
5.551444292068481445e-01
-1.224192045629024506e-02
4.825707077980041504e-01
5.696742534637451172e-01
-9.637120179831981659e-03
4.967087507247924805e-01
6.096066236495971680e-01
-1.685743033885955811e-02
5.318237543106079102e-01
5.825811028480529785e-01
-1.797338575124740601e-02
5.530204772949218750e-01
5.720982551574707031e-01
-1.573871448636054993e-02
5.715847015380859375e-01
5.668674111366271973e-01
-1.414431631565093994e-02
