4.051555395126342773e-01
4.931989312171936035e-01
-2.193408477069169749e-07
3.942228555679321289e-01
4.350886344909667969e-01
-1.552965841256082058e-03
3.955971598625183105e-01
3.788516223430633545e-01
-9.048669598996639252e-03
3.956131339073181152e-01
3.349464237689971924e-01
-1.772331260144710541e-02
3.895421326160430908e-01
2.993841171264648438e-01
-2.456155605614185333e-02
4.545644521713256836e-01
3.523311614990234375e-01
-3.182458924129605293e-03
4.831108152866363525e-01
3.568304479122161865e-01
-7.123390678316354752e-03
4.757266640663146973e-01
3.759718537330627441e-01
-1.188002526760101318e-02
4.611454308032989502e-01
3.872362971305847168e-01
-1.500782836228609085e-02
4.714813232421875000e-01
3.776406347751617432e-01
-8.218687027692794800e-03
4.944649636745452881e-01
3.859031498432159424e-01
-7.105991244316101074e-03
4.852364063262939453e-01
4.016212522983551025e-01
-9.466644376516342163e-03
4.702837169170379639e-01
4.115179181098937988e-01
-1.350232865661382675e-02
4.838473200798034668e-01
4.093339443206787109e-01
-1.318208593875169754e-02
5.042924880981445312e-01
4.124845862388610840e-01
-1.341052725911140442e-02
4.934188425540924072e-01
4.271936416625976562e-01
-1.099522318691015244e-02
4.788692593574523926e-01
4.364590048789978027e-01
-1.081212889403104782e-02
4.934759438037872314e-01
4.427334964275360107e-01
-1.828690804541110992e-02
5.257593393325805664e-01
4.264111816883087158e-01
-1.826879195868968964e-02
5.465043187141418457e-01
4.179362356662750244e-01
-1.423666719347238541e-02
5.623837709426879883e-01
4.103816747665405273e-01
-1.153722684830427170e-02
