3.978120982646942139e-01
6.973304748535156250e-01
-3.458520723143010400e-07
3.802459836006164551e-01
6.180738806724548340e-01
-8.991886279545724392e-04
3.819397687911987305e-01
5.416299700736999512e-01
-6.565717048943042755e-03
3.906353712081909180e-01
4.820843338966369629e-01
-1.258475054055452347e-02
3.855623304843902588e-01
4.370659887790679932e-01
-1.611877791583538055e-02
4.549532234668731689e-01
5.208047628402709961e-01
-7.219980005174875259e-03
4.931259751319885254e-01
5.154824852943420410e-01
-7.304317317903041840e-03
4.829076528549194336e-01
5.374149084091186523e-01
-6.196158472448587418e-03
4.650656282901763916e-01
5.536941885948181152e-01
-5.062447395175695419e-03
4.812609851360321045e-01
5.542631745338439941e-01
-1.063975505530834198e-02
5.070791840553283691e-01
5.569410920143127441e-01
-3.620148869231343269e-03
4.953478276729583740e-01
5.739190578460693359e-01
-1.907702768221497536e-03
4.797089993953704834e-01
5.870629549026489258e-01
-4.682022146880626678e-03
5.003447532653808594e-01
5.945520401000976562e-01
-1.286876946687698364e-02
5.209291577339172363e-01
5.905125737190246582e-01
-9.079168550670146942e-03
5.078651905059814453e-01
6.057723760604858398e-01
-4.423304926604032516e-03
4.919487535953521729e-01
6.178264617919921875e-01
-4.022522363811731339e-03
5.151697993278503418e-01
6.355431675910949707e-01
-1.471834536641836166e-02
5.548764467239379883e-01
6.090620160102844238e-01
-1.246922370046377182e-02
5.782248973846435547e-01
5.956584215164184570e-01
-6.048809271305799484e-03
5.962545871734619141e-01
5.820533037185668945e-01
-1.870203530415892601e-03
