4.633693993091583252e-01
7.467582821846008301e-01
-3.698856687606166815e-07
4.675183892250061035e-01
6.510194540023803711e-01
-1.646040938794612885e-03
4.896233081817626953e-01
5.721686482429504395e-01
-8.273860439658164978e-03
5.147813558578491211e-01
5.111985206604003906e-01
-1.520840451121330261e-02
5.260791778564453125e-01
4.603439271450042725e-01
-1.912320591509342194e-02
5.741254091262817383e-01
5.877357721328735352e-01
-2.979695564135909081e-03
6.083646416664123535e-01
5.998044013977050781e-01
-9.856007527559995651e-04
5.906589627265930176e-01
6.142583489418029785e-01
-1.163383712992072105e-03
5.675521492958068848e-01
6.229271888732910156e-01
-1.726359245367348194e-03
5.932018160820007324e-01
6.369496583938598633e-01
-6.342922803014516830e-03
6.115157604217529297e-01
6.488664746284484863e-01
3.342172596603631973e-03
5.948126316070556641e-01
6.581187248229980469e-01
2.684650709852576256e-03
5.748859643936157227e-01
6.658325195312500000e-01
-3.051578300073742867e-03
6.009703874588012695e-01
6.890094876289367676e-01
-8.546413853764533997e-03
6.187674403190612793e-01
6.930881142616271973e-01
-2.653331030160188675e-03
6.002004146575927734e-01
7.023791670799255371e-01
9.825890883803367615e-04
5.796348452568054199e-01
7.098436951637268066e-01
-4.246915050316601992e-04
6.029268503189086914e-01
7.385631203651428223e-01
-1.052915863692760468e-02
6.509906649589538574e-01
7.323327660560607910e-01
-8.035495877265930176e-03
6.810019016265869141e-01
7.310677766799926758e-01
-2.349844202399253845e-03
7.042530775070190430e-01
7.299275994300842285e-01
9.631475550122559071e-04
