4.127584099769592285e-01
7.109899520874023438e-01
-2.480526575254771160e-07
3.942034840583801270e-01
6.254850029945373535e-01
-3.064020420424640179e-04
4.009262323379516602e-01
5.445075631141662598e-01
-5.128685850650072098e-03
4.131226539611816406e-01
4.825556874275207520e-01
-9.726196527481079102e-03
4.081199765205383301e-01
4.386444091796875000e-01
-1.175176259130239487e-02
4.853456616401672363e-01
5.279084444046020508e-01
-5.104953888803720474e-03
5.014971494674682617e-01
5.048770904541015625e-01
-3.976818174123764038e-03
4.854207634925842285e-01
5.234631299972534180e-01
-4.580106120556592941e-03
4.715574681758880615e-01
5.455569624900817871e-01
-5.689935293048620224e-03
5.129626989364624023e-01
5.643989443778991699e-01
-8.403773419559001923e-03
5.178622007369995117e-01
5.406146049499511719e-01
-2.342129824683070183e-03
5.017832517623901367e-01
5.536676645278930664e-01
-1.968451077118515968e-03
4.906384944915771484e-01
5.751411914825439453e-01
-5.559384357184171677e-03
5.294193029403686523e-01
6.044910550117492676e-01
-1.055056322365999222e-02
5.343562364578247070e-01
5.761881470680236816e-01
-8.127841167151927948e-03
5.174230337142944336e-01
5.839175581932067871e-01
-5.018469877541065216e-03
5.027464032173156738e-01
6.018452048301696777e-01
-5.644724238663911819e-03
5.386624932289123535e-01
6.424849033355712891e-01
-1.219105720520019531e-02
5.802102684974670410e-01
6.119064092636108398e-01
-1.239021960645914078e-02
6.067188382148742676e-01
5.957528948783874512e-01
-9.316878393292427063e-03
6.286141872406005859e-01
5.839032530784606934e-01
-7.759980857372283936e-03
