4.104599356651306152e-01
5.144548416137695312e-01
-2.223473956064481172e-07
3.976253867149353027e-01
4.517492949962615967e-01
-1.656873384490609169e-03
3.977387845516204834e-01
3.928270637989044189e-01
-7.890969514846801758e-03
3.985059261322021484e-01
3.475747108459472656e-01
-1.439788378775119781e-02
3.879825174808502197e-01
3.157669007778167725e-01
-1.936282590031623840e-02
4.656974971294403076e-01
3.779089450836181641e-01
-3.952958621084690094e-03
4.757406711578369141e-01
3.652277588844299316e-01
-4.404512234032154083e-03
4.624075293540954590e-01
3.785584867000579834e-01
-7.876846939325332642e-03
4.503149688243865967e-01
3.939105272293090820e-01
-1.101573929190635681e-02
4.833297729492187500e-01
4.045095741748809814e-01
-6.918993778526782990e-03
4.851120412349700928e-01
3.922055363655090332e-01
-3.029562300071120262e-03
4.737314879894256592e-01
4.011253416538238525e-01
-5.575975403189659119e-03
4.632022976875305176e-01
4.168057739734649658e-01
-1.071498729288578033e-02
4.932821393013000488e-01
4.360836744308471680e-01
-9.053355082869529724e-03
4.964651763439178467e-01
4.202546179294586182e-01
-7.616769522428512573e-03
4.847491383552551270e-01
4.269931912422180176e-01
-7.226882502436637878e-03
4.732389450073242188e-01
4.406420290470123291e-01
-9.010784327983856201e-03
4.996468424797058105e-01
4.662887156009674072e-01
-1.104084309190511703e-02
5.297204256057739258e-01
4.467950761318206787e-01
-1.089304499328136444e-02
5.500084757804870605e-01
4.362468719482421875e-01
-8.657111786305904388e-03
5.668126940727233887e-01
4.288917481899261475e-01
-7.673602551221847534e-03
