4.123362302780151367e-01
6.209158897399902344e-01
-2.641820628923596814e-07
3.966400623321533203e-01
5.530493259429931641e-01
-3.602936631068587303e-03
3.972598314285278320e-01
4.889342784881591797e-01
-1.205628458410501480e-02
3.974052369594573975e-01
4.383111298084259033e-01
-2.033107914030551910e-02
3.835209906101226807e-01
4.070626199245452881e-01
-2.591318078339099884e-02
4.555237293243408203e-01
4.843496382236480713e-01
-1.513674948364496231e-02
4.865838885307312012e-01
4.401937723159790039e-01
-2.148061245679855347e-02
4.706628620624542236e-01
4.552108943462371826e-01
-2.378663793206214905e-02
4.581133723258972168e-01
4.742271006107330322e-01
-2.469409257173538208e-02
4.800083041191101074e-01
5.132825374603271484e-01
-1.696120575070381165e-02
5.019547343254089355e-01
4.703281521797180176e-01
-1.992352493107318878e-02
4.880376458168029785e-01
4.813278317451477051e-01
-1.870032586157321930e-02
4.781369566917419434e-01
5.000286698341369629e-01
-1.892125234007835388e-02
4.972518384456634521e-01
5.406387448310852051e-01
-1.815044879913330078e-02
5.152392387390136719e-01
5.017430186271667480e-01
-1.885761134326457977e-02
5.030902028083801270e-01
5.077437162399291992e-01
-1.367402542382478714e-02
4.913891553878784180e-01
5.242233872413635254e-01
-1.127896085381507874e-02
5.080543756484985352e-01
5.636450648307800293e-01
-1.948245801031589508e-02
5.406167507171630859e-01
5.331265330314636230e-01
-1.946301572024822235e-02
5.610021352767944336e-01
5.193690061569213867e-01
-1.657764427363872528e-02
5.786491632461547852e-01
5.116059184074401855e-01
-1.485385559499263763e-02
