4.110786914825439453e-01
7.259273529052734375e-01
-3.906517349605564959e-07
3.904069662094116211e-01
6.372159719467163086e-01
4.162704281043261290e-04
3.904546499252319336e-01
5.569407939910888672e-01
-6.327436305582523346e-03
3.977342247962951660e-01
4.903680980205535889e-01
-1.258021034300327301e-02
3.915317952632904053e-01
4.396064877510070801e-01
-1.602389104664325714e-02
4.717368781566619873e-01
5.206352472305297852e-01
-7.629062980413436890e-03
5.046199560165405273e-01
5.189403295516967773e-01
-1.143308356404304504e-03
4.904099702835083008e-01
5.442330241203308105e-01
3.030055435374379158e-03
4.717694520950317383e-01
5.606082081794738770e-01
4.868587013334035873e-03
5.034882426261901855e-01
5.577330589294433594e-01
-1.032583974301815033e-02
5.205171704292297363e-01
5.613331794738769531e-01
4.134982358664274216e-03
5.049557685852050781e-01
5.800348520278930664e-01
6.722496356815099716e-03
4.886048138141632080e-01
5.956134200096130371e-01
2.475494286045432091e-03
5.244492888450622559e-01
6.044538617134094238e-01
-1.034352555871009827e-02
5.361065268516540527e-01
5.972808003425598145e-01
-1.310580846620723605e-04
5.198264122009277344e-01
6.149764657020568848e-01
5.561678204685449600e-03
5.020947456359863281e-01
6.308102011680603027e-01
4.688606597483158112e-03
5.393813848495483398e-01
6.501997709274291992e-01
-9.552411735057830811e-03
5.779812932014465332e-01
6.146584153175354004e-01
-2.957329386845231056e-03
6.018159389495849609e-01
5.990474820137023926e-01
6.051510572433471680e-03
6.194471120834350586e-01
5.848101973533630371e-01
1.123390160501003265e-02
