3.964776694774627686e-01
8.107178211212158203e-01
-3.579275187348684995e-07
3.820721209049224854e-01
7.244005203247070312e-01
1.216487027704715729e-03
3.916103243827819824e-01
6.459810137748718262e-01
-3.610029118135571480e-03
4.057683348655700684e-01
5.815538763999938965e-01
-7.554540410637855530e-03
4.043988883495330811e-01
5.359129309654235840e-01
-8.441772311925888062e-03
4.726325869560241699e-01
6.372480988502502441e-01
-6.466235965490341187e-03
5.074278116226196289e-01
6.110331416130065918e-01
9.621162462281063199e-05
4.884997606277465820e-01
6.274300217628479004e-01
6.056800484657287598e-03
4.710213541984558105e-01
6.454620361328125000e-01
9.744005277752876282e-03
5.006347894668579102e-01
6.800193190574645996e-01
-6.837965920567512512e-03
5.212756395339965820e-01
6.530583500862121582e-01
5.218656733632087708e-03
5.035067796707153320e-01
6.626580357551574707e-01
9.893259964883327484e-03
4.885279536247253418e-01
6.807096600532531738e-01
8.951435796916484833e-03
5.172885060310363770e-01
7.217119932174682617e-01
-4.690978210419416428e-03
5.308635234832763672e-01
6.909169554710388184e-01
5.482425913214683533e-03
5.147345662117004395e-01
6.981542110443115234e-01
1.133054867386817932e-02
4.988542199134826660e-01
7.139092087745666504e-01
1.143951993435621262e-02
5.278500914573669434e-01
7.577677369117736816e-01
-1.508416025899350643e-03
5.686787366867065430e-01
7.231283187866210938e-01
5.975744687020778656e-03
5.923985242843627930e-01
7.075738906860351562e-01
1.282763388007879257e-02
6.109141111373901367e-01
6.959089040756225586e-01
1.648451574146747589e-02
