4.125396609306335449e-01
5.787113308906555176e-01
-2.241746557274382212e-07
4.002315104007720947e-01
5.127237439155578613e-01
-8.142708684317767620e-04
3.991615772247314453e-01
4.520301818847656250e-01
-7.635475136339664459e-03
3.995381891727447510e-01
4.064123928546905518e-01
-1.479093357920646667e-02
3.909437954425811768e-01
3.760631084442138672e-01
-1.947058923542499542e-02
4.587968885898590088e-01
4.475714564323425293e-01
-1.248205732554197311e-02
4.895932376384735107e-01
4.159719645977020264e-01
-1.647121459245681763e-02
4.755981266498565674e-01
4.272901713848114014e-01
-1.626993715763092041e-02
4.618451297283172607e-01
4.437099993228912354e-01
-1.539751980453729630e-02
4.798972606658935547e-01
4.773432314395904541e-01
-1.568660885095596313e-02
5.015457272529602051e-01
4.455127418041229248e-01
-1.681698486208915710e-02
4.891783595085144043e-01
4.527792930603027344e-01
-1.470950059592723846e-02
4.779121577739715576e-01
4.699019789695739746e-01
-1.469155121594667435e-02
4.951544404029846191e-01
5.067790746688842773e-01
-1.797589845955371857e-02
5.126747488975524902e-01
4.756815731525421143e-01
-1.844776421785354614e-02
5.022026896476745605e-01
4.817854166030883789e-01
-1.391885895282030106e-02
4.912332892417907715e-01
4.977709650993347168e-01
-1.191240176558494568e-02
5.059348344802856445e-01
5.334357619285583496e-01
-2.002458833158016205e-02
5.404071807861328125e-01
5.066865682601928711e-01
-2.073718234896659851e-02
5.604927539825439453e-01
4.939745366573333740e-01
-1.810300722718238831e-02
5.778533816337585449e-01
4.868782758712768555e-01
-1.625626161694526672e-02
