4.234576821327209473e-01
7.830529212951660156e-01
-3.863095514589076629e-07
4.078915417194366455e-01
6.876649856567382812e-01
-3.030262014362961054e-04
4.142618775367736816e-01
5.963709950447082520e-01
-6.988400593400001526e-03
4.243076145648956299e-01
5.253112316131591797e-01
-1.349118910729885101e-02
4.189950823783874512e-01
4.734905362129211426e-01
-1.648516766726970673e-02
4.907269775867462158e-01
5.660867094993591309e-01
-9.127056226134300232e-03
5.384070873260498047e-01
5.583593845367431641e-01
-8.460270240902900696e-03
5.263834595680236816e-01
5.831139087677001953e-01
-6.005000323057174683e-03
5.062238574028015137e-01
6.004161238670349121e-01
-4.097240511327981949e-03
5.225239396095275879e-01
6.092314720153808594e-01
-1.321702916175127029e-02
5.552613735198974609e-01
6.050090789794921875e-01
-4.206066019833087921e-03
5.416743755340576172e-01
6.264584660530090332e-01
-4.390355898067355156e-04
5.235106945037841797e-01
6.421526074409484863e-01
-2.281778492033481598e-03
5.461005568504333496e-01
6.584948897361755371e-01
-1.571054756641387939e-02
5.723963975906372070e-01
6.462602019309997559e-01
-1.022563129663467407e-02
5.580801367759704590e-01
6.653218865394592285e-01
-3.683294635266065598e-03
5.387319922447204590e-01
6.804327964782714844e-01
-2.545584226027131081e-03
5.642045140266418457e-01
7.071444988250732422e-01
-1.760365441441535950e-02
6.080856323242187500e-01
6.687387824058532715e-01
-1.347806118428707123e-02
6.337119936943054199e-01
6.510748863220214844e-01
-5.533090326935052872e-03
6.525577902793884277e-01
6.342884302139282227e-01
-4.980232333764433861e-04
