4.049006998538970947e-01
6.928892731666564941e-01
-1.682243180312070763e-07
3.918613791465759277e-01
6.275809407234191895e-01
-8.279561065137386322e-03
3.947510123252868652e-01
5.677666664123535156e-01
-1.978411152958869934e-02
3.970084190368652344e-01
5.170724391937255859e-01
-3.009850531816482544e-02
3.822760581970214844e-01
4.852653741836547852e-01
-3.764606267213821411e-02
4.582985639572143555e-01
5.734786987304687500e-01
-2.287914045155048370e-02
4.911461472511291504e-01
5.236576199531555176e-01
-2.888780646026134491e-02
4.740369021892547607e-01
5.340050458908081055e-01
-2.902498468756675720e-02
4.597142338752746582e-01
5.514352917671203613e-01
-2.840645797550678253e-02
4.803955554962158203e-01
6.016467213630676270e-01
-2.192653343081474304e-02
5.047529339790344238e-01
5.536507964134216309e-01
-2.592662908136844635e-02
4.891597628593444824e-01
5.609114766120910645e-01
-2.385793626308441162e-02
4.782957434654235840e-01
5.774048566818237305e-01
-2.316346950829029083e-02
4.943104386329650879e-01
6.279044151306152344e-01
-2.007444575428962708e-02
5.163972377777099609e-01
5.826188921928405762e-01
-2.052360959351062775e-02
5.045411586761474609e-01
5.857233405113220215e-01
-1.402023248374462128e-02
4.930999279022216797e-01
5.995662212371826172e-01
-1.067516766488552094e-02
5.027385950088500977e-01
6.484481692314147949e-01
-1.871913857758045197e-02
5.373253822326660156e-01
6.165775060653686523e-01
-1.976861990988254547e-02
5.583238601684570312e-01
6.013441085815429688e-01
-1.746167056262493134e-02
5.776718258857727051e-01
5.915650129318237305e-01
-1.588742621243000031e-02
