4.045290648937225342e-01
6.037061810493469238e-01
-3.464049882495601196e-07
3.953159153461456299e-01
5.300848484039306641e-01
2.445206278935074806e-03
3.988872468471527100e-01
4.646555781364440918e-01
-3.357812762260437012e-03
3.975775241851806641e-01
4.150960147380828857e-01
-1.028973143547773361e-02
3.848819136619567871e-01
3.846908807754516602e-01
-1.530985906720161438e-02
4.601942002773284912e-01
4.638568758964538574e-01
-7.430046796798706055e-03
4.859363436698913574e-01
4.254142343997955322e-01
-1.251297071576118469e-02
4.695854485034942627e-01
4.391526281833648682e-01
-1.543485932052135468e-02
4.562972486019134521e-01
4.584390223026275635e-01
-1.667389646172523499e-02
4.821309447288513184e-01
4.945450723171234131e-01
-1.102227717638015747e-02
4.980317354202270508e-01
4.548296630382537842e-01
-1.102639827877283096e-02
4.838885366916656494e-01
4.654351770877838135e-01
-1.000416837632656097e-02
4.744195342063903809e-01
4.835932552814483643e-01
-1.137458719313144684e-02
4.976494908332824707e-01
5.238003134727478027e-01
-1.353080291301012039e-02
5.108519792556762695e-01
4.858651161193847656e-01
-1.205810997635126114e-02
4.987466931343078613e-01
4.922969937324523926e-01
-7.580852136015892029e-03
4.870674610137939453e-01
5.084313154220581055e-01
-6.458185147494077682e-03
5.077446699142456055e-01
5.479913353919982910e-01
-1.549384370446205139e-02
5.410019755363464355e-01
5.170581340789794922e-01
-1.370223052799701691e-02
5.616211295127868652e-01
5.043326616287231445e-01
-9.813124313950538635e-03
5.790203809738159180e-01
4.962250590324401855e-01
-7.770615629851818085e-03
