4.092151820659637451e-01
4.916881620883941650e-01
-2.791149427139316685e-07
4.045001566410064697e-01
4.322862625122070312e-01
-7.160870591178536415e-04
4.117136001586914062e-01
3.709112107753753662e-01
-7.223185617476701736e-03
4.154051244258880615e-01
3.233872354030609131e-01
-1.497369166463613510e-02
4.093080163002014160e-01
2.849882841110229492e-01
-2.103735320270061493e-02
4.683927297592163086e-01
3.558810651302337646e-01
-4.731662105768918991e-03
5.009352564811706543e-01
3.656910657882690430e-01
-1.062035001814365387e-02
4.918268620967864990e-01
3.825421035289764404e-01
-1.644052937626838684e-02
4.747492074966430664e-01
3.910568356513977051e-01
-2.017010562121868134e-02
4.846541583538055420e-01
3.829055130481719971e-01
-1.007600687444210052e-02
5.093591213226318359e-01
3.958231806755065918e-01
-1.050592865794897079e-02
4.981263875961303711e-01
4.094172418117523193e-01
-1.308860909193754196e-02
4.817309677600860596e-01
4.176734983921051025e-01
-1.719540171325206757e-02
4.960289597511291504e-01
4.161364734172821045e-01
-1.521105319261550903e-02
5.175810456275939941e-01
4.249080419540405273e-01
-1.705907098948955536e-02
5.052087306976318359e-01
4.381207525730133057e-01
-1.485953480005264282e-02
4.897162914276123047e-01
4.460949003696441650e-01
-1.465972233563661575e-02
5.038608312606811523e-01
4.512771070003509521e-01
-2.036157995462417603e-02
5.409134030342102051e-01
4.414139986038208008e-01
-2.192315645515918732e-02
5.646718144416809082e-01
4.379411041736602783e-01
-1.871783658862113953e-02
5.833585262298583984e-01
4.353649020195007324e-01
-1.645136624574661255e-02
