4.058269858360290527e-01
7.734360694885253906e-01
-3.101765742030693218e-07
3.881379961967468262e-01
6.897675991058349609e-01
-4.177673254162073135e-03
3.927236497402191162e-01
6.112774014472961426e-01
-1.209344249218702316e-02
4.026359915733337402e-01
5.496007800102233887e-01
-1.944053173065185547e-02
4.003595113754272461e-01
5.030314922332763672e-01
-2.363107539713382721e-02
4.655091762542724609e-01
6.001852154731750488e-01
-1.195451989769935608e-02
5.042813420295715332e-01
5.748093128204345703e-01
-1.544159930199384689e-02
4.889923334121704102e-01
5.916873812675476074e-01
-1.573627255856990814e-02
4.713919460773468018e-01
6.104671955108642578e-01
-1.471696235239505768e-02
4.939866364002227783e-01
6.410984992980957031e-01
-1.311798673123121262e-02
5.181813240051269531e-01
6.169883608818054199e-01
-1.040052436292171478e-02
5.027256011962890625e-01
6.299985051155090332e-01
-8.914251811802387238e-03
4.878347814083099365e-01
6.481646895408630371e-01
-1.029701810330152512e-02
5.136190652847290039e-01
6.812700629234313965e-01
-1.338504068553447723e-02
5.308688879013061523e-01
6.549268364906311035e-01
-1.166675519198179245e-02
5.165124535560607910e-01
6.663513779640197754e-01
-6.918386090546846390e-03
5.017367005348205566e-01
6.831048727035522461e-01
-5.415047053247690201e-03
5.278723239898681641e-01
7.169092893600463867e-01
-1.335397362709045410e-02
5.663789510726928711e-01
6.813439726829528809e-01
-1.149242650717496872e-02
5.889808535575866699e-01
6.660100817680358887e-01
-5.888363346457481384e-03
6.077202558517456055e-01
6.540550589561462402e-01
-1.970533747225999832e-03
