4.222629666328430176e-01
7.418148517608642578e-01
-3.774728440930630313e-07
4.062845706939697266e-01
6.497050523757934570e-01
1.858352916315197945e-03
4.101885259151458740e-01
5.656991004943847656e-01
-4.976531490683555603e-03
4.189462065696716309e-01
4.969691038131713867e-01
-1.171015109866857529e-02
4.121911227703094482e-01
4.454236626625061035e-01
-1.514410227537155151e-02
4.867961108684539795e-01
5.400590300559997559e-01
-1.315667293965816498e-02
5.336390733718872070e-01
5.360194444656372070e-01
-8.698669262230396271e-03
5.210696458816528320e-01
5.633096694946289062e-01
-7.656652014702558517e-04
5.004086494445800781e-01
5.797823071479797363e-01
4.423736594617366791e-03
5.158907175064086914e-01
5.817673802375793457e-01
-1.753702759742736816e-02
5.504505038261413574e-01
5.796558856964111328e-01
-6.830872502177953720e-03
5.358212590217590332e-01
6.006503701210021973e-01
5.921211559325456619e-04
5.172901749610900879e-01
6.157903075218200684e-01
8.537756511941552162e-04
5.364533066749572754e-01
6.296555995941162109e-01
-1.943536661565303802e-02
5.656273365020751953e-01
6.165014505386352539e-01
-1.142622716724872589e-02
5.521410107612609863e-01
6.351469159126281738e-01
-1.844190526753664017e-03
5.338529944419860840e-01
6.493000984191894531e-01
2.844511473085731268e-04
5.520340204238891602e-01
6.765949130058288574e-01
-2.050521038472652435e-02
5.975660085678100586e-01
6.386594772338867188e-01
-1.558206416666507721e-02
6.235486268997192383e-01
6.208078265190124512e-01
-7.004781626164913177e-03
6.435421705245971680e-01
6.012722253799438477e-01
-2.155679278075695038e-03
