4.744127392768859863e-01
7.437978386878967285e-01
-3.710528062583762221e-07
4.731584191322326660e-01
6.487292051315307617e-01
-1.048624049872159958e-03
4.917646646499633789e-01
5.721480250358581543e-01
-6.693589501082897186e-03
5.136196613311767578e-01
5.111763477325439453e-01
-1.229871250689029694e-02
5.198063254356384277e-01
4.602456688880920410e-01
-1.528038363903760910e-02
5.783211588859558105e-01
5.775241255760192871e-01
-3.362872870638966560e-03
6.113479137420654297e-01
5.840824842453002930e-01
1.341964118182659149e-03
5.962836742401123047e-01
6.013854742050170898e-01
3.061392111703753471e-03
5.755527615547180176e-01
6.138097047805786133e-01
3.147813258692622185e-03
6.004601120948791504e-01
6.236731410026550293e-01
-6.080210674554109573e-03
6.184478998184204102e-01
6.287022233009338379e-01
5.034851841628551483e-03
6.010031104087829590e-01
6.392545104026794434e-01
3.897110698744654655e-03
5.806167125701904297e-01
6.505625247955322266e-01
-2.368009183555841446e-03
6.108046174049377441e-01
6.738315820693969727e-01
-6.951604038476943970e-03
6.264153718948364258e-01
6.711869835853576660e-01
-1.680458371993154287e-04
6.072459220886230469e-01
6.811327338218688965e-01
2.310214797034859657e-03
5.862070322036743164e-01
6.897566914558410645e-01
-2.872543409466743469e-04
6.139279603958129883e-01
7.227203845977783203e-01
-7.293012458831071854e-03
6.618499159812927246e-01
7.099303007125854492e-01
-4.566768184304237366e-03
6.917592287063598633e-01
7.066437005996704102e-01
1.632506464375182986e-04
7.145674228668212891e-01
7.038675546646118164e-01
2.586608752608299255e-03
