4.106007516384124756e-01
5.218126773834228516e-01
-2.477890461705101188e-07
4.029178023338317871e-01
4.552449285984039307e-01
-1.895585912279784679e-03
4.058947265148162842e-01
3.925552964210510254e-01
-9.864696301519870758e-03
4.082341790199279785e-01
3.449007570743560791e-01
-1.825546473264694214e-02
4.011646509170532227e-01
3.068963885307312012e-01
-2.506868913769721985e-02
4.775868058204650879e-01
3.801834285259246826e-01
-5.468174815177917480e-03
4.834502041339874268e-01
3.685483932495117188e-01
-7.397401612251996994e-03
4.668984711170196533e-01
3.830538392066955566e-01
-1.299929991364479065e-02
4.525955915451049805e-01
3.986043930053710938e-01
-1.774285174906253815e-02
4.927801787853240967e-01
4.104585349559783936e-01
-9.609224274754524231e-03
4.907745420932769775e-01
4.008495807647705078e-01
-6.518073379993438721e-03
4.775511026382446289e-01
4.105874598026275635e-01
-1.120089460164308548e-02
4.648684263229370117e-01
4.271419346332550049e-01
-1.829330436885356903e-02
4.996218085289001465e-01
4.471100568771362305e-01
-1.276296749711036682e-02
5.012702345848083496e-01
4.341657757759094238e-01
-1.204737368971109390e-02
4.875473380088806152e-01
4.408968389034271240e-01
-1.217937376350164413e-02
4.736557006835937500e-01
4.548493325710296631e-01
-1.465705502778291702e-02
5.031502842903137207e-01
4.834458231925964355e-01
-1.579365506768226624e-02
5.363733768463134766e-01
4.680427312850952148e-01
-1.653708703815937042e-02
5.586248636245727539e-01
4.599297642707824707e-01
-1.437745150178670883e-02
5.767842531204223633e-01
4.548957347869873047e-01
-1.350053399801254272e-02
