3.923017382621765137e-01
8.185193538665771484e-01
-3.176626250933622941e-07
3.809937536716461182e-01
7.328140735626220703e-01
-3.376767737790942192e-03
3.919748961925506592e-01
6.550893187522888184e-01
-1.255855429917573929e-02
4.061977863311767578e-01
5.895469784736633301e-01
-2.082081511616706848e-02
4.015400707721710205e-01
5.409383177757263184e-01
-2.597505226731300354e-02
4.699637591838836670e-01
6.540639996528625488e-01
-1.573942787945270538e-02
5.080313086509704590e-01
6.286076307296752930e-01
-1.704646274447441101e-02
4.900145828723907471e-01
6.428055167198181152e-01
-1.506226416677236557e-02
4.724725186824798584e-01
6.595547199249267578e-01
-1.337539777159690857e-02
4.947211146354675293e-01
6.977491378784179688e-01
-1.706993207335472107e-02
5.214383602142333984e-01
6.704186797142028809e-01
-1.292382925748825073e-02
5.035876035690307617e-01
6.781914830207824707e-01
-9.097664617002010345e-03
4.875579178333282471e-01
6.947967410087585449e-01
-9.498686529695987701e-03
5.097788572311401367e-01
7.401697039604187012e-01
-1.677005924284458160e-02
5.306260585784912109e-01
7.079037427902221680e-01
-1.321795862168073654e-02
5.146802663803100586e-01
7.124276161193847656e-01
-6.260681431740522385e-03
4.984776377677917480e-01
7.265891432762145996e-01
-4.136982839554548264e-03
5.194555521011352539e-01
7.775886654853820801e-01
-1.602228917181491852e-02
5.648410320281982422e-01
7.453250885009765625e-01
-1.348151825368404388e-02
5.898301601409912109e-01
7.284370660781860352e-01
-7.499722763895988464e-03
6.102573275566101074e-01
7.152454257011413574e-01
-3.807777073234319687e-03
