4.015327692031860352e-01
6.248444914817810059e-01
-2.822630449372809380e-07
3.883508741855621338e-01
5.567261576652526855e-01
-3.929391968995332718e-03
3.945867717266082764e-01
4.931604266166687012e-01
-1.149530243128538132e-02
4.003975987434387207e-01
4.434686601161956787e-01
-1.865580305457115173e-02
3.923380672931671143e-01
4.074684679508209229e-01
-2.327088639140129089e-02
4.565988779067993164e-01
4.936232268810272217e-01
-1.339307893067598343e-02
4.856443703174591064e-01
4.580498635768890381e-01
-1.840158551931381226e-02
4.680452942848205566e-01
4.695494472980499268e-01
-2.089596353471279144e-02
4.538899362087249756e-01
4.868495464324951172e-01
-2.239330485463142395e-02
4.777338504791259766e-01
5.247230529785156250e-01
-1.464425399899482727e-02
4.970516860485076904e-01
4.897280633449554443e-01
-1.627191714942455292e-02
4.827762544155120850e-01
4.993392527103424072e-01
-1.572581194341182709e-02
4.727030098438262939e-01
5.166039466857910156e-01
-1.702377013862133026e-02
4.916293323040008545e-01
5.545603632926940918e-01
-1.526544429361820221e-02
5.081982016563415527e-01
5.217502117156982422e-01
-1.531263533979654312e-02
4.957337379455566406e-01
5.264969468116760254e-01
-1.097086537629365921e-02
4.831696748733520508e-01
5.407958626747131348e-01
-9.600916877388954163e-03
5.001985430717468262e-01
5.798047780990600586e-01
-1.600575819611549377e-02
5.338448286056518555e-01
5.546613335609436035e-01
-1.663482561707496643e-02
5.546075701713562012e-01
5.432955026626586914e-01
-1.459702476859092712e-02
5.717027783393859863e-01
5.371094942092895508e-01
-1.346457470208406448e-02
