4.070757925510406494e-01
4.734317660331726074e-01
-1.991976716908538947e-07
4.007097184658050537e-01
4.133116602897644043e-01
1.155846635811030865e-03
4.061049818992614746e-01
3.570013344287872314e-01
-4.592905286699533463e-03
4.095769822597503662e-01
3.114749789237976074e-01
-1.146946381777524948e-02
4.063369333744049072e-01
2.730635106563568115e-01
-1.652376912534236908e-02
4.651409089565277100e-01
3.372043371200561523e-01
-5.595646332949399948e-03
4.967492222785949707e-01
3.389877974987030029e-01
-6.317537277936935425e-03
4.935483932495117188e-01
3.543040156364440918e-01
-5.352289881557226181e-03
4.798986315727233887e-01
3.645671308040618896e-01
-4.801416769623756409e-03
4.823626875877380371e-01
3.626974523067474365e-01
-1.087128929793834686e-02
5.048657655715942383e-01
3.738543689250946045e-01
-7.478729356080293655e-03
4.946301579475402832e-01
3.882652223110198975e-01
-6.476744543761014938e-03
4.793987572193145752e-01
3.959898948669433594e-01
-8.987898938357830048e-03
4.940747320652008057e-01
3.970046937465667725e-01
-1.527584902942180634e-02
5.137665271759033203e-01
4.007737338542938232e-01
-1.548350416123867035e-02
5.016942024230957031e-01
4.144612550735473633e-01
-1.123055722564458847e-02
4.869945943355560303e-01
4.215970635414123535e-01
-1.026638690382242203e-02
5.013223886489868164e-01
4.336873292922973633e-01
-1.918788626790046692e-02
5.374556779861450195e-01
4.218849837779998779e-01
-2.081161737442016602e-02
5.598664283752441406e-01
4.182837009429931641e-01
-1.667004264891147614e-02
5.770626664161682129e-01
4.128317832946777344e-01
-1.380430068820714951e-02
