4.133433103561401367e-01
7.528008222579956055e-01
-3.375665755811496638e-07
3.890919983386993408e-01
6.701009273529052734e-01
3.201041137799620628e-03
3.820147514343261719e-01
5.882451534271240234e-01
-2.792263170704245567e-03
3.832241892814636230e-01
5.218645334243774414e-01
-9.590824134647846222e-03
3.759050965309143066e-01
4.748669266700744629e-01
-1.343536004424095154e-02
4.538472890853881836e-01
5.444456934928894043e-01
-4.356204066425561905e-03
5.012386441230773926e-01
5.302904844284057617e-01
-2.406073501333594322e-03
4.946276843547821045e-01
5.574016571044921875e-01
9.057175484485924244e-04
4.767425060272216797e-01
5.782030820846557617e-01
4.527990240603685379e-03
4.870004057884216309e-01
5.751305222511291504e-01
-9.285056963562965393e-03
5.192649364471435547e-01
5.704838037490844727e-01
1.386783551424741745e-03
5.105637907981872559e-01
5.941277742385864258e-01
5.374346394091844559e-03
4.959061443805694580e-01
6.127618551254272461e-01
4.137685988098382950e-03
5.133918523788452148e-01
6.130424737930297852e-01
-1.258577499538660049e-02
5.392569899559020996e-01
6.026250720024108887e-01
-4.884793888777494431e-03
5.291242003440856934e-01
6.241117715835571289e-01
7.337322458624839783e-04
5.128958821296691895e-01
6.416761875152587891e-01
1.463633379898965359e-03
5.357576608657836914e-01
6.521106362342834473e-01
-1.506726909428834915e-02
5.757348537445068359e-01
6.126371026039123535e-01
-7.651465013623237610e-03
6.000648140907287598e-01
5.929427742958068848e-01
8.156123221851885319e-04
6.172671318054199219e-01
5.743584632873535156e-01
6.062497850507497787e-03
