4.275040626525878906e-01
7.759219408035278320e-01
-3.261546623889444163e-07
4.053586125373840332e-01
6.847795844078063965e-01
-2.560451393947005272e-03
4.058477878570556641e-01
5.984203219413757324e-01
-9.071384556591510773e-03
4.152572154998779297e-01
5.289788246154785156e-01
-1.562631316483020782e-02
4.149801433086395264e-01
4.772517681121826172e-01
-1.855768635869026184e-02
4.940760731697082520e-01
5.769293904304504395e-01
-3.667412325739860535e-03
5.235437154769897461e-01
5.499374866485595703e-01
-4.219150636345148087e-03
5.054740905761718750e-01
5.699225664138793945e-01
-4.133050329983234406e-03
4.865973591804504395e-01
5.941140651702880859e-01
-2.847671508789062500e-03
5.261868238449096680e-01
6.161485314369201660e-01
-5.569009575992822647e-03
5.400164723396301270e-01
5.891245603561401367e-01
1.713743316940963268e-03
5.227829813957214355e-01
6.039004325866699219e-01
2.478881506249308586e-03
5.080863833427429199e-01
6.253737807273864746e-01
-7.903566583991050720e-04
5.486989617347717285e-01
6.601346731185913086e-01
-6.826693192124366760e-03
5.601443648338317871e-01
6.277999877929687500e-01
-3.603609278798103333e-03
5.439889430999755859e-01
6.407030820846557617e-01
-5.737926112487912178e-04
5.277372002601623535e-01
6.594812273979187012e-01
-9.163108770735561848e-04
5.659689307212829590e-01
7.026722431182861328e-01
-7.533064112067222595e-03
6.078261137008666992e-01
6.606714129447937012e-01
-4.201814532279968262e-03
6.339376568794250488e-01
6.451262235641479492e-01
1.518160104751586914e-03
6.542299389839172363e-01
6.335855126380920410e-01
5.126858130097389221e-03
