4.126830399036407471e-01
6.153450608253479004e-01
-1.844094157377185184e-07
3.987759053707122803e-01
5.481295585632324219e-01
-5.035140551626682281e-03
3.993787169456481934e-01
4.851908385753631592e-01
-1.488632429391145706e-02
3.991970419883728027e-01
4.322456717491149902e-01
-2.517474256455898285e-02
3.832255601882934570e-01
3.985924720764160156e-01
-3.308122605085372925e-02
4.585831165313720703e-01
4.805168211460113525e-01
-1.300582475960254669e-02
4.937158226966857910e-01
4.490250647068023682e-01
-1.990258693695068359e-02
4.807187914848327637e-01
4.635977149009704590e-01
-2.212635427713394165e-02
4.659034609794616699e-01
4.807115495204925537e-01
-2.259545773267745972e-02
4.803161323070526123e-01
5.120592713356018066e-01
-1.532441563904285431e-02
5.067775249481201172e-01
4.793798625469207764e-01
-1.959080249071121216e-02
4.938495457172393799e-01
4.896950423717498779e-01
-1.928574778139591217e-02
4.815163314342498779e-01
5.071901082992553711e-01
-1.953543163836002350e-02
4.959422945976257324e-01
5.428676605224609375e-01
-1.742869801819324493e-02
5.172277688980102539e-01
5.092985033988952637e-01
-1.957575790584087372e-02
5.068477988243103027e-01
5.170677900314331055e-01
-1.499803271144628525e-02
4.957265853881835938e-01
5.323680639266967773e-01
-1.230148039758205414e-02
5.071837306022644043e-01
5.707166194915771484e-01
-1.981803961098194122e-02
5.418194532394409180e-01
5.416388511657714844e-01
-2.020385302603244781e-02
5.619450211524963379e-01
5.275782346725463867e-01
-1.691516302525997162e-02
5.795120000839233398e-01
5.177896618843078613e-01
-1.455832272768020630e-02
