3.813811242580413818e-01
7.837861180305480957e-01
-3.103463939169159858e-07
3.532383143901824951e-01
7.022454738616943359e-01
-3.814596682786941528e-03
3.432260453701019287e-01
6.202564239501953125e-01
-1.408400293439626694e-02
3.410221934318542480e-01
5.493201017379760742e-01
-2.418762445449829102e-02
3.271848857402801514e-01
4.994952082633972168e-01
-3.054117225110530853e-02
4.044853746891021729e-01
5.783976316452026367e-01
-1.808184944093227386e-02
4.579865634441375732e-01
5.482957363128662109e-01
-2.318906970322132111e-02
4.509803652763366699e-01
5.791700482368469238e-01
-2.100211568176746368e-02
4.340621829032897949e-01
6.022332906723022461e-01
-1.806684769690036774e-02
4.399850964546203613e-01
6.118628978729248047e-01
-2.188218198716640472e-02
4.826051592826843262e-01
5.875242948532104492e-01
-2.038916759192943573e-02
4.737204313278198242e-01
6.131499409675598145e-01
-1.576597057282924652e-02
4.579217433929443359e-01
6.326007246971130371e-01
-1.533864066004753113e-02
4.702630043029785156e-01
6.501110196113586426e-01
-2.479439973831176758e-02
5.040534138679504395e-01
6.223917603492736816e-01
-2.530371770262718201e-02
4.955043196678161621e-01
6.435229778289794922e-01
-1.807369291782379150e-02
4.803392887115478516e-01
6.606036424636840820e-01
-1.490958221256732941e-02
4.970552325248718262e-01
6.881010532379150391e-01
-2.725503221154212952e-02
5.385958552360534668e-01
6.360419392585754395e-01
-2.684150636196136475e-02
5.632491111755371094e-01
6.097159981727600098e-01
-2.084323577582836151e-02
5.816866755485534668e-01
5.839558839797973633e-01
-1.677715405821800232e-02
