4.156082868576049805e-01
5.178841352462768555e-01
-2.197551935978481197e-07
4.064091145992279053e-01
4.541808962821960449e-01
-7.488153059966862202e-04
4.097955226898193359e-01
3.926625847816467285e-01
-7.663933560252189636e-03
4.113700091838836670e-01
3.452695906162261963e-01
-1.518237311393022537e-02
4.009396433830261230e-01
3.120064139366149902e-01
-2.073519118130207062e-02
4.723546206951141357e-01
3.794544041156768799e-01
-8.377457037568092346e-03
5.009086132049560547e-01
3.756093978881835938e-01
-1.024792529642581940e-02
4.899754524230957031e-01
3.896629214286804199e-01
-1.092664618045091629e-02
4.749872386455535889e-01
3.990666866302490234e-01
-1.181463990360498428e-02
4.891619086265563965e-01
4.099738597869873047e-01
-1.265548262745141983e-02
5.122088193893432617e-01
4.051260650157928467e-01
-1.126297097653150558e-02
5.008165240287780762e-01
4.172463715076446533e-01
-1.033358089625835419e-02
4.864748418331146240e-01
4.287369847297668457e-01
-1.222744025290012360e-02
5.003691315650939941e-01
4.439699053764343262e-01
-1.607565954327583313e-02
5.198131799697875977e-01
4.342764317989349365e-01
-1.536402944475412369e-02
5.090524554252624512e-01
4.454502165317535400e-01
-1.078613195568323135e-02
4.954165816307067871e-01
4.567102789878845215e-01
-9.596406482160091400e-03
5.081362128257751465e-01
4.773710966110229492e-01
-1.940503157675266266e-02
5.437831878662109375e-01
4.597562551498413086e-01
-1.989552192389965057e-02
5.656593441963195801e-01
4.519274234771728516e-01
-1.627436093986034393e-02
5.830863714218139648e-01
4.447890818119049072e-01
-1.414480805397033691e-02
