4.133264124393463135e-01
5.118653774261474609e-01
-2.930253799604543019e-07
4.075318574905395508e-01
4.503386914730072021e-01
-7.990410085767507553e-04
4.147030115127563477e-01
3.886502683162689209e-01
-7.007330656051635742e-03
4.208350777626037598e-01
3.427271246910095215e-01
-1.393186487257480621e-02
4.131322801113128662e-01
3.075313568115234375e-01
-1.924970373511314392e-02
4.813772737979888916e-01
3.855843842029571533e-01
-3.898240625858306885e-03
4.977909624576568604e-01
3.750700652599334717e-01
-7.438917178660631180e-03
4.824019372463226318e-01
3.850921392440795898e-01
-1.315357070416212082e-02
4.667863249778747559e-01
3.986239135265350342e-01
-1.764631643891334534e-02
4.951380789279937744e-01
4.158785045146942139e-01
-8.274290710687637329e-03
5.049158334732055664e-01
4.055615365505218506e-01
-7.370468229055404663e-03
4.908769726753234863e-01
4.131952226161956787e-01
-1.092810463160276413e-02
4.767013192176818848e-01
4.275504350662231445e-01
-1.638166792690753937e-02
5.028573870658874512e-01
4.504839181900024414e-01
-1.209004782140254974e-02
5.156829357147216797e-01
4.388454258441925049e-01
-1.263202447444200516e-02
5.021797418594360352e-01
4.444856941699981689e-01
-1.144165080040693283e-02
4.870716929435729980e-01
4.566055834293365479e-01
-1.269138790667057037e-02
5.074933171272277832e-01
4.845808148384094238e-01
-1.579427160322666168e-02
5.433763265609741211e-01
4.726639986038208008e-01
-1.716063171625137329e-02
5.672422051429748535e-01
4.667880535125732422e-01
-1.553224213421344757e-02
5.870635509490966797e-01
4.628394842147827148e-01
-1.500411145389080048e-02
