4.449039399623870850e-01
7.637498378753662109e-01
-3.789648701513215201e-07
4.286163747310638428e-01
6.714377403259277344e-01
6.006871350109577179e-03
4.279148578643798828e-01
5.886252522468566895e-01
4.870366770774126053e-03
4.386833906173706055e-01
5.232086181640625000e-01
3.187758382409811020e-03
4.466774165630340576e-01
4.823411107063293457e-01
4.596660844981670380e-03
5.100890994071960449e-01
5.592444539070129395e-01
3.020047442987561226e-03
5.549441576004028320e-01
5.578034520149230957e-01
1.618134044110774994e-02
5.457994937896728516e-01
5.836073756217956543e-01
2.731824852526187897e-02
5.267716646194458008e-01
5.999057292938232422e-01
3.485093638300895691e-02
5.418407320976257324e-01
5.956766009330749512e-01
3.330839172122068703e-05
5.686361193656921387e-01
6.074588298797607422e-01
2.095252275466918945e-02
5.539737939834594727e-01
6.292484998703002930e-01
2.622145041823387146e-02
5.356386899948120117e-01
6.422095894813537598e-01
2.430582605302333832e-02
5.644375085830688477e-01
6.405908465385437012e-01
-9.568857058184221387e-05
5.850464701652526855e-01
6.458879113197326660e-01
1.550744008272886276e-02
5.679728388786315918e-01
6.666418313980102539e-01
1.958026364445686340e-02
5.472688674926757812e-01
6.793155670166015625e-01
1.763756200671195984e-02
5.810458064079284668e-01
6.872334480285644531e-01
1.108394935727119446e-03
6.226595640182495117e-01
6.594451069831848145e-01
1.257065590471029282e-02
6.488214135169982910e-01
6.478978991508483887e-01
2.129171974956989288e-02
6.675913333892822266e-01
6.378183960914611816e-01
2.649291791021823883e-02
