3.989812731742858887e-01
6.481678485870361328e-01
-2.125592146740018507e-07
3.897865414619445801e-01
5.799233317375183105e-01
-5.183254834264516830e-03
3.972065448760986328e-01
5.157644748687744141e-01
-1.363090146332979202e-02
4.039781987667083740e-01
4.660764336585998535e-01
-2.160495147109031677e-02
3.952031135559082031e-01
4.307808876037597656e-01
-2.683217264711856842e-02
4.550592303276062012e-01
5.199844837188720703e-01
-1.597530767321586609e-02
4.904767870903015137e-01
4.858846366405487061e-01
-2.276376821100711823e-02
4.738025367259979248e-01
4.980446696281433105e-01
-2.481149695813655853e-02
4.575138986110687256e-01
5.146005153656005859e-01
-2.512647770345211029e-02
4.754143655300140381e-01
5.521714687347412109e-01
-1.716151833534240723e-02
5.011188387870788574e-01
5.193935632705688477e-01
-2.113116346299648285e-02
4.867313206195831299e-01
5.277661085128784180e-01
-2.078749798238277435e-02
4.735581874847412109e-01
5.448597669601440430e-01
-2.126212231814861298e-02
4.891976714134216309e-01
5.825147628784179688e-01
-1.785051263868808746e-02
5.091040134429931641e-01
5.517244338989257812e-01
-1.980164647102355957e-02
4.965616762638092041e-01
5.565435290336608887e-01
-1.564944349229335785e-02
4.831962585449218750e-01
5.710875988006591797e-01
-1.340729463845491409e-02
4.980589747428894043e-01
6.083103418350219727e-01
-1.874564960598945618e-02
5.336149930953979492e-01
5.838119983673095703e-01
-2.046709507703781128e-02
5.549203157424926758e-01
5.748457908630371094e-01
-1.862171478569507599e-02
5.732382535934448242e-01
5.714307427406311035e-01
-1.710833609104156494e-02
