4.230761528015136719e-01
7.463170886039733887e-01
-3.912945203410345130e-07
4.070923030376434326e-01
6.552662253379821777e-01
1.962009118869900703e-03
4.116643369197845459e-01
5.711042881011962891e-01
-4.800158552825450897e-03
4.204416573047637939e-01
5.013299584388732910e-01
-1.126236282289028168e-02
4.145015478134155273e-01
4.497084021568298340e-01
-1.434434950351715088e-02
4.889858961105346680e-01
5.443791151046752930e-01
-1.267250720411539078e-02
5.352640748023986816e-01
5.393359661102294922e-01
-7.712334860116243362e-03
5.221025943756103516e-01
5.664402842521667480e-01
-1.148740630014799535e-04
5.015155076980590820e-01
5.827085971832275391e-01
4.883276764303445816e-03
5.181738734245300293e-01
5.864927768707275391e-01
-1.644761487841606140e-02
5.517272949218750000e-01
5.830855369567871094e-01
-4.661428742110729218e-03
5.365681052207946777e-01
6.043080687522888184e-01
2.610816853120923042e-03
5.179877281188964844e-01
6.192426085472106934e-01
2.700765617191791534e-03
5.387253761291503906e-01
6.347194910049438477e-01
-1.755960471928119659e-02
5.667832493782043457e-01
6.207553744316101074e-01
-8.301066234707832336e-03
5.529041886329650879e-01
6.397611498832702637e-01
1.127919415012001991e-03
5.343840122222900391e-01
6.540795564651489258e-01
3.070361679419875145e-03
5.539903044700622559e-01
6.814243197441101074e-01
-1.776369288563728333e-02
5.991153717041015625e-01
6.425182223320007324e-01
-1.162133086472749710e-02
6.252847909927368164e-01
6.243602037429809570e-01
-2.747888211160898209e-03
6.451340317726135254e-01
6.050462722778320312e-01
2.317522419616580009e-03
