4.079327285289764404e-01
5.221354961395263672e-01
-1.915390441808995092e-07
4.012301266193389893e-01
4.551159441471099854e-01
-4.403077065944671631e-03
4.057115912437438965e-01
3.928885459899902344e-01
-1.368857827037572861e-02
4.079375565052032471e-01
3.434437513351440430e-01
-2.293010987341403961e-02
4.004863798618316650e-01
3.038186132907867432e-01
-3.043884038925170898e-02
4.784326553344726562e-01
3.777572512626647949e-01
-6.129256915301084518e-03
4.843924939632415771e-01
3.730285167694091797e-01
-8.279077708721160889e-03
4.690926671028137207e-01
3.896187543869018555e-01
-1.504160743206739426e-02
4.555506706237792969e-01
4.028933048248291016e-01
-2.045826986432075500e-02
4.941118359565734863e-01
4.094810783863067627e-01
-8.941472508013248444e-03
4.931022822856903076e-01
4.060322046279907227e-01
-5.283421836793422699e-03
4.801841080188751221e-01
4.180487990379333496e-01
-1.002315059304237366e-02
4.677713811397552490e-01
4.326247572898864746e-01
-1.717423647642135620e-02
5.007683634757995605e-01
4.465826749801635742e-01
-1.101860031485557556e-02
5.034606456756591797e-01
4.394253492355346680e-01
-9.391655214130878448e-03
4.908547103404998779e-01
4.491625428199768066e-01
-9.318561293184757233e-03
4.771591722965240479e-01
4.621803760528564453e-01
-1.178011111915111542e-02
5.046071410179138184e-01
4.825420975685119629e-01
-1.326705049723386765e-02
5.375155806541442871e-01
4.682377874851226807e-01
-1.211610250174999237e-02
5.598006844520568848e-01
4.599864780902862549e-01
-8.793048560619354248e-03
5.772356986999511719e-01
4.535531997680664062e-01
-7.313076406717300415e-03
