4.219319224357604980e-01
7.403716444969177246e-01
-3.834246626865933649e-07
4.057390093803405762e-01
6.493029594421386719e-01
2.052090829238295555e-03
4.097419679164886475e-01
5.645717978477478027e-01
-4.465642850846052170e-03
4.187964797019958496e-01
4.947251379489898682e-01
-1.055991835892200470e-02
4.127559959888458252e-01
4.426453113555908203e-01
-1.305218320339918137e-02
4.867094457149505615e-01
5.374287962913513184e-01
-1.208780799061059952e-02
5.331993103027343750e-01
5.337878465652465820e-01
-5.896669346839189529e-03
5.191492438316345215e-01
5.606905221939086914e-01
2.663179300725460052e-03
4.984594285488128662e-01
5.772019624710083008e-01
7.982475683093070984e-03
5.168073177337646484e-01
5.791220664978027344e-01
-1.590193249285221100e-02
5.497004985809326172e-01
5.769730210304260254e-01
-3.231118200346827507e-03
5.341652035713195801e-01
5.972679257392883301e-01
4.538144916296005249e-03
5.157392024993896484e-01
6.132102012634277344e-01
4.690509289503097534e-03
5.378391742706298828e-01
6.268932223320007324e-01
-1.704082265496253967e-02
5.649007558822631836e-01
6.137879490852355957e-01
-7.122949697077274323e-03
5.506329536437988281e-01
6.319018006324768066e-01
2.773021813482046127e-03
5.318979024887084961e-01
6.470182538032531738e-01
4.704202525317668915e-03
5.535404682159423828e-01
6.730550527572631836e-01
-1.733184233307838440e-02
5.988910198211669922e-01
6.350341439247131348e-01
-1.123630162328481674e-02
6.253945827484130859e-01
6.168582439422607422e-01
-2.359404927119612694e-03
6.453413963317871094e-01
5.977252721786499023e-01
2.541646361351013184e-03
