4.159536063671112061e-01
6.202323436737060547e-01
-2.216725789594420348e-07
4.101091027259826660e-01
5.523783564567565918e-01
-3.589417319744825363e-03
4.173430800437927246e-01
4.882816672325134277e-01
-1.151767279952764511e-02
4.256533086299896240e-01
4.394825100898742676e-01
-1.935219950973987579e-02
4.198566079139709473e-01
4.040904343128204346e-01
-2.482613176107406616e-02
4.797925055027008057e-01
4.912265837192535400e-01
-1.353080663830041885e-02
5.118773579597473145e-01
4.714974164962768555e-01
-1.862760633230209351e-02
4.963840246200561523e-01
4.827331900596618652e-01
-2.095620334148406982e-02
4.798612594604492188e-01
4.957062304019927979e-01
-2.225244231522083282e-02
4.976197481155395508e-01
5.259588956832885742e-01
-1.579306833446025848e-02
5.200821757316589355e-01
5.053341984748840332e-01
-1.671590097248554230e-02
5.067743062973022461e-01
5.132056474685668945e-01
-1.600942574441432953e-02
4.935013651847839355e-01
5.278648138046264648e-01
-1.768719963729381561e-02
5.089616179466247559e-01
5.600229501724243164e-01
-1.744485646486282349e-02
5.274884700775146484e-01
5.383748412132263184e-01
-1.781555265188217163e-02
5.157281160354614258e-01
5.436624884605407715e-01
-1.354064419865608215e-02
5.019573569297790527e-01
5.571004152297973633e-01
-1.225248072296380997e-02
5.158904790878295898e-01
5.906780958175659180e-01
-1.923357695341110229e-02
5.519154071807861328e-01
5.713151693344116211e-01
-2.050865814089775085e-02
5.733509659767150879e-01
5.647711753845214844e-01
-1.793918199837207794e-02
5.910292267799377441e-01
5.631148219108581543e-01
-1.631010323762893677e-02
