4.178948104381561279e-01
5.248497724533081055e-01
-2.144731894304641173e-07
4.081984758377075195e-01
4.609372615814208984e-01
-2.249621757073327899e-04
4.098235666751861572e-01
3.990558385848999023e-01
-6.890839431434869766e-03
4.099451601505279541e-01
3.506215512752532959e-01
-1.445770543068647385e-02
3.980803489685058594e-01
3.177537322044372559e-01
-2.015574462711811066e-02
4.726421833038330078e-01
3.853034377098083496e-01
-5.446854047477245331e-03
5.006682872772216797e-01
3.802437186241149902e-01
-7.471590768545866013e-03
4.903612434864044189e-01
3.954264521598815918e-01
-9.689224883913993835e-03
4.756328165531158447e-01
4.057897925376892090e-01
-1.153703033924102783e-02
4.904617369174957275e-01
4.148483574390411377e-01
-9.808866307139396667e-03
5.126401185989379883e-01
4.106412827968597412e-01
-6.630494724959135056e-03
5.022094845771789551e-01
4.226558804512023926e-01
-6.035560742020606995e-03
4.879903495311737061e-01
4.343992173671722412e-01
-8.675415068864822388e-03
5.024901032447814941e-01
4.485731720924377441e-01
-1.349689904600381851e-02
5.204464197158813477e-01
4.397275149822235107e-01
-1.135093346238136292e-02
5.099465847015380859e-01
4.512009918689727783e-01
-7.130981888622045517e-03
4.962661862373352051e-01
4.632492065429687500e-01
-6.583878770470619202e-03
5.110456347465515137e-01
4.823716580867767334e-01
-1.718021929264068604e-02
5.461136102676391602e-01
4.647106826305389404e-01
-1.604362763464450836e-02
5.677494406700134277e-01
4.565279483795166016e-01
-1.177514623850584030e-02
5.848412513732910156e-01
4.494806230068206787e-01
-9.517778642475605011e-03
