4.053084552288055420e-01
4.901627898216247559e-01
-2.262543148390250280e-07
3.943781554698944092e-01
4.294827282428741455e-01
5.989267956465482712e-04
3.959932327270507812e-01
3.726642727851867676e-01
-5.190005991607904434e-03
3.967168033123016357e-01
3.291093111038208008e-01
-1.214741542935371399e-02
3.920094072818756104e-01
2.943694293498992920e-01
-1.724222116172313690e-02
4.552271068096160889e-01
3.481180667877197266e-01
-2.376682590693235397e-03
4.829777479171752930e-01
3.540569543838500977e-01
-3.227007575333118439e-03
4.762226343154907227e-01
3.726339042186737061e-01
-4.633357748389244080e-03
4.619523286819458008e-01
3.835374116897583008e-01
-5.795293953269720078e-03
4.724952578544616699e-01
3.728734254837036133e-01
-7.748881354928016663e-03
4.944917559623718262e-01
3.834873735904693604e-01
-3.948343452066183090e-03
4.845926761627197266e-01
3.989124298095703125e-01
-4.359970800578594208e-03
4.696688652038574219e-01
4.073594212532043457e-01
-7.661947514861822128e-03
4.849183857440948486e-01
4.047940671443939209e-01
-1.258955989032983780e-02
5.044700503349304199e-01
4.092670977115631104e-01
-1.126661617308855057e-02
4.929558336734771729e-01
4.243854880332946777e-01
-8.127203211188316345e-03
4.784616231918334961e-01
4.330180883407592773e-01
-7.978185079991817474e-03
4.939759671688079834e-01
4.386400580406188965e-01
-1.726099289953708649e-02
5.268242359161376953e-01
4.235389232635498047e-01
-1.655105687677860260e-02
5.475944876670837402e-01
4.161572754383087158e-01
-1.213349960744380951e-02
5.634319782257080078e-01
4.086517393589019775e-01
-9.402504190802574158e-03
