4.063413739204406738e-01
5.442070960998535156e-01
-2.750872738488396863e-07
3.958178460597991943e-01
4.775523543357849121e-01
-3.380501875653862953e-03
3.968323469161987305e-01
4.157327413558959961e-01
-1.159842126071453094e-02
3.982785344123840332e-01
3.672144711017608643e-01
-1.995925977826118469e-02
3.914055228233337402e-01
3.305523395538330078e-01
-2.670023962855339050e-02
4.693344831466674805e-01
4.074563980102539062e-01
-5.704092793166637421e-03
4.683494567871093750e-01
3.894058763980865479e-01
-9.439839981496334076e-03
4.524572193622589111e-01
4.057687819004058838e-01
-1.614697836339473724e-02
4.414524137973785400e-01
4.236168265342712402e-01
-2.079323120415210724e-02
4.851751327514648438e-01
4.362870454788208008e-01
-8.650165982544422150e-03
4.794709682464599609e-01
4.198774993419647217e-01
-7.686523254960775375e-03
4.663195312023162842e-01
4.302846193313598633e-01
-1.265651732683181763e-02
4.547633230686187744e-01
4.486869573593139648e-01
-1.895410753786563873e-02
4.937979280948638916e-01
4.692122936248779297e-01
-1.098089572042226791e-02
4.946589469909667969e-01
4.507420361042022705e-01
-1.160219497978687286e-02
4.821646511554718018e-01
4.576022922992706299e-01
-1.229651365429162979e-02
4.700990617275238037e-01
4.729091525077819824e-01
-1.428572367876768112e-02
4.989539980888366699e-01
5.005059838294982910e-01
-1.324937958270311356e-02
5.289804935455322266e-01
4.813274145126342773e-01
-1.321855094283819199e-02
5.492569208145141602e-01
4.716838598251342773e-01
-1.080365292727947235e-02
5.665609240531921387e-01
4.655324518680572510e-01
-9.470528922975063324e-03
