3.970675468444824219e-01
6.678466796875000000e-01
-1.914283416226680856e-07
3.874593973159790039e-01
6.005193591117858887e-01
-3.951443359255790710e-03
3.945251107215881348e-01
5.381710529327392578e-01
-1.229184214025735855e-02
4.002952873706817627e-01
4.885162115097045898e-01
-2.068901434540748596e-02
3.894445300102233887e-01
4.551559686660766602e-01
-2.653038501739501953e-02
4.547324478626251221e-01
5.390361547470092773e-01
-1.349369250237941742e-02
4.885211884975433350e-01
5.052092671394348145e-01
-1.938150264322757721e-02
4.738985598087310791e-01
5.180203318595886230e-01
-2.118294686079025269e-02
4.594846367835998535e-01
5.338999629020690918e-01
-2.187746018171310425e-02
4.746120870113372803e-01
5.715053677558898926e-01
-1.581076160073280334e-02
5.006995201110839844e-01
5.369617938995361328e-01
-1.950336992740631104e-02
4.863970279693603516e-01
5.457276701927185059e-01
-1.865643821656703949e-02
4.735364913940429688e-01
5.622870922088623047e-01
-1.881399378180503845e-02
4.873698353767395020e-01
6.029405593872070312e-01
-1.766034029424190521e-02
5.087929964065551758e-01
5.681741237640380859e-01
-1.908256672322750092e-02
4.966116547584533691e-01
5.733397603034973145e-01
-1.359602436423301697e-02
4.840883314609527588e-01
5.873865485191345215e-01
-1.066906098276376724e-02
4.950121641159057617e-01
6.308140158653259277e-01
-1.976477727293968201e-02
5.309225320816040039e-01
6.050174832344055176e-01
-2.093938179314136505e-02
5.522905588150024414e-01
5.936916470527648926e-01
-1.822708174586296082e-02
5.710638165473937988e-01
5.868941545486450195e-01
-1.630359329283237457e-02
