4.258045852184295654e-01
7.562316656112670898e-01
-3.985419709806592437e-07
4.088151752948760986e-01
6.652503609657287598e-01
-1.725196023471653461e-03
4.132759571075439453e-01
5.804389715194702148e-01
-1.055664755403995514e-02
4.234654903411865234e-01
5.101349949836730957e-01
-1.860964298248291016e-02
4.177458286285400391e-01
4.580641388893127441e-01
-2.311379089951515198e-02
4.934079647064208984e-01
5.523384213447570801e-01
-1.681187376379966736e-02
5.390310883522033691e-01
5.491361618041992188e-01
-1.508032903075218201e-02
5.246602296829223633e-01
5.758616328239440918e-01
-1.024233177304267883e-02
5.032423138618469238e-01
5.927716493606567383e-01
-7.036309223622083664e-03
5.232458114624023438e-01
5.959361195564270020e-01
-2.003583312034606934e-02
5.548717379570007324e-01
5.921449661254882812e-01
-1.125241257250308990e-02
5.391103029251098633e-01
6.129276752471923828e-01
-5.647755227982997894e-03
5.197232961654663086e-01
6.287767291069030762e-01
-6.519260350614786148e-03
5.437382459640502930e-01
6.448792219161987305e-01
-2.103672735393047333e-02
5.692600011825561523e-01
6.304996609687805176e-01
-1.486941333860158920e-02
5.542485117912292480e-01
6.485781669616699219e-01
-6.354831624776124954e-03
5.347896814346313477e-01
6.638920307159423828e-01
-4.455480258911848068e-03
5.590279698371887207e-01
6.920176148414611816e-01
-2.149834111332893372e-02
6.047499775886535645e-01
6.539506316184997559e-01
-1.798830367624759674e-02
6.309713125228881836e-01
6.350460648536682129e-01
-1.013982761651277542e-02
6.502492427825927734e-01
6.160184144973754883e-01
-5.409614648669958115e-03
