4.148286581039428711e-01
7.228121757507324219e-01
-3.639864019078231649e-07
3.935582935810089111e-01
6.346644759178161621e-01
2.050340641289949417e-03
3.924901485443115234e-01
5.536370277404785156e-01
-3.464340697973966599e-03
3.980939388275146484e-01
4.876530170440673828e-01
-8.620009757578372955e-03
3.905041515827178955e-01
4.389543533325195312e-01
-1.122345402836799622e-02
4.750967323780059814e-01
5.222223997116088867e-01
-4.632660187780857086e-03
5.029925704002380371e-01
5.146959424018859863e-01
1.974929822608828545e-03
4.890127480030059814e-01
5.379105806350708008e-01
5.919025745242834091e-03
4.714726209640502930e-01
5.566081404685974121e-01
7.885385304689407349e-03
5.060921907424926758e-01
5.597209930419921875e-01
-7.315778639167547226e-03
5.174185037612915039e-01
5.575531125068664551e-01
7.336500100791454315e-03
5.023564696311950684e-01
5.751113295555114746e-01
9.944976307451725006e-03
4.883674979209899902e-01
5.932479500770568848e-01
5.722168367356061935e-03
5.263736248016357422e-01
6.054956912994384766e-01
-7.380387745797634125e-03
5.325372815132141113e-01
5.939860343933105469e-01
3.275394905358552933e-03
5.163753032684326172e-01
6.102147698402404785e-01
9.084843099117279053e-03
5.002655386924743652e-01
6.267749667167663574e-01
8.140441961586475372e-03
5.408508777618408203e-01
6.507062315940856934e-01
-6.477672141045331955e-03
5.789932012557983398e-01
6.143551468849182129e-01
6.956830620765686035e-04
6.021471023559570312e-01
5.978571772575378418e-01
9.689817205071449280e-03
6.198329925537109375e-01
5.819097757339477539e-01
1.457107253372669220e-02
