3.973393142223358154e-01
6.691145300865173340e-01
-1.968493563708761940e-07
3.869069218635559082e-01
6.014298200607299805e-01
-4.135654307901859283e-03
3.939725756645202637e-01
5.384895801544189453e-01
-1.222598645836114883e-02
3.999074399471282959e-01
4.877559840679168701e-01
-2.027514390647411346e-02
3.894059956073760986e-01
4.533680677413940430e-01
-2.559397555887699127e-02
4.542544484138488770e-01
5.384864807128906250e-01
-1.334089040756225586e-02
4.882865846157073975e-01
5.046280622482299805e-01
-1.857178844511508942e-02
4.728553593158721924e-01
5.179824829101562500e-01
-1.945067569613456726e-02
4.582382738590240479e-01
5.343461036682128906e-01
-1.956222206354141235e-02
4.742049574851989746e-01
5.706406831741333008e-01
-1.544260047376155853e-02
4.999748468399047852e-01
5.366410613059997559e-01
-1.886213012039661407e-02
4.850682318210601807e-01
5.454603433609008789e-01
-1.768222637474536896e-02
4.717848896980285645e-01
5.616795420646667480e-01
-1.758691109716892242e-02
4.867800772190093994e-01
6.019168496131896973e-01
-1.708286255598068237e-02
5.079005360603332520e-01
5.677709579467773438e-01
-1.859666779637336731e-02
4.953551888465881348e-01
5.727297067642211914e-01
-1.332559250295162201e-02
4.825561344623565674e-01
5.863081812858581543e-01
-1.049343962222337723e-02
4.942419826984405518e-01
6.294991970062255859e-01
-1.896211132407188416e-02
5.304542779922485352e-01
6.049877405166625977e-01
-2.040975540876388550e-02
5.519489645957946777e-01
5.939058661460876465e-01
-1.811398565769195557e-02
5.706967711448669434e-01
5.870951414108276367e-01
-1.646468602120876312e-02
