3.933460116386413574e-01
8.169633746147155762e-01
-2.960228755455318606e-07
3.826319277286529541e-01
7.308489680290222168e-01
-4.279505927115678787e-03
3.926136493682861328e-01
6.529897451400756836e-01
-1.382286380976438522e-02
4.064112007617950439e-01
5.896117091178894043e-01
-2.259586192667484283e-02
4.042491912841796875e-01
5.409220457077026367e-01
-2.812035195529460907e-02
4.701492786407470703e-01
6.563463807106018066e-01
-1.606171764433383942e-02
5.088629722595214844e-01
6.271495819091796875e-01
-1.964495889842510223e-02
4.898791909217834473e-01
6.389558315277099609e-01
-1.892771571874618530e-02
4.717616438865661621e-01
6.562672257423400879e-01
-1.750835962593555450e-02
4.943561851978302002e-01
6.997801661491394043e-01
-1.719893328845500946e-02
5.217127799987792969e-01
6.685137152671813965e-01
-1.602302864193916321e-02
5.035650730133056641e-01
6.760832071304321289e-01
-1.337461732327938080e-02
4.884071946144104004e-01
6.932152509689331055e-01
-1.372736413031816483e-02
5.094498395919799805e-01
7.412309050559997559e-01
-1.707053370773792267e-02
5.313627719879150391e-01
7.073395252227783203e-01
-1.535915490239858627e-02
5.157452225685119629e-01
7.117157578468322754e-01
-9.054879657924175262e-03
5.004855394363403320e-01
7.257981896400451660e-01
-6.651883013546466827e-03
5.193797349929809570e-01
7.773947119712829590e-01
-1.661815494298934937e-02
5.632863640785217285e-01
7.442908883094787598e-01
-1.497694384306669235e-02
5.877089500427246094e-01
7.278898954391479492e-01
-9.442780166864395142e-03
6.087779402732849121e-01
7.152737379074096680e-01
-5.698558408766984940e-03
