4.014514684677124023e-01
5.894047617912292480e-01
-3.411831528410402825e-07
3.900944292545318604e-01
5.223164558410644531e-01
1.378229120746254921e-03
3.950232267379760742e-01
4.610646069049835205e-01
-3.928462043404579163e-03
4.006825089454650879e-01
4.165212213993072510e-01
-9.765509516000747681e-03
3.941282629966735840e-01
3.862768709659576416e-01
-1.387032773345708847e-02
4.585969448089599609e-01
4.571467638015747070e-01
-9.309886023402214050e-03
4.804345667362213135e-01
4.273715615272521973e-01
-1.328917406499385834e-02
4.647412896156311035e-01
4.392321109771728516e-01
-1.634166203439235687e-02
4.516929984092712402e-01
4.567860960960388184e-01
-1.797949522733688354e-02
4.782923758029937744e-01
4.875911176204681396e-01
-1.271183229982852936e-02
4.911565780639648438e-01
4.570905566215515137e-01
-1.174803357571363449e-02
4.774804413318634033e-01
4.657862186431884766e-01
-1.123136840760707855e-02
4.666140377521514893e-01
4.828352928161621094e-01
-1.329049561172723770e-02
4.912996888160705566e-01
5.183590650558471680e-01
-1.493451744318008423e-02
5.032597780227661133e-01
4.880310297012329102e-01
-1.327769923955202103e-02
4.909155666828155518e-01
4.928849637508392334e-01
-9.511906653642654419e-03
4.783557057380676270e-01
5.077594518661499023e-01
-9.082105010747909546e-03
4.999164938926696777e-01
5.451540946960449219e-01
-1.675025932490825653e-02
5.333290696144104004e-01
5.203607678413391113e-01
-1.570507884025573730e-02
5.541075468063354492e-01
5.090122222900390625e-01
-1.270451582968235016e-02
5.709663629531860352e-01
5.023645162582397461e-01
-1.117435097694396973e-02
