4.038703441619873047e-01
6.128457188606262207e-01
-2.379246524242262240e-07
3.941377401351928711e-01
5.447790622711181641e-01
-3.918573260307312012e-03
3.991409242153167725e-01
4.826877713203430176e-01
-1.179402880370616913e-02
4.054089486598968506e-01
4.352508187294006348e-01
-1.904806867241859436e-02
3.977980613708496094e-01
4.016294479370117188e-01
-2.358517237007617950e-02
4.624842405319213867e-01
4.860797524452209473e-01
-1.629520952701568604e-02
4.887249767780303955e-01
4.501581192016601562e-01
-2.130901999771595001e-02
4.697262644767761230e-01
4.630108475685119629e-01
-2.245118282735347748e-02
4.550811648368835449e-01
4.807327687740325928e-01
-2.261909842491149902e-02
4.824467301368713379e-01
5.164083242416381836e-01
-1.755426079034805298e-02
4.970245063304901123e-01
4.840527176856994629e-01
-1.804550550878047943e-02
4.828456044197082520e-01
4.939236640930175781e-01
-1.673191972076892853e-02
4.731724560260772705e-01
5.098226666450500488e-01
-1.820747181773185730e-02
4.955226182937622070e-01
5.464183688163757324e-01
-1.790999993681907654e-02
5.066361427307128906e-01
5.165107250213623047e-01
-1.811392791569232941e-02
4.936206340789794922e-01
5.217158198356628418e-01
-1.393198780715465546e-02
4.811862409114837646e-01
5.349521636962890625e-01
-1.282338798046112061e-02
5.040773153305053711e-01
5.720883011817932129e-01
-1.825399324297904968e-02
5.367407798767089844e-01
5.482308268547058105e-01
-1.924095116555690765e-02
5.571558475494384766e-01
5.410816073417663574e-01
-1.683318614959716797e-02
5.744451284408569336e-01
5.379201173782348633e-01
-1.533131487667560577e-02
