3.939976096153259277e-01
7.585824728012084961e-01
-3.202154630344011821e-07
3.672659695148468018e-01
6.768211126327514648e-01
-1.599928946234285831e-03
3.596281707286834717e-01
5.984079837799072266e-01
-1.015423331409692764e-02
3.615106940269470215e-01
5.303641557693481445e-01
-1.806969381868839264e-02
3.523952662944793701e-01
4.812659919261932373e-01
-2.241984941065311432e-02
4.302177727222442627e-01
5.538254380226135254e-01
-1.495449710637331009e-02
4.738166034221649170e-01
5.337162017822265625e-01
-1.336411386728286743e-02
4.653563499450683594e-01
5.612333416938781738e-01
-7.966521196067333221e-03
4.493691921234130859e-01
5.812264680862426758e-01
-4.342098720371723175e-03
4.642970263957977295e-01
5.876168608665466309e-01
-1.817931421101093292e-02
4.957157969474792480e-01
5.717729926109313965e-01
-1.011318992823362350e-02
4.848133325576782227e-01
5.950512290000915527e-01
-3.886286867782473564e-03
4.704005420207977295e-01
6.138365864753723145e-01
-3.995443694293498993e-03
4.906249046325683594e-01
6.278625130653381348e-01
-1.961433887481689453e-02
5.143206119537353516e-01
6.053338050842285156e-01
-1.427777297794818878e-02
5.041444897651672363e-01
6.250452399253845215e-01
-5.903158802539110184e-03
4.897732138633728027e-01
6.430165171623229980e-01
-3.785554319620132446e-03
5.119658112525939941e-01
6.677494645118713379e-01
-2.048652991652488708e-02
5.510643720626831055e-01
6.204447746276855469e-01
-1.790616102516651154e-02
5.746909976005554199e-01
5.977309346199035645e-01
-1.091365795582532883e-02
5.926067829132080078e-01
5.758374333381652832e-01
-6.657834630459547043e-03
