4.002328813076019287e-01
4.303890466690063477e-01
-1.072305977345422434e-07
3.900275230407714844e-01
3.725420832633972168e-01
-2.402846002951264381e-03
3.914490044116973877e-01
3.184959590435028076e-01
-9.966297075152397156e-03
3.911843299865722656e-01
2.752025127410888672e-01
-1.847398094832897186e-02
3.829292356967926025e-01
2.437236607074737549e-01
-2.530634962022304535e-02
4.425493776798248291e-01
2.957897484302520752e-01
-8.820044808089733124e-03
4.787907600402832031e-01
2.977470457553863525e-01
-1.439981348812580109e-02
4.810118675231933594e-01
3.151861429214477539e-01
-1.695482805371284485e-02
4.726656079292297363e-01
3.270431160926818848e-01
-1.805510371923446655e-02
4.597872495651245117e-01
3.219882845878601074e-01
-1.366636995226144791e-02
4.912766516208648682e-01
3.243430554866790771e-01
-1.660828851163387299e-02
4.861721992492675781e-01
3.408052623271942139e-01
-1.705648563802242279e-02
4.737823009490966797e-01
3.517152667045593262e-01
-1.857498474419116974e-02
4.736409187316894531e-01
3.536489009857177734e-01
-1.845481060445308685e-02
5.013908743858337402e-01
3.493936657905578613e-01
-2.289055660367012024e-02
4.938157796859741211e-01
3.634456396102905273e-01
-1.932771876454353333e-02
4.816946387290954590e-01
3.734191358089447021e-01
-1.705859415233135223e-02
4.846727550029754639e-01
3.872310519218444824e-01
-2.326306700706481934e-02
5.216675996780395508e-01
3.718216121196746826e-01
-2.578856796026229858e-02
5.437152385711669922e-01
3.631973862648010254e-01
-2.231289818882942200e-02
5.609678626060485840e-01
3.535661399364471436e-01
-1.964872889220714569e-02
