3.909190595149993896e-01
7.781239151954650879e-01
-3.397435932583903195e-07
3.627496361732482910e-01
6.927784681320190430e-01
2.344153588637709618e-03
3.538460433483123779e-01
6.129572391510009766e-01
-4.903391003608703613e-03
3.539333939552307129e-01
5.421288609504699707e-01
-1.206567417830228806e-02
3.434602022171020508e-01
4.923301339149475098e-01
-1.571046188473701477e-02
4.225368797779083252e-01
5.714077353477478027e-01
-1.503090746700763702e-02
4.711321294307708740e-01
5.478758811950683594e-01
-1.021346170455217361e-02
4.632732570171356201e-01
5.771625041961669922e-01
-1.790723326848819852e-04
4.463592171669006348e-01
5.981794595718383789e-01
6.576375104486942291e-03
4.575557112693786621e-01
6.046542525291442871e-01
-1.947287842631340027e-02
4.934827089309692383e-01
5.875573158264160156e-01
-8.429070934653282166e-03
4.824139475822448730e-01
6.115350127220153809e-01
7.619932875968515873e-04
4.676734209060668945e-01
6.297076344490051270e-01
2.008545212447643280e-03
4.855511784553527832e-01
6.444896459579467773e-01
-2.132932841777801514e-02
5.132233500480651855e-01
6.202254891395568848e-01
-1.285187155008316040e-02
5.030705928802490234e-01
6.413763761520385742e-01
-2.388408407568931580e-03
4.885512888431549072e-01
6.585338711738586426e-01
-2.632956011439091526e-06
5.089221000671386719e-01
6.843248605728149414e-01
-2.220969460904598236e-02
5.505091547966003418e-01
6.345268487930297852e-01
-1.729150861501693726e-02
5.743310451507568359e-01
6.120560765266418457e-01
-8.860869333148002625e-03
5.925003290176391602e-01
5.884066224098205566e-01
-4.223192576318979263e-03
