4.087848663330078125e-01
6.503878831863403320e-01
-2.183246721187970252e-07
3.944500088691711426e-01
5.826672315597534180e-01
-4.727568477392196655e-03
3.962377607822418213e-01
5.185109376907348633e-01
-1.280105486512184143e-02
3.967929482460021973e-01
4.672274887561798096e-01
-2.025710046291351318e-02
3.822661042213439941e-01
4.351134002208709717e-01
-2.469893731176853180e-02
4.553098976612091064e-01
5.167436599731445312e-01
-1.616029255092144012e-02
4.886440634727478027e-01
4.706180989742279053e-01
-2.062147110700607300e-02
4.713220298290252686e-01
4.864503443241119385e-01
-1.998204551637172699e-02
4.558789730072021484e-01
5.069237351417541504e-01
-1.888733170926570892e-02
4.792411625385284424e-01
5.461582541465759277e-01
-1.692437380552291870e-02
5.019319057464599609e-01
5.023967623710632324e-01
-1.951937377452850342e-02
4.869087636470794678e-01
5.136866569519042969e-01
-1.794667169451713562e-02
4.748931527137756348e-01
5.328123569488525391e-01
-1.786240190267562866e-02
4.956237971782684326e-01
5.740274190902709961e-01
-1.686075702309608459e-02
5.135982632637023926e-01
5.334746837615966797e-01
-1.739153638482093811e-02
5.008461475372314453e-01
5.406594872474670410e-01
-1.251534279435873032e-02
4.882290959358215332e-01
5.566291213035583496e-01
-1.027099788188934326e-02
5.062985420227050781e-01
5.977241992950439453e-01
-1.689944788813591003e-02
5.389067530632019043e-01
5.665603280067443848e-01
-1.825330033898353577e-02
5.594890117645263672e-01
5.525780916213989258e-01
-1.693945191800594330e-02
5.776454210281372070e-01
5.433508157730102539e-01
-1.606086827814579010e-02
