4.313796460628509521e-01
7.022072076797485352e-01
-3.299678894563840004e-07
4.063827097415924072e-01
6.183199286460876465e-01
8.811439620330929756e-04
4.068894684314727783e-01
5.378373861312866211e-01
-3.173184348270297050e-03
4.159887433052062988e-01
4.765483736991882324e-01
-7.792572490870952606e-03
4.086553752422332764e-01
4.305966496467590332e-01
-1.017181109637022018e-02
4.917211234569549561e-01
5.028883218765258789e-01
1.071968581527471542e-04
5.155981183052062988e-01
4.983752369880676270e-01
3.464989131316542625e-03
5.017230510711669922e-01
5.230410099029541016e-01
3.301115473732352257e-03
4.839450716972351074e-01
5.429346561431884766e-01
2.876475686207413673e-03
5.235792398452758789e-01
5.364060401916503906e-01
-3.960357047617435455e-03
5.309827327728271484e-01
5.378634333610534668e-01
6.631022784858942032e-03
5.161824226379394531e-01
5.585054159164428711e-01
6.058032158762216568e-03
5.028010010719299316e-01
5.771822333335876465e-01
1.350305741652846336e-03
5.433157682418823242e-01
5.775619745254516602e-01
-6.782038137316703796e-03
5.484521389007568359e-01
5.706672668457031250e-01
-9.172658901661634445e-04
5.317237377166748047e-01
5.882468819618225098e-01
4.620235413312911987e-04
5.162639021873474121e-01
6.045573353767395020e-01
-1.536673749797046185e-03
5.556893944740295410e-01
6.183506250381469727e-01
-9.005168452858924866e-03
5.939791202545166016e-01
5.872775912284851074e-01
-5.134155973792076111e-03
6.185143589973449707e-01
5.696334242820739746e-01
2.583181776572018862e-04
6.371736526489257812e-01
5.548257231712341309e-01
3.285965416580438614e-03
