4.511586427688598633e-01
7.611914873123168945e-01
-3.893444784353050636e-07
4.416811466217041016e-01
6.678722500801086426e-01
1.716809463687241077e-03
4.507163763046264648e-01
5.851663351058959961e-01
-1.639181282371282578e-03
4.695792496204376221e-01
5.220276117324829102e-01
-4.940705373883247375e-03
4.826607704162597656e-01
4.754104018211364746e-01
-4.949226044118404388e-03
5.339362025260925293e-01
5.681768655776977539e-01
-3.617323003709316254e-03
5.770328640937805176e-01
5.721837282180786133e-01
2.903427230194211006e-03
5.665439367294311523e-01
5.940062999725341797e-01
8.870125748217105865e-03
5.460511445999145508e-01
6.061922907829284668e-01
1.282580476254224777e-02
5.621168017387390137e-01
6.095111370086669922e-01
-6.746113300323486328e-03
5.863561630249023438e-01
6.217015981674194336e-01
8.240101858973503113e-03
5.715439915657043457e-01
6.395430564880371094e-01
1.155980024486780167e-02
5.524234175682067871e-01
6.490802764892578125e-01
8.414239622652530670e-03
5.799846053123474121e-01
6.585541367530822754e-01
-7.790419273078441620e-03
5.981894731521606445e-01
6.618223190307617188e-01
2.621069317683577538e-03
5.808736681938171387e-01
6.785129308700561523e-01
7.486649788916110992e-03
5.606926679611206055e-01
6.877697110176086426e-01
6.375435274094343185e-03
5.907878279685974121e-01
7.080424427986145020e-01
-8.131495676934719086e-03
6.356706619262695312e-01
6.859245300292968750e-01
-2.626286819577217102e-03
6.640251874923706055e-01
6.773824095726013184e-01
4.404742270708084106e-03
6.846852302551269531e-01
6.685035228729248047e-01
8.849931880831718445e-03
