4.067996740341186523e-01
4.778347015380859375e-01
-1.976792844970987062e-07
4.014164507389068604e-01
4.160633087158203125e-01
1.706838811514899135e-04
4.086530208587646484e-01
3.594715595245361328e-01
-6.664037704467773438e-03
4.118183851242065430e-01
3.124018311500549316e-01
-1.505711022764444351e-02
4.081462621688842773e-01
2.730283737182617188e-01
-2.146344445645809174e-02
4.643584489822387695e-01
3.399178683757781982e-01
-1.783094368875026703e-03
4.964803755283355713e-01
3.471941351890563965e-01
-5.321217700839042664e-03
4.919152557849884033e-01
3.660808205604553223e-01
-8.993045426905155182e-03
4.781866073608398438e-01
3.761966824531555176e-01
-1.169674843549728394e-02
4.808732569217681885e-01
3.654551208019256592e-01
-7.779073901474475861e-03
5.068438649177551270e-01
3.767934143543243408e-01
-6.996634416282176971e-03
4.981104135513305664e-01
3.920180201530456543e-01
-8.900242857635021210e-03
4.822667837142944336e-01
3.984533250331878662e-01
-1.282227039337158203e-02
4.929936826229095459e-01
3.985325694084167480e-01
-1.356260105967521667e-02
5.164758563041687012e-01
4.031757116317749023e-01
-1.453881245106458664e-02
5.058118700981140137e-01
4.176131784915924072e-01
-1.114416960626840591e-02
4.908785820007324219e-01
4.245504736900329590e-01
-1.042043417692184448e-02
5.015990734100341797e-01
4.340118765830993652e-01
-1.929385960102081299e-02
5.384864211082458496e-01
4.252082109451293945e-01
-2.027807943522930145e-02
5.616047978401184082e-01
4.217320382595062256e-01
-1.627602986991405487e-02
5.791950225830078125e-01
4.156980812549591064e-01
-1.358789484947919846e-02
