4.180043041706085205e-01
5.499398112297058105e-01
-3.205819609775062418e-07
4.104633927345275879e-01
4.863430261611938477e-01
-1.626985031180083752e-03
4.178042411804199219e-01
4.242172837257385254e-01
-8.726653642952442169e-03
4.250719547271728516e-01
3.790632784366607666e-01
-1.635974645614624023e-02
4.205473363399505615e-01
3.449515700340270996e-01
-2.251426130533218384e-02
4.872971177101135254e-01
4.261558055877685547e-01
-9.969130158424377441e-03
5.009093880653381348e-01
4.040417671203613281e-01
-1.488963328301906586e-02
4.848378002643585205e-01
4.154783189296722412e-01
-2.070078998804092407e-02
4.711111187934875488e-01
4.334234893321990967e-01
-2.497060410678386688e-02
5.035111308097839355e-01
4.582753777503967285e-01
-1.370525546371936798e-02
5.087977647781372070e-01
4.350149929523468018e-01
-1.385054457932710648e-02
4.944281578063964844e-01
4.430385231971740723e-01
-1.608737558126449585e-02
4.824626445770263672e-01
4.610935151576995850e-01
-2.058016322553157806e-02
5.116485953330993652e-01
4.925285577774047852e-01
-1.666922122240066528e-02
5.190274119377136230e-01
4.703860282897949219e-01
-1.746878772974014282e-02
5.053967833518981934e-01
4.743352830410003662e-01
-1.544272992759943008e-02
4.917982220649719238e-01
4.890915155410766602e-01
-1.612316444516181946e-02
5.164601802825927734e-01
5.246371626853942871e-01
-1.957235485315322876e-02
5.514967441558837891e-01
5.095744729042053223e-01
-2.123870328068733215e-02
5.744734406471252441e-01
5.017853379249572754e-01
-1.956521160900592804e-02
5.932474136352539062e-01
4.983541071414947510e-01
-1.898609101772308350e-02
