4.068729877471923828e-01
7.189434766769409180e-01
-3.767392229292454431e-07
3.882980048656463623e-01
6.322319507598876953e-01
3.603495191782712936e-03
3.899530172348022461e-01
5.527930855751037598e-01
-3.907588252332061529e-04
3.979441225528717041e-01
4.889615774154663086e-01
-4.957073368132114410e-03
3.915064334869384766e-01
4.409909546375274658e-01
-7.193370722234249115e-03
4.674946963787078857e-01
5.216711163520812988e-01
-4.463452496565878391e-04
5.033863782882690430e-01
5.203020572662353516e-01
4.829894751310348511e-03
4.917841255664825439e-01
5.432776808738708496e-01
7.749997079372406006e-03
4.731950461864471436e-01
5.585750341415405273e-01
9.366302751004695892e-03
4.964288473129272461e-01
5.561861395835876465e-01
-4.388340748846530914e-03
5.185889601707458496e-01
5.620307922363281250e-01
9.940868243575096130e-03
5.046818256378173828e-01
5.805182456970214844e-01
1.271772105246782303e-02
4.883898496627807617e-01
5.942129492759704590e-01
9.104589000344276428e-03
5.165607333183288574e-01
6.009973287582397461e-01
-6.213433574885129929e-03
5.330505967140197754e-01
5.955507755279541016e-01
3.995841834694147110e-03
5.185276269912719727e-01
6.133337616920471191e-01
9.936773218214511871e-03
5.015580654144287109e-01
6.268967986106872559e-01
9.553493931889533997e-03
5.310212373733520508e-01
6.467582583427429199e-01
-7.141912821680307388e-03
5.709187984466552734e-01
6.142852306365966797e-01
-1.488338893977925181e-04
5.948083996772766113e-01
5.994012951850891113e-01
9.108181111514568329e-03
6.126379966735839844e-01
5.838200449943542480e-01
1.458433270454406738e-02
