4.153285026550292969e-01
5.236973166465759277e-01
-2.162198882160737412e-07
4.054816961288452148e-01
4.592829048633575439e-01
-1.179895130917429924e-03
4.074307382106781006e-01
3.971846103668212891e-01
-8.416719734668731689e-03
4.076026082038879395e-01
3.496736586093902588e-01
-1.630620658397674561e-02
3.952054083347320557e-01
3.175411224365234375e-01
-2.232751436531543732e-02
4.715737402439117432e-01
3.854674398899078369e-01
-7.334583904594182968e-03
4.999023377895355225e-01
3.808212876319885254e-01
-1.037388481199741364e-02
4.884834289550781250e-01
3.950364589691162109e-01
-1.291041355580091476e-02
4.735008180141448975e-01
4.051153957843780518e-01
-1.480200700461864471e-02
4.885891973972320557e-01
4.171928763389587402e-01
-1.150690298527479172e-02
5.107691287994384766e-01
4.109692871570587158e-01
-1.076773367822170258e-02
4.993488788604736328e-01
4.222300052642822266e-01
-1.079387683421373367e-02
4.853183031082153320e-01
4.347908794879913330e-01
-1.314467750489711761e-02
4.995318353176116943e-01
4.512491226196289062e-01
-1.505630463361740112e-02
5.176755189895629883e-01
4.412890076637268066e-01
-1.483979448676109314e-02
5.065124630928039551e-01
4.512452781200408936e-01
-1.085895858705043793e-02
4.928057193756103516e-01
4.630203247070312500e-01
-9.801979176700115204e-03
5.072126388549804688e-01
4.838747978210449219e-01
-1.856422238051891327e-02
5.432181954383850098e-01
4.661364853382110596e-01
-1.851929537951946259e-02
5.652695298194885254e-01
4.567452371120452881e-01
-1.458724122494459152e-02
5.829690694808959961e-01
4.490624964237213135e-01
-1.228453218936920166e-02
