4.251347482204437256e-01
8.423066735267639160e-01
-4.797892643182422034e-07
4.043142497539520264e-01
7.437936067581176758e-01
-6.435110117308795452e-04
4.111237227916717529e-01
6.473176479339599609e-01
-5.318739451467990875e-03
4.229289591312408447e-01
5.717783570289611816e-01
-9.384204633533954620e-03
4.177262485027313232e-01
5.206348299980163574e-01
-1.005554199218750000e-02
5.062251091003417969e-01
6.301730871200561523e-01
-1.037063077092170715e-03
5.407945513725280762e-01
6.081849932670593262e-01
1.732071512378752232e-03
5.190404653549194336e-01
6.316792964935302734e-01
1.749396091327071190e-03
5.001404285430908203e-01
6.540101766586303711e-01
1.804004772566258907e-03
5.389614105224609375e-01
6.778080463409423828e-01
-2.185795689001679420e-03
5.565108656883239746e-01
6.564881205558776855e-01
9.168921969830989838e-03
5.373167395591735840e-01
6.721975207328796387e-01
1.111250929534435272e-02
5.222959518432617188e-01
6.933823227882385254e-01
8.002299815416336060e-03
5.596011877059936523e-01
7.249346971511840820e-01
-1.873745582997798920e-03
5.697200894355773926e-01
6.982063055038452148e-01
6.463299039751291275e-03
5.517370104789733887e-01
7.113114595413208008e-01
1.135534606873989105e-02
5.347914099693298340e-01
7.307187914848327637e-01
1.129647996276617050e-02
5.731752514839172363e-01
7.670233845710754395e-01
-8.102956926450133324e-04
6.147626638412475586e-01
7.242843508720397949e-01
6.399630568921566010e-03
6.397205591201782227e-01
7.028603553771972656e-01
1.440039556473493576e-02
6.587341427803039551e-01
6.863079071044921875e-01
1.921399123966693878e-02
