4.079125225543975830e-01
6.643500328063964844e-01
-2.146089883581225877e-07
3.945345282554626465e-01
5.958800911903381348e-01
-6.441611330956220627e-03
3.979785144329071045e-01
5.334926843643188477e-01
-1.600293256342411041e-02
4.004038572311401367e-01
4.828770756721496582e-01
-2.449278719723224640e-02
3.870626688003540039e-01
4.486014246940612793e-01
-2.980130910873413086e-02
4.543899595737457275e-01
5.393472313880920410e-01
-2.258674800395965576e-02
4.894392490386962891e-01
4.893248081207275391e-01
-2.848498895764350891e-02
4.710147976875305176e-01
5.053235888481140137e-01
-2.707365714013576508e-02
4.557773470878601074e-01
5.254231691360473633e-01
-2.499084547162055969e-02
4.776554703712463379e-01
5.690469741821289062e-01
-2.252621948719024658e-02
5.024445652961730957e-01
5.212106704711914062e-01
-2.666907198727130890e-02
4.870683252811431885e-01
5.328511595726013184e-01
-2.458511851727962494e-02
4.749042689800262451e-01
5.514227747917175293e-01
-2.393270656466484070e-02
4.940542876720428467e-01
5.961599946022033691e-01
-2.142416313290596008e-02
5.140894055366516113e-01
5.520048737525939941e-01
-2.251380681991577148e-02
5.006362199783325195e-01
5.594378709793090820e-01
-1.721527241170406342e-02
4.872061908245086670e-01
5.752582550048828125e-01
-1.468435581773519516e-02
5.044835209846496582e-01
6.169778704643249512e-01
-2.055825293064117432e-02
5.365922451019287109e-01
5.866284370422363281e-01
-2.209283411502838135e-02
5.572621822357177734e-01
5.753452181816101074e-01
-2.113697305321693420e-02
5.756543874740600586e-01
5.685985088348388672e-01
-2.055676467716693878e-02
