4.065701961517333984e-01
5.038315057754516602e-01
-2.171954207597082132e-07
3.957463204860687256e-01
4.428044259548187256e-01
-1.380796660669147968e-03
3.967651724815368652e-01
3.852187693119049072e-01
-7.912830449640750885e-03
3.988159000873565674e-01
3.412395417690277100e-01
-1.528186351060867310e-02
3.936300575733184814e-01
3.066197037696838379e-01
-2.081964164972305298e-02
4.591927826404571533e-01
3.706244230270385742e-01
-3.532590344548225403e-03
4.734293222427368164e-01
3.513441383838653564e-01
-8.044172078371047974e-03
4.616076946258544922e-01
3.662143349647521973e-01
-1.362801622599363327e-02
4.492364525794982910e-01
3.828325569629669189e-01
-1.734818890690803528e-02
4.760987758636474609e-01
3.951850831508636475e-01
-7.437354885041713715e-03
4.834508299827575684e-01
3.793194591999053955e-01
-7.469029165804386139e-03
4.726799130439758301e-01
3.910886645317077637e-01
-1.104038488119840622e-02
4.613496661186218262e-01
4.085540175437927246e-01
-1.582884602248668671e-02
4.870496392250061035e-01
4.261444807052612305e-01
-1.112231053411960602e-02
4.947745800018310547e-01
4.097130596637725830e-01
-1.226949691772460938e-02
4.833309948444366455e-01
4.182069897651672363e-01
-1.183479651808738708e-02
4.713072478771209717e-01
4.328528940677642822e-01
-1.299232058227062225e-02
4.945559799671173096e-01
4.583474099636077881e-01
-1.478730887174606323e-02
5.262652635574340820e-01
4.427190423011779785e-01
-1.619510538876056671e-02
5.471477508544921875e-01
4.343643188476562500e-01
-1.495491154491901398e-02
5.643797516822814941e-01
4.283223748207092285e-01
-1.442450378090143204e-02
