3.956413567066192627e-01
6.664700508117675781e-01
-1.843516770350106526e-07
3.852801918983459473e-01
5.999122262001037598e-01
-5.327831953763961792e-03
3.925826251506805420e-01
5.370858311653137207e-01
-1.383442245423793793e-02
3.986399173736572266e-01
4.865025877952575684e-01
-2.190300822257995605e-02
3.875190913677215576e-01
4.532786309719085693e-01
-2.727561630308628082e-02
4.539162218570709229e-01
5.373230576515197754e-01
-1.330277882516384125e-02
4.879224002361297607e-01
5.030782818794250488e-01
-1.861661300063133240e-02
4.726223349571228027e-01
5.159236192703247070e-01
-2.053762972354888916e-02
4.577675461769104004e-01
5.320312976837158203e-01
-2.138922177255153656e-02
4.746849536895751953e-01
5.697497725486755371e-01
-1.422410458326339722e-02
5.002175569534301758e-01
5.346682071685791016e-01
-1.717310398817062378e-02
4.854306876659393311e-01
5.431756377220153809e-01
-1.641681604087352753e-02
4.723626375198364258e-01
5.601637363433837891e-01
-1.671391353011131287e-02
4.876800179481506348e-01
6.001456975936889648e-01
-1.475698128342628479e-02
5.084236860275268555e-01
5.657811164855957031e-01
-1.541382167488336563e-02
4.959663748741149902e-01
5.703783631324768066e-01
-1.040536537766456604e-02
4.832729995250701904e-01
5.844968557357788086e-01
-7.965148426592350006e-03
4.953348934650421143e-01
6.263418793678283691e-01
-1.563839800655841827e-02
5.305762887001037598e-01
6.013488769531250000e-01
-1.645013876259326935e-02
5.516457557678222656e-01
5.906744003295898438e-01
-1.414237357676029205e-02
5.702401995658874512e-01
5.843614339828491211e-01
-1.257185544818639755e-02
