4.222144782543182373e-01
7.403145432472229004e-01
-3.705581548274494708e-07
4.058478772640228271e-01
6.488520503044128418e-01
8.440765668638050556e-04
4.100226759910583496e-01
5.647068023681640625e-01
-6.298570893704891205e-03
4.188547730445861816e-01
4.948242306709289551e-01
-1.298259571194648743e-02
4.123536944389343262e-01
4.427244663238525391e-01
-1.611180976033210754e-02
4.875715970993041992e-01
5.388816595077514648e-01
-1.283712033182382584e-02
5.331632494926452637e-01
5.338509082794189453e-01
-7.926363497972488403e-03
5.198343396186828613e-01
5.598429441452026367e-01
-6.730618042638525367e-05
4.997124373912811279e-01
5.762394070625305176e-01
4.892500117421150208e-03
5.176029205322265625e-01
5.802851319313049316e-01
-1.639136858284473419e-02
5.494410395622253418e-01
5.771599411964416504e-01
-5.220824852585792542e-03
5.340510010719299316e-01
5.967963933944702148e-01
1.962892478331923485e-03
5.161929130554199219e-01
6.122300624847412109e-01
1.891381223686039448e-03
5.385081171989440918e-01
6.276689171791076660e-01
-1.751875318586826324e-02
5.647023916244506836e-01
6.138252019882202148e-01
-9.134427644312381744e-03
5.504267215728759766e-01
6.311917304992675781e-01
3.852990630548447371e-04
5.323196649551391602e-01
6.457719802856445312e-01
2.394728362560272217e-03
5.540385842323303223e-01
6.733981370925903320e-01
-1.789042539894580841e-02
5.990832448005676270e-01
6.358106136322021484e-01
-1.289551518857479095e-02
6.251128911972045898e-01
6.180739998817443848e-01
-4.332338459789752960e-03
6.450717449188232422e-01
5.992320179939270020e-01
5.595798138529062271e-04
