3.982149064540863037e-01
6.535441279411315918e-01
-2.573792698967736214e-07
3.872023224830627441e-01
5.837590098381042480e-01
-4.181656986474990845e-03
3.934948742389678955e-01
5.196459889411926270e-01
-1.246338710188865662e-02
3.981842398643493652e-01
4.708052873611450195e-01
-2.033886127173900604e-02
3.888626396656036377e-01
4.359542131423950195e-01
-2.545127086341381073e-02
4.530828297138214111e-01
5.187410712242126465e-01
-1.422753650695085526e-02
4.885739982128143311e-01
4.864915907382965088e-01
-2.102129906415939331e-02
4.708633720874786377e-01
4.991221725940704346e-01
-2.448317036032676697e-02
4.559065103530883789e-01
5.138069987297058105e-01
-2.621321007609367371e-02
4.750948548316955566e-01
5.515903830528259277e-01
-1.571695320308208466e-02
5.005646944046020508e-01
5.190763473510742188e-01
-1.818174310028553009e-02
4.855055809020996094e-01
5.295131206512451172e-01
-1.693411730229854584e-02
4.742982089519500732e-01
5.458928346633911133e-01
-1.724060252308845520e-02
4.894281327724456787e-01
5.820484757423400879e-01
-1.677427999675273895e-02
5.098178386688232422e-01
5.515246391296386719e-01
-1.720231398940086365e-02
4.969842433929443359e-01
5.581245422363281250e-01
-1.131425797939300537e-02
4.840066134929656982e-01
5.729269385337829590e-01
-8.395834825932979584e-03
4.979336559772491455e-01
6.074757575988769531e-01
-1.806059852242469788e-02
5.336488485336303711e-01
5.805102586746215820e-01
-1.803476922214031219e-02
5.550116300582885742e-01
5.690772533416748047e-01
-1.440811157226562500e-02
5.731101632118225098e-01
5.625718235969543457e-01
-1.198594458401203156e-02
