4.282138943672180176e-01
8.202514648437500000e-01
-3.348446568907093024e-07
4.074551761150360107e-01
7.246671319007873535e-01
-4.725704435259103775e-03
4.119688570499420166e-01
6.337597966194152832e-01
-1.300190296024084091e-02
4.233525395393371582e-01
5.619906187057495117e-01
-2.094030193984508514e-02
4.192146360874176025e-01
5.105513930320739746e-01
-2.519244514405727386e-02
5.006370544433593750e-01
6.157034635543823242e-01
-6.976956035941839218e-03
5.385681390762329102e-01
5.932590961456298828e-01
-1.042572874575853348e-02
5.233395695686340332e-01
6.142368912696838379e-01
-1.218575146049261093e-02
5.034297108650207520e-01
6.362110972404479980e-01
-1.170437783002853394e-02
5.324369072914123535e-01
6.594604253768920898e-01
-8.271176367998123169e-03
5.557259321212768555e-01
6.406422853469848633e-01
-3.155301790684461594e-03
5.406935811042785645e-01
6.590669751167297363e-01
-2.506448654457926750e-03
5.257592201232910156e-01
6.790750026702880859e-01
-5.024550482630729675e-03
5.547922849655151367e-01
7.064341902732849121e-01
-9.141790680587291718e-03
5.732495188713073730e-01
6.833407878875732422e-01
-7.378090173006057739e-03
5.578580498695373535e-01
6.991521716117858887e-01
-3.430715994909405708e-03
5.411233305931091309e-01
7.169080972671508789e-01
-2.243100432679057121e-03
5.711354017257690430e-01
7.515688538551330566e-01
-9.634094312787055969e-03
6.146355867385864258e-01
7.110048532485961914e-01
-6.919777952134609222e-03
6.410858631134033203e-01
6.918234825134277344e-01
-1.546408166177570820e-04
6.627159118652343750e-01
6.755701899528503418e-01
4.743520170450210571e-03
