3.938724100589752197e-01
7.597928643226623535e-01
-3.426096384373522596e-07
3.678248226642608643e-01
6.782728433609008789e-01
1.590190513525158167e-04
3.606475889682769775e-01
5.979482531547546387e-01
-7.611968088895082474e-03
3.620560169219970703e-01
5.291339755058288574e-01
-1.488160900771617889e-02
3.517875671386718750e-01
4.806329011917114258e-01
-1.853849925100803375e-02
4.294223487377166748e-01
5.523267388343811035e-01
-1.288858987390995026e-02
4.734244942665100098e-01
5.333819389343261719e-01
-9.852494113147258759e-03
4.633536040782928467e-01
5.617298483848571777e-01
-3.828221699222922325e-03
4.460174441337585449e-01
5.820589065551757812e-01
6.210396350070368499e-06
4.635432064533233643e-01
5.869030952453613281e-01
-1.648356951773166656e-02
4.954001307487487793e-01
5.716073513031005859e-01
-6.785670295357704163e-03
4.838203489780426025e-01
5.947206020355224609e-01
-7.352315151365473866e-05
4.688823521137237549e-01
6.138073801994323730e-01
-1.434758887626230717e-04
4.903190433979034424e-01
6.274833679199218750e-01
-1.802044175565242767e-02
5.143471956253051758e-01
6.054713726043701172e-01
-1.060870382934808731e-02
5.036883950233459473e-01
6.248871684074401855e-01
-1.585858874022960663e-03
4.885696172714233398e-01
6.431691646575927734e-01
4.143053083680570126e-04
5.123556256294250488e-01
6.671734452247619629e-01
-1.889194361865520477e-02
5.515508055686950684e-01
6.200737953186035156e-01
-1.445579528808593750e-02
5.748878121376037598e-01
5.969047546386718750e-01
-6.772299762815237045e-03
5.923264622688293457e-01
5.739423036575317383e-01
-2.456697868183255196e-03
