4.019244611263275146e-01
7.531714439392089844e-01
-3.932937602257879917e-07
3.849965631961822510e-01
6.725136041641235352e-01
-3.018194111064076424e-04
3.877661824226379395e-01
5.968629121780395508e-01
-6.351300515234470367e-03
3.982679843902587891e-01
5.369461178779602051e-01
-1.237951498478651047e-02
3.976651132106781006e-01
4.926963448524475098e-01
-1.551518589258193970e-02
4.630487859249114990e-01
5.789271593093872070e-01
-7.134899031370878220e-03
4.959389865398406982e-01
5.605614185333251953e-01
-7.387314457446336746e-03
4.818581044673919678e-01
5.807397365570068359e-01
-6.775734014809131622e-03
4.655469954013824463e-01
6.006953120231628418e-01
-5.646613426506519318e-03
4.910534620285034180e-01
6.160525083541870117e-01
-9.619827382266521454e-03
5.103067159652709961e-01
6.043179035186767578e-01
-2.146142767742276192e-03
4.961529970169067383e-01
6.194497346878051758e-01
-2.477224916219711304e-04
4.821798801422119141e-01
6.365940570831298828e-01
-2.546270145103335381e-03
5.107935070991516113e-01
6.555142402648925781e-01
-1.067920494824647903e-02
5.240198969841003418e-01
6.410387754440307617e-01
-6.513914559036493301e-03
5.094941258430480957e-01
6.539685130119323730e-01
-2.569805830717086792e-03
4.940901100635528564e-01
6.694649457931518555e-01
-2.275480190292000771e-03
5.248103141784667969e-01
6.932312846183776855e-01
-1.098053157329559326e-02
5.634195208549499512e-01
6.648882627487182617e-01
-7.114632055163383484e-03
5.869766473770141602e-01
6.502043008804321289e-01
-8.493450586684048176e-04
6.043721437454223633e-01
6.377844810485839844e-01
3.260440891608595848e-03
