4.058735966682434082e-01
6.839805245399475098e-01
-2.074588678624422755e-07
3.914096951484680176e-01
6.175514459609985352e-01
-6.740904413163661957e-03
3.942335844039916992e-01
5.550658702850341797e-01
-1.661356166005134583e-02
3.954876065254211426e-01
5.033796429634094238e-01
-2.541431784629821777e-02
3.807591795921325684e-01
4.678753316402435303e-01
-3.116672299802303314e-02
4.517212212085723877e-01
5.563369989395141602e-01
-2.197651378810405731e-02
4.882941842079162598e-01
5.041214823722839355e-01
-2.794935181736946106e-02
4.715904295444488525e-01
5.191480517387390137e-01
-2.703778073191642761e-02
4.559165835380554199e-01
5.392712950706481934e-01
-2.528197132050991058e-02
4.757856428623199463e-01
5.846934318542480469e-01
-2.146441489458084106e-02
5.021156072616577148e-01
5.359557867050170898e-01
-2.553137391805648804e-02
4.870089292526245117e-01
5.475121140480041504e-01
-2.345579490065574646e-02
4.748413860797882080e-01
5.660720467567443848e-01
-2.267292514443397522e-02
4.921678900718688965e-01
6.111971139907836914e-01
-1.997374743223190308e-02
5.143192410469055176e-01
5.660115480422973633e-01
-2.114712074398994446e-02
5.018701553344726562e-01
5.737350583076477051e-01
-1.555887423455715179e-02
4.889631271362304688e-01
5.899751782417297363e-01
-1.264419779181480408e-02
5.027546286582946777e-01
6.323779821395874023e-01
-1.871399953961372375e-02
5.354694724082946777e-01
5.986695885658264160e-01
-2.064458653330802917e-02
5.566419363021850586e-01
5.852870345115661621e-01
-1.944326981902122498e-02
5.756531357765197754e-01
5.772908926010131836e-01
-1.854158192873001099e-02
