4.269301593303680420e-01
8.146188855171203613e-01
-4.672026818752783583e-07
4.057296812534332275e-01
7.196763753890991211e-01
-4.558307991828769445e-04
4.105079174041748047e-01
6.247633099555969238e-01
-5.467728246003389359e-03
4.223144650459289551e-01
5.511763691902160645e-01
-9.719481691718101501e-03
4.181988835334777832e-01
5.019007921218872070e-01
-1.050753518939018250e-02
4.969453811645507812e-01
6.038420200347900391e-01
-7.203865796327590942e-03
5.352440476417541504e-01
5.821980834007263184e-01
-6.245407275855541229e-03
5.170633196830749512e-01
6.055451631546020508e-01
-5.543649662286043167e-03
4.984127283096313477e-01
6.267546415328979492e-01
-4.627677612006664276e-03
5.308204293251037598e-01
6.479014158248901367e-01
-9.229549206793308258e-03
5.526372194290161133e-01
6.284511089324951172e-01
1.008193939924240112e-03
5.357397794723510742e-01
6.449268460273742676e-01
4.147380124777555466e-03
5.204408168792724609e-01
6.648906469345092773e-01
1.911861123517155647e-03
5.542893409729003906e-01
6.942855715751647949e-01
-9.594838134944438934e-03
5.671769976615905762e-01
6.706641316413879395e-01
-3.101120470091700554e-03
5.506480932235717773e-01
6.849974393844604492e-01
1.995522063225507736e-03
5.336219668388366699e-01
7.040216922760009766e-01
2.248960314318537712e-03
5.714317560195922852e-01
7.374611496925354004e-01
-9.128499776124954224e-03
6.133857369422912598e-01
6.958215236663818359e-01
-3.583096200600266457e-03
6.382318735122680664e-01
6.762102246284484863e-01
3.946509677916765213e-03
6.566635370254516602e-01
6.606428623199462891e-01
8.555688895285129547e-03
