4.004995524883270264e-01
7.079841494560241699e-01
-3.601211346904165111e-07
3.839640617370605469e-01
6.248590946197509766e-01
4.994296468794345856e-04
3.864790797233581543e-01
5.491218566894531250e-01
-5.113545805215835571e-03
3.952408134937286377e-01
4.872082173824310303e-01
-1.055860985070466995e-02
3.896532356739044189e-01
4.400819242000579834e-01
-1.319616474211215973e-02
4.612665474414825439e-01
5.236951708793640137e-01
-8.088099770247936249e-03
4.978900849819183350e-01
5.210611224174499512e-01
-2.744422992691397667e-03
4.844453632831573486e-01
5.435309410095214844e-01
2.960434881970286369e-03
4.659874737262725830e-01
5.582472681999206543e-01
6.066592875868082047e-03
4.898220300674438477e-01
5.598852038383483887e-01
-1.119939889758825302e-02
5.119309425354003906e-01
5.633522272109985352e-01
3.561997727956622839e-04
4.974291920661926270e-01
5.798394680023193359e-01
4.456875845789909363e-03
4.813700914382934570e-01
5.932435989379882812e-01
2.051167888566851616e-03
5.092421770095825195e-01
6.034736633300781250e-01
-1.213845238089561462e-02
5.262566804885864258e-01
5.972265601158142090e-01
-4.460583440959453583e-03
5.115770101547241211e-01
6.131063103675842285e-01
2.196009736508131027e-03
4.949598908424377441e-01
6.263616085052490234e-01
2.494859276339411736e-03
5.233448147773742676e-01
6.460476517677307129e-01
-1.240087114274501801e-02
5.627858638763427734e-01
6.167120337486267090e-01
-8.153278380632400513e-03
5.860311985015869141e-01
6.032854318618774414e-01
-3.866300976369529963e-04
6.037122011184692383e-01
5.888962149620056152e-01
4.071413073688745499e-03
