4.165942966938018799e-01
6.274521946907043457e-01
-1.829518652129991096e-07
4.029073417186737061e-01
5.623137950897216797e-01
-5.576191935688257217e-03
4.030557572841644287e-01
4.994829595088958740e-01
-1.588417589664459229e-02
4.026621580123901367e-01
4.490706026554107666e-01
-2.606895752251148224e-02
3.878356814384460449e-01
4.163521230220794678e-01
-3.384330123662948608e-02
4.622059464454650879e-01
5.023083090782165527e-01
-2.006136439740657806e-02
4.986277520656585693e-01
4.604054689407348633e-01
-2.875554747879505157e-02
4.842109680175781250e-01
4.725388288497924805e-01
-3.123302385210990906e-02
4.694712162017822266e-01
4.899676442146301270e-01
-3.183633089065551758e-02
4.843729734420776367e-01
5.327979326248168945e-01
-2.183090709149837494e-02
5.123149752616882324e-01
4.908465147018432617e-01
-2.745279483497142792e-02
4.986063241958618164e-01
4.989068806171417236e-01
-2.632038295269012451e-02
4.863234460353851318e-01
5.167185068130493164e-01
-2.622482366859912872e-02
4.994949698448181152e-01
5.616916418075561523e-01
-2.313363924622535706e-02
5.226315855979919434e-01
5.217733979225158691e-01
-2.589778788387775421e-02
5.113819241523742676e-01
5.269637107849121094e-01
-2.047405019402503967e-02
4.996117949485778809e-01
5.423105359077453613e-01
-1.749633438885211945e-02
5.097828507423400879e-01
5.868234634399414062e-01
-2.476814948022365570e-02
5.461758971214294434e-01
5.587792396545410156e-01
-2.721819095313549042e-02
5.680396556854248047e-01
5.469169020652770996e-01
-2.539642341434955597e-02
5.876026153564453125e-01
5.400066375732421875e-01
-2.411104738712310791e-02
