4.169433712959289551e-01
6.276882886886596680e-01
-1.881603566289413720e-07
4.028713405132293701e-01
5.628332495689392090e-01
-5.727793090045452118e-03
4.022352099418640137e-01
5.010166168212890625e-01
-1.590648852288722992e-02
4.008110165596008301e-01
4.509087204933166504e-01
-2.578378096222877502e-02
3.868193030357360840e-01
4.181610047817230225e-01
-3.296605870127677917e-02
4.621339738368988037e-01
5.033869743347167969e-01
-2.020745165646076202e-02
4.966377615928649902e-01
4.608150422573089600e-01
-2.788523957133293152e-02
4.817567765712738037e-01
4.730015397071838379e-01
-2.938111498951911926e-02
4.676674306392669678e-01
4.902844429016113281e-01
-2.963876724243164062e-02
4.843047261238098145e-01
5.328533649444580078e-01
-2.178947813808917999e-02
5.101873874664306641e-01
4.906467199325561523e-01
-2.668134309351444244e-02
4.959398508071899414e-01
4.987621307373046875e-01
-2.502160146832466125e-02
4.840309917926788330e-01
5.166079401969909668e-01
-2.483218163251876831e-02
4.996884465217590332e-01
5.614539384841918945e-01
-2.283270284533500671e-02
5.210143327713012695e-01
5.215301513671875000e-01
-2.529597841203212738e-02
5.090305209159851074e-01
5.266090035438537598e-01
-1.958159916102886200e-02
4.970746040344238281e-01
5.420414805412292480e-01
-1.664011739194393158e-02
5.100096464157104492e-01
5.867028236389160156e-01
-2.422101236879825592e-02
5.466502308845520020e-01
5.595739483833312988e-01
-2.685171365737915039e-02
5.686105489730834961e-01
5.475422143936157227e-01
-2.513108588755130768e-02
5.883262753486633301e-01
5.404895544052124023e-01
-2.398052997887134552e-02
