3.908253908157348633e-01
7.686277627944946289e-01
-3.312914600428484846e-07
3.651048839092254639e-01
6.857529878616333008e-01
-1.141116954386234283e-03
3.571188151836395264e-01
6.053328514099121094e-01
-1.023664977401494980e-02
3.576312363147735596e-01
5.358755588531494141e-01
-1.873993687331676483e-02
3.473322093486785889e-01
4.860478043556213379e-01
-2.341734059154987335e-02
4.249337613582611084e-01
5.594888925552368164e-01
-1.704467833042144775e-02
4.719542562961578369e-01
5.400770902633666992e-01
-1.552435290068387985e-02
4.640747308731079102e-01
5.704373121261596680e-01
-8.813226595520973206e-03
4.465857744216918945e-01
5.919587612152099609e-01
-4.012950230389833450e-03
4.598841667175292969e-01
5.942499041557312012e-01
-2.057731337845325470e-02
4.938860535621643066e-01
5.786685943603515625e-01
-1.277440041303634644e-02
4.833597540855407715e-01
6.035304069519042969e-01
-5.771906115114688873e-03
4.677750468254089355e-01
6.225306987762451172e-01
-5.238374229520559311e-03
4.877567589282989502e-01
6.350851058959960938e-01
-2.209058403968811035e-02
5.145528316497802734e-01
6.114165782928466797e-01
-1.699726842343807220e-02
5.049806237220764160e-01
6.328904032707214355e-01
-8.025090210139751434e-03
4.897075295448303223e-01
6.514835953712463379e-01
-5.466480739414691925e-03
5.109378695487976074e-01
6.754252314567565918e-01
-2.290957234799861908e-02
5.502145886421203613e-01
6.263334155082702637e-01
-2.012313343584537506e-02
5.740780830383300781e-01
6.035147905349731445e-01
-1.277451310306787491e-02
5.920029878616333008e-01
5.809260606765747070e-01
-8.281127549707889557e-03
