4.229102134704589844e-01
7.397302389144897461e-01
-4.119607126540358877e-07
4.063316583633422852e-01
6.480143070220947266e-01
1.761802472174167633e-03
4.111322760581970215e-01
5.619250535964965820e-01
-4.298564512282609940e-03
4.200691580772399902e-01
4.923138916492462158e-01
-1.016319822520017624e-02
4.135160148143768311e-01
4.410362839698791504e-01
-1.270622666925191879e-02
4.886291325092315674e-01
5.372124910354614258e-01
-9.352276101708412170e-03
5.341918468475341797e-01
5.307263731956481934e-01
-5.220443475991487503e-03
5.169644951820373535e-01
5.561035275459289551e-01
-2.014334459090605378e-04
4.955536127090454102e-01
5.722345709800720215e-01
2.902942942455410957e-03
5.180311799049377441e-01
5.793972611427307129e-01
-1.298963278532028198e-02
5.487207174301147461e-01
5.749251246452331543e-01
-1.210619462653994560e-03
5.316263437271118164e-01
5.937406420707702637e-01
4.678399302065372467e-03
5.141455531120300293e-01
6.097664237022399902e-01
3.463833360001444817e-03
5.384097099304199219e-01
6.263293027877807617e-01
-1.431883405894041061e-02
5.635334849357604980e-01
6.130896806716918945e-01
-5.350085906684398651e-03
5.471215248107910156e-01
6.300492882728576660e-01
3.467147937044501305e-03
5.278078913688659668e-01
6.454422473907470703e-01
4.968157503753900528e-03
5.540661811828613281e-01
6.706544160842895508e-01
-1.486643496900796890e-02
5.983674526214599609e-01
6.329736709594726562e-01
-8.603681810200214386e-03
6.245609521865844727e-01
6.147711277008056641e-01
2.861054090317338705e-04
6.448597311973571777e-01
5.973626971244812012e-01
5.220006685703992844e-03
