3.712529540061950684e-01
2.704723775386810303e-01
1.521772219348349608e-07
3.945109844207763672e-01
2.589107155799865723e-01
-6.167385261505842209e-03
4.103320538997650146e-01
2.341983020305633545e-01
-9.481187909841537476e-03
4.207794070243835449e-01
2.158835530281066895e-01
-1.349815540015697479e-02
4.302217066287994385e-01
2.080598175525665283e-01
-1.770417951047420502e-02
3.901683092117309570e-01
1.676327437162399292e-01
-4.887416143901646137e-04
3.912964761257171631e-01
1.290065199136734009e-01
-6.692598573863506317e-03
3.919661939144134521e-01
1.050998121500015259e-01
-1.357778534293174744e-02
3.923277854919433594e-01
8.401211351156234741e-02
-1.888992823660373688e-02
3.788801431655883789e-01
1.655036211013793945e-01
-3.746071364730596542e-03
3.805556297302246094e-01
1.220837458968162537e-01
-8.398891426622867584e-03
3.818148970603942871e-01
9.390745311975479126e-02
-1.438695564866065979e-02
3.832454085350036621e-01
6.946276128292083740e-02
-1.930489204823970795e-02
3.674114644527435303e-01
1.697536855936050415e-01
-8.467542007565498352e-03
3.687107264995574951e-01
1.285530179738998413e-01
-1.313599944114685059e-02
3.713502883911132812e-01
1.028815656900405884e-01
-1.731064915657043457e-02
3.734664022922515869e-01
8.117043972015380859e-02
-2.059780433773994446e-02
3.548191487789154053e-01
1.806475818157196045e-01
-1.421509683132171631e-02
3.551379144191741943e-01
1.504275202751159668e-01
-1.811106503009796143e-02
3.568732440471649170e-01
1.309923231601715088e-01
-1.923258975148200989e-02
3.583653867244720459e-01
1.134402006864547729e-01
-2.023057453334331512e-02
