4.259153306484222412e-01
3.898773789405822754e-01
2.128849843074931414e-07
4.601894617080688477e-01
3.730334937572479248e-01
-5.818180274218320847e-03
4.807552993297576904e-01
3.340731263160705566e-01
-7.309310603886842728e-03
4.946026206016540527e-01
3.087120056152343750e-01
-1.112517714500427246e-02
5.085531473159790039e-01
2.896523177623748779e-01
-1.483514532446861267e-02
4.579100906848907471e-01
2.276952266693115234e-01
1.153311505913734436e-02
4.631856679916381836e-01
1.714731156826019287e-01
4.081400576978921890e-03
4.682016074657440186e-01
1.336200535297393799e-01
-6.131479050964117050e-03
4.736272990703582764e-01
9.944270551204681396e-02
-1.434479746967554092e-02
4.447444677352905273e-01
2.211525440216064453e-01
4.484123084694147110e-03
4.489966630935668945e-01
1.578903943300247192e-01
-1.656711800023913383e-03
4.540754556655883789e-01
1.131666898727416992e-01
-1.191728468984365463e-02
4.604589641094207764e-01
7.291342318058013916e-02
-2.024841867387294769e-02
4.307813048362731934e-01
2.225611805915832520e-01
-5.335121881216764450e-03
4.344644546508789062e-01
1.614160388708114624e-01
-1.228599622845649719e-02
4.401216804981231689e-01
1.198498457670211792e-01
-1.912040822207927704e-02
4.458914697170257568e-01
8.329243957996368408e-02
-2.408342249691486359e-02
4.160742759704589844e-01
2.328754812479019165e-01
-1.684644259512424469e-02
4.193239510059356689e-01
1.812832653522491455e-01
-2.248334512114524841e-02
4.242028295993804932e-01
1.481050550937652588e-01
-2.428655885159969330e-02
4.300339221954345703e-01
1.174811720848083496e-01
-2.570777572691440582e-02
