3.712401688098907471e-01
2.584482729434967041e-01
1.405340839255586616e-07
3.949968516826629639e-01
2.483232915401458740e-01
-4.699878860265016556e-03
4.111683964729309082e-01
2.243562489748001099e-01
-6.316857878118753433e-03
4.222984015941619873e-01
2.089590877294540405e-01
-8.830551058053970337e-03
4.295448958873748779e-01
1.992032676935195923e-01
-1.128040812909603119e-02
3.941794037818908691e-01
1.543997973203659058e-01
4.157874733209609985e-03
3.966920673847198486e-01
1.178645044565200806e-01
-5.778019549325108528e-04
3.987901806831359863e-01
9.507476538419723511e-02
-6.920411717146635056e-03
4.010260701179504395e-01
7.531338185071945190e-02
-1.178082823753356934e-02
3.831388354301452637e-01
1.514220684766769409e-01
1.115675433538854122e-03
3.857431411743164062e-01
1.116558834910392761e-01
-1.889686915092170238e-03
3.887167274951934814e-01
8.689220994710922241e-02
-7.251370232552289963e-03
3.928359448909759521e-01
6.577028334140777588e-02
-1.176150701940059662e-02
3.718933463096618652e-01
1.539920419454574585e-01
-3.499584039673209190e-03
3.740086257457733154e-01
1.166419684886932373e-01
-6.617179606109857559e-03
3.778816759586334229e-01
9.434927999973297119e-02
-9.703461080789566040e-03
3.824009299278259277e-01
7.589717209339141846e-02
-1.215263362973928452e-02
3.598423898220062256e-01
1.628307998180389404e-01
-9.202526882290840149e-03
3.615083694458007812e-01
1.325567513704299927e-01
-1.164144650101661682e-02
3.639176487922668457e-01
1.139488220214843750e-01
-1.177634578198194504e-02
3.673767447471618652e-01
9.799569100141525269e-02
-1.193607412278652191e-02
