3.913516104221343994e-01
4.030991494655609131e-01
2.328833090814441675e-07
4.263973534107208252e-01
3.855067491531372070e-01
-4.373499192297458649e-03
4.481603801250457764e-01
3.504694104194641113e-01
-4.873779602348804474e-03
4.640473723411560059e-01
3.224858939647674561e-01
-7.737030740827322006e-03
4.828042089939117432e-01
3.072527050971984863e-01
-1.058476231992244720e-02
4.124167263507843018e-01
2.530334293842315674e-01
1.588678173720836639e-02
4.177958369255065918e-01
2.016805708408355713e-01
1.099182106554508209e-02
4.216633439064025879e-01
1.675098240375518799e-01
2.365346299484372139e-03
4.252120852470397949e-01
1.360616087913513184e-01
-4.936503712087869644e-03
3.987301588058471680e-01
2.448964565992355347e-01
9.380948729813098907e-03
4.014570415019989014e-01
1.845961362123489380e-01
5.353601183742284775e-03
4.052236378192901611e-01
1.431069374084472656e-01
-3.161100670695304871e-03
4.097113013267517090e-01
1.057462692260742188e-01
-1.020667143166065216e-02
3.844416439533233643e-01
2.443861067295074463e-01
9.515866258880123496e-05
3.865397572517395020e-01
1.859731376171112061e-01
-5.458659958094358444e-03
3.916129469871520996e-01
1.485169827938079834e-01
-1.111978013068437576e-02
3.966128230094909668e-01
1.160520315170288086e-01
-1.510558743029832840e-02
3.698953986167907715e-01
2.525360882282257080e-01
-1.069146208465099335e-02
3.711796700954437256e-01
2.042297422885894775e-01
-1.470877323299646378e-02
3.750681877136230469e-01
1.737512499094009399e-01
-1.525849569588899612e-02
3.803510069847106934e-01
1.455834954977035522e-01
-1.582707464694976807e-02
