3.826306760311126709e-01
4.042261838912963867e-01
2.658429991697630612e-07
4.171465039253234863e-01
3.871254324913024902e-01
-7.557715754956007004e-03
4.398381710052490234e-01
3.493788242340087891e-01
-9.799178689718246460e-03
4.567492604255676270e-01
3.198808133602142334e-01
-1.371758058667182922e-02
4.777352511882781982e-01
3.098383247852325439e-01
-1.749626547098159790e-02
4.031912684440612793e-01
2.550453841686248779e-01
1.193107664585113525e-02
4.074198305606842041e-01
2.048365771770477295e-01
6.441239267587661743e-03
4.110380113124847412e-01
1.719883233308792114e-01
-2.688039792701601982e-03
4.143836796283721924e-01
1.417749822139739990e-01
-1.037300750613212585e-02
3.893309831619262695e-01
2.478800714015960693e-01
6.942917127162218094e-03
3.912252187728881836e-01
1.891278177499771118e-01
2.481637289747595787e-03
3.942354321479797363e-01
1.485446840524673462e-01
-6.327029783278703690e-03
3.981584310531616211e-01
1.119054406881332397e-01
-1.345950737595558167e-02
3.749575912952423096e-01
2.486191540956497192e-01
-8.901203400455415249e-04
3.762570023536682129e-01
1.909334808588027954e-01
-6.701542995870113373e-03
3.808999359607696533e-01
1.545638442039489746e-01
-1.266003213822841644e-02
3.859394192695617676e-01
1.231067627668380737e-01
-1.678216457366943359e-02
3.600702285766601562e-01
2.583750486373901367e-01
-1.044759061187505722e-02
3.604259192943572998e-01
2.114513218402862549e-01
-1.450677309185266495e-02
3.637297451496124268e-01
1.818598508834838867e-01
-1.532939914613962173e-02
3.686975836753845215e-01
1.541379392147064209e-01
-1.613572612404823303e-02
