3.814547657966613770e-01
2.364467531442642212e-01
1.846943860073224641e-07
4.057400524616241455e-01
2.279910594224929810e-01
-8.807688951492309570e-03
4.253392517566680908e-01
2.081708610057830811e-01
-1.406495459377765656e-02
4.376895725727081299e-01
1.915980875492095947e-01
-1.959100924432277679e-02
4.462498426437377930e-01
1.766434013843536377e-01
-2.525387890636920929e-02
4.168251752853393555e-01
1.392429322004318237e-01
-4.535073414444923401e-03
4.232005774974822998e-01
9.791021049022674561e-02
-1.336102094501256943e-02
4.280581176280975342e-01
7.118854671716690063e-02
-2.171026170253753662e-02
4.322704374790191650e-01
4.800974577665328979e-02
-2.758485078811645508e-02
4.075306057929992676e-01
1.364496052265167236e-01
-7.345893885940313339e-03
4.157041609287261963e-01
9.381456673145294189e-02
-1.504213269799947739e-02
4.214859306812286377e-01
6.476783752441406250e-02
-2.321424707770347595e-02
4.266883432865142822e-01
3.953209519386291504e-02
-2.924538031220436096e-02
3.967676758766174316e-01
1.388926357030868530e-01
-1.169566065073013306e-02
4.046715199947357178e-01
9.872308373451232910e-02
-1.884166151285171509e-02
4.110093712806701660e-01
7.242800295352935791e-02
-2.415275387465953827e-02
4.165470600128173828e-01
4.978607594966888428e-02
-2.773339301347732544e-02
3.835828006267547607e-01
1.467406004667282104e-01
-1.717517897486686707e-02
3.878167569637298584e-01
1.143481358885765076e-01
-2.332737483084201813e-02
3.923532664775848389e-01
9.370117634534835815e-02
-2.531667426228523254e-02
3.974543511867523193e-01
7.530321925878524780e-02
-2.636958472430706024e-02
