4.676907360553741455e-01
3.608009219169616699e-01
3.360760558734909864e-07
5.023885369300842285e-01
3.488777279853820801e-01
-1.510956976562738419e-02
5.245509743690490723e-01
3.154755830764770508e-01
-2.346934750676155090e-02
5.371720194816589355e-01
2.915668785572052002e-01
-3.248259797692298889e-02
5.493757128715515137e-01
2.713437974452972412e-01
-4.110182449221611023e-02
5.057495236396789551e-01
2.119221687316894531e-01
-4.662173800170421600e-03
5.197285413742065430e-01
1.503455638885498047e-01
-1.937863975763320923e-02
5.312545299530029297e-01
1.060588732361793518e-01
-3.326595947146415710e-02
5.401552319526672363e-01
6.851263344287872314e-02
-4.290913045406341553e-02
4.952192604541778564e-01
2.035453170537948608e-01
-8.534252643585205078e-03
5.090177655220031738e-01
1.344233751296997070e-01
-2.214580029249191284e-02
5.202154517173767090e-01
8.444039523601531982e-02
-3.577900677919387817e-02
5.297349691390991211e-01
4.018843173980712891e-02
-4.536052420735359192e-02
4.834882915019989014e-01
2.008975893259048462e-01
-1.540229562669992447e-02
4.962781369686126709e-01
1.343767642974853516e-01
-2.834684588015079498e-02
5.072292089462280273e-01
8.692409098148345947e-02
-3.832018002867698669e-02
5.154756903648376465e-01
4.699401557445526123e-02
-4.415756091475486755e-02
4.705159366130828857e-01
2.037988454103469849e-01
-2.431476116180419922e-02
4.804135560989379883e-01
1.491099894046783447e-01
-3.436647728085517883e-02
4.884980022907257080e-01
1.108532473444938660e-01
-3.888253867626190186e-02
4.954153597354888916e-01
7.789656519889831543e-02
-4.137109965085983276e-02
