3.965160250663757324e-01
4.037467241287231445e-01
2.191093955161704798e-07
4.315506815910339355e-01
3.854925334453582764e-01
-3.093059407547116280e-03
4.542660713195800781e-01
3.453575372695922852e-01
-2.718070987612009048e-03
4.708217978477478027e-01
3.188349604606628418e-01
-4.850889090448617935e-03
4.857603609561920166e-01
3.022856116294860840e-01
-7.019501179456710815e-03
4.196636080741882324e-01
2.459682673215866089e-01
1.430271472781896591e-02
4.245034158229827881e-01
1.929307729005813599e-01
8.964535780251026154e-03
4.286570250988006592e-01
1.581350564956665039e-01
3.352850908413529396e-04
4.324023425579071045e-01
1.262583732604980469e-01
-6.907436065375804901e-03
4.065409600734710693e-01
2.388636320829391479e-01
6.947259418666362762e-03
4.095200002193450928e-01
1.768289208412170410e-01
2.442556200549006462e-03
4.136855602264404297e-01
1.345775872468948364e-01
-6.048298906534910202e-03
4.182520210742950439e-01
9.681312739849090576e-02
-1.301072444766759872e-02
3.927415609359741211e-01
2.395185232162475586e-01
-2.914600539952516556e-03
3.953777849674224854e-01
1.795734465122222900e-01
-8.356727659702301025e-03
4.008567333221435547e-01
1.416155099868774414e-01
-1.372149027884006500e-02
4.056937098503112793e-01
1.089299470186233521e-01
-1.767112314701080322e-02
3.786687254905700684e-01
2.494094371795654297e-01
-1.419337000697851181e-02
3.802619278430938721e-01
2.003091573715209961e-01
-1.828201860189437866e-02
3.838166296482086182e-01
1.695297509431838989e-01
-1.877529174089431763e-02
3.883226513862609863e-01
1.414434760808944702e-01
-1.935390755534172058e-02
