3.841079473495483398e-01
4.064605236053466797e-01
2.610357228149950970e-07
4.188610613346099854e-01
3.866383731365203857e-01
-5.700675304979085922e-03
4.412521123886108398e-01
3.506918847560882568e-01
-7.249276153743267059e-03
4.572778344154357910e-01
3.220223784446716309e-01
-1.094541605561971664e-02
4.780833125114440918e-01
3.094769120216369629e-01
-1.449146866798400879e-02
4.031291902065277100e-01
2.599243819713592529e-01
1.485992316156625748e-02
4.081751406192779541e-01
2.086776196956634521e-01
9.711216203868389130e-03
4.119389057159423828e-01
1.750354170799255371e-01
1.060305978171527386e-03
4.152807891368865967e-01
1.443526148796081543e-01
-6.145040504634380341e-03
3.894811272621154785e-01
2.527981400489807129e-01
8.860747329890727997e-03
3.917071223258972168e-01
1.922385543584823608e-01
4.727033432573080063e-03
3.950361609458923340e-01
1.512176543474197388e-01
-3.651242936030030251e-03
3.991882205009460449e-01
1.147947609424591064e-01
-1.042648684233427048e-02
3.750430047512054443e-01
2.529582977294921875e-01
-4.267196345608681440e-05
3.765310049057006836e-01
1.933613717555999756e-01
-5.539997015148401260e-03
3.814046680927276611e-01
1.559929698705673218e-01
-1.104723475873470306e-02
3.865736424922943115e-01
1.243737936019897461e-01
-1.481738686561584473e-02
3.601720333099365234e-01
2.615191042423248291e-01
-1.054735016077756882e-02
3.612187802791595459e-01
2.131009995937347412e-01
-1.441824249923229218e-02
3.653262555599212646e-01
1.821087002754211426e-01
-1.492310781031847000e-02
3.709401488304138184e-01
1.534139513969421387e-01
-1.545673608779907227e-02
