4.445583522319793701e-01
2.564608752727508545e-01
2.030464543167909142e-07
4.708425998687744141e-01
2.413945943117141724e-01
-6.942898500710725784e-03
4.925180077552795410e-01
2.083533108234405518e-01
-9.994968771934509277e-03
5.060272216796875000e-01
1.876908540725708008e-01
-1.390581764280796051e-02
5.169227123260498047e-01
1.747909486293792725e-01
-1.808276958763599396e-02
4.727073907852172852e-01
1.376701891422271729e-01
-9.983529889723286033e-05
4.816798567771911621e-01
9.684133529663085938e-02
-9.196626022458076477e-03
4.899479746818542480e-01
7.148525863885879517e-02
-1.850485615432262421e-02
4.976024925708770752e-01
4.994842410087585449e-02
-2.511117421090602875e-02
4.621858298778533936e-01
1.347061395645141602e-01
-4.363728687167167664e-03
4.707561433315277100e-01
8.686682581901550293e-02
-1.186027843505144119e-02
4.774161875247955322e-01
5.382811278104782104e-02
-2.065466903150081635e-02
4.841795265674591064e-01
2.465897798538208008e-02
-2.715399116277694702e-02
4.508889913558959961e-01
1.396140754222869873e-01
-1.049593929201364517e-02
4.579448699951171875e-01
9.303515404462814331e-02
-1.849792711436748505e-02
4.652213454246520996e-01
6.264162808656692505e-02
-2.511406689882278442e-02
4.719575345516204834e-01
3.633540123701095581e-02
-2.952959761023521423e-02
4.373741447925567627e-01
1.523858755826950073e-01
-1.765470951795578003e-02
4.417006671428680420e-01
1.176842451095581055e-01
-2.437740936875343323e-02
4.461261332035064697e-01
9.504852443933486938e-02
-2.666364423930644989e-02
4.509172141551971436e-01
7.438206672668457031e-02
-2.808915078639984131e-02
