4.442327022552490234e-01
3.768830895423889160e-01
2.707725741402100539e-07
4.823361933231353760e-01
3.632166683673858643e-01
-4.056353121995925903e-03
5.035022497177124023e-01
3.246884942054748535e-01
-5.420169327408075333e-03
5.161600708961486816e-01
3.007472157478332520e-01
-9.479446336627006531e-03
5.282009243965148926e-01
2.807834148406982422e-01
-1.391453202813863754e-02
4.838861823081970215e-01
2.203511595726013184e-01
7.779839914292097092e-03
4.931523501873016357e-01
1.621342897415161133e-01
-2.829846926033496857e-03
5.028401017189025879e-01
1.193649768829345703e-01
-1.463015470653772354e-02
5.117051005363464355e-01
8.191901445388793945e-02
-2.342342212796211243e-02
4.736433029174804688e-01
2.117474079132080078e-01
-8.717013988643884659e-04
4.857183992862701416e-01
1.430193185806274414e-01
-9.795624762773513794e-03
4.985188543796539307e-01
9.378808736801147461e-02
-2.137547172605991364e-02
5.105273127555847168e-01
5.037593841552734375e-02
-3.020622394979000092e-02
4.611936509609222412e-01
2.114640027284622192e-01
-1.193412300199270248e-02
4.702008366584777832e-01
1.447620242834091187e-01
-2.114496566355228424e-02
4.800767302513122559e-01
9.993295371532440186e-02
-2.972070127725601196e-02
4.879751503467559814e-01
6.169821321964263916e-02
-3.537045791745185852e-02
4.472439587116241455e-01
2.189744263887405396e-01
-2.432946488261222839e-02
4.536518454551696777e-01
1.631502211093902588e-01
-3.198157623410224915e-02
4.608277380466461182e-01
1.261316835880279541e-01
-3.530469909310340881e-02
4.680444896221160889e-01
9.367208182811737061e-02
-3.751017153263092041e-02
