3.755876421928405762e-01
2.516949772834777832e-01
1.660694266547579900e-07
3.991392552852630615e-01
2.432473599910736084e-01
-6.140479352325201035e-03
4.171211719512939453e-01
2.210075259208679199e-01
-9.305716492235660553e-03
4.290154576301574707e-01
2.058913409709930420e-01
-1.318228337913751602e-02
4.367184042930603027e-01
1.947454065084457397e-01
-1.716306991875171661e-02
4.021269083023071289e-01
1.494555175304412842e-01
9.114631102420389652e-04
4.062374830245971680e-01
1.112607568502426147e-01
-5.292986985296010971e-03
4.091218411922454834e-01
8.740613609552383423e-02
-1.240656618028879166e-02
4.117423892021179199e-01
6.662046909332275391e-02
-1.761553622782230377e-02
3.923239409923553467e-01
1.476211100816726685e-01
-1.990163931623101234e-03
3.973866999149322510e-01
1.079175621271133423e-01
-6.434067618101835251e-03
4.015927910804748535e-01
8.291466534137725830e-02
-1.288818754255771637e-02
4.062945544719696045e-01
6.160003691911697388e-02
-1.801703311502933502e-02
3.816220760345458984e-01
1.508033871650695801e-01
-6.387414876371622086e-03
3.862668573856353760e-01
1.135196983814239502e-01
-1.035237777978181839e-02
3.921287953853607178e-01
9.092070162296295166e-02
-1.395581383258104324e-02
3.983018100261688232e-01
7.195374369621276855e-02
-1.675025746226310730e-02
3.694058358669281006e-01
1.596199870109558105e-01
-1.193078421056270599e-02
3.721138536930084229e-01
1.294851601123809814e-01
-1.517890673130750656e-02
3.759617209434509277e-01
1.105923131108283997e-01
-1.561829168349504471e-02
3.809103965759277344e-01
9.396166354417800903e-02
-1.589618995785713196e-02
