3.708997368812561035e-01
2.708055675029754639e-01
1.572637557956113596e-07
3.945985138416290283e-01
2.586600482463836670e-01
-6.419970653951168060e-03
4.103367924690246582e-01
2.340599298477172852e-01
-1.003427803516387939e-02
4.210974574089050293e-01
2.158056348562240601e-01
-1.434832345694303513e-02
4.307008385658264160e-01
2.076253890991210938e-01
-1.890613324940204620e-02
3.903457820415496826e-01
1.677832156419754028e-01
-1.205198350362479687e-03
3.915668725967407227e-01
1.291413754224777222e-01
-7.766559254378080368e-03
3.920796811580657959e-01
1.050748825073242188e-01
-1.484183687716722488e-02
3.922742903232574463e-01
8.378694951534271240e-02
-2.024837210774421692e-02
3.790653049945831299e-01
1.659687310457229614e-01
-4.423972219228744507e-03
3.807209432125091553e-01
1.223888620734214783e-01
-9.429208002984523773e-03
3.816323578357696533e-01
9.381123632192611694e-02
-1.566736958920955658e-02
3.828320801258087158e-01
6.906329840421676636e-02
-2.075683325529098511e-02
3.675267398357391357e-01
1.707504242658615112e-01
-9.094323962926864624e-03
3.688385486602783203e-01
1.294671595096588135e-01
-1.403635088354349136e-02
3.712699115276336670e-01
1.037920713424682617e-01
-1.846234314143657684e-02
3.733667433261871338e-01
8.204174786806106567e-02
-2.192717790603637695e-02
3.547346591949462891e-01
1.821652054786682129e-01
-1.478566229343414307e-02
3.549335598945617676e-01
1.521553695201873779e-01
-1.897596567869186401e-02
3.565505743026733398e-01
1.325993686914443970e-01
-2.034931816160678864e-02
3.581431508064270020e-01
1.147290021181106567e-01
-2.150277420878410339e-02
