4.448932409286499023e-01
2.512136399745941162e-01
1.728112266619064030e-07
4.722447693347930908e-01
2.374717295169830322e-01
-5.745796021074056625e-03
4.953080117702484131e-01
2.024411410093307495e-01
-7.604919839650392532e-03
5.092533230781555176e-01
1.794460564851760864e-01
-1.060417760163545609e-02
5.208474397659301758e-01
1.653399318456649780e-01
-1.371228229254484177e-02
4.761606454849243164e-01
1.299811303615570068e-01
3.202050924301147461e-03
4.857863485813140869e-01
8.918450772762298584e-02
-5.128086544573307037e-03
4.958351254463195801e-01
6.691455841064453125e-02
-1.437309943139553070e-02
5.051733255386352539e-01
4.867321252822875977e-02
-2.099229022860527039e-02
4.666165113449096680e-01
1.264145821332931519e-01
-1.406670780852437019e-03
4.759877026081085205e-01
7.871045917272567749e-02
-7.896611467003822327e-03
4.845497310161590576e-01
4.742910712957382202e-02
-1.642523333430290222e-02
4.928852021694183350e-01
2.036541700363159180e-02
-2.292207814753055573e-02
4.557771980762481689e-01
1.299480199813842773e-01
-7.975084707140922546e-03
4.639610648155212402e-01
8.339315652847290039e-02
-1.514530368149280548e-02
4.733296632766723633e-01
5.382072925567626953e-02
-2.127649076282978058e-02
4.817425608634948730e-01
2.854131162166595459e-02
-2.549953944981098175e-02
4.425031542778015137e-01
1.408661007881164551e-01
-1.556480862200260162e-02
4.468833208084106445e-01
1.046734452247619629e-01
-2.140104956924915314e-02
4.517226815223693848e-01
8.193342387676239014e-02
-2.300579287111759186e-02
4.566139578819274902e-01
6.164619326591491699e-02
-2.409976907074451447e-02
