4.595399796962738037e-01
1.898542791604995728e-01
1.387612229564183508e-07
4.850547313690185547e-01
1.834612041711807251e-01
-5.400645546615123749e-03
5.059134364128112793e-01
1.583659946918487549e-01
-7.658889982849359512e-03
5.193104743957519531e-01
1.427571475505828857e-01
-1.085549592971801758e-02
5.282086133956909180e-01
1.337827146053314209e-01
-1.437783613801002502e-02
4.977186322212219238e-01
8.369984477758407593e-02
1.546427491120994091e-03
5.055691599845886230e-01
4.285097122192382812e-02
-5.596162751317024231e-03
5.112802982330322266e-01
1.704121381044387817e-02
-1.330801378935575485e-02
5.165482759475708008e-01
-4.435189068317413330e-03
-1.899320259690284729e-02
4.872959554195404053e-01
8.012421429157257080e-02
-2.262371592223644257e-03
4.955472946166992188e-01
3.847461193799972534e-02
-8.554046042263507843e-03
5.017756819725036621e-01
1.267283409833908081e-02
-1.609805785119533539e-02
5.081325769424438477e-01
-1.023055613040924072e-02
-2.173434011638164520e-02
4.755014181137084961e-01
8.172160387039184570e-02
-7.608174346387386322e-03
4.821269810199737549e-01
4.169316962361335754e-02
-1.379070337861776352e-02
4.882091283798217773e-01
1.767668128013610840e-02
-1.789286173880100250e-02
4.936379492282867432e-01
-3.054998815059661865e-03
-2.055908180773258209e-02
4.612870514392852783e-01
8.896499872207641602e-02
-1.395501568913459778e-02
4.656931161880493164e-01
5.519562214612960815e-02
-1.875249668955802917e-02
4.703071415424346924e-01
3.424645960330963135e-02
-1.959793455898761749e-02
4.752606153488159180e-01
1.635932922363281250e-02
-1.992223225533962250e-02
