3.848137259483337402e-01
4.064327776432037354e-01
2.475011342539801262e-07
4.192407727241516113e-01
3.880301117897033691e-01
-5.852177739143371582e-03
4.421948790550231934e-01
3.533544242382049561e-01
-7.934395223855972290e-03
4.584813117980957031e-01
3.254167139530181885e-01
-1.202445104718208313e-02
4.783618152141571045e-01
3.119582533836364746e-01
-1.608210057020187378e-02
4.040194451808929443e-01
2.578505873680114746e-01
1.303179189562797546e-02
4.083254933357238770e-01
2.065781950950622559e-01
7.225242909044027328e-03
4.119343459606170654e-01
1.727886646986007690e-01
-1.892201136797666550e-03
4.153580963611602783e-01
1.416841596364974976e-01
-9.431760758161544800e-03
3.905079364776611328e-01
2.507308125495910645e-01
6.899880710989236832e-03
3.929555118083953857e-01
1.901221871376037598e-01
2.355180215090513229e-03
3.961113691329956055e-01
1.489608883857727051e-01
-6.325568538159132004e-03
3.997990787029266357e-01
1.121939271688461304e-01
-1.347579155117273331e-02
3.763681650161743164e-01
2.509886026382446289e-01
-2.021707361564040184e-03
3.781319558620452881e-01
1.923839747905731201e-01
-7.770809344947338104e-03
3.829246163368225098e-01
1.550399959087371826e-01
-1.337575074285268784e-02
3.876782655715942383e-01
1.229437291622161865e-01
-1.742816902697086334e-02
3.616417944431304932e-01
2.599909305572509766e-01
-1.254416909068822861e-02
3.628877997398376465e-01
2.125708758831024170e-01
-1.657095737755298615e-02
3.670528531074523926e-01
1.820760071277618408e-01
-1.714805886149406433e-02
3.725318908691406250e-01
1.535851359367370605e-01
-1.786245033144950867e-02
