4.327052235603332520e-01
3.884612023830413818e-01
2.245087955543567659e-07
4.690318405628204346e-01
3.691618740558624268e-01
-4.327717702835798264e-03
4.895507693290710449e-01
3.302698731422424316e-01
-5.843806080520153046e-03
5.023362636566162109e-01
3.068309128284454346e-01
-1.024540886282920837e-02
5.143114924430847168e-01
2.871896624565124512e-01
-1.474407408386468887e-02
4.673452973365783691e-01
2.251637428998947144e-01
1.172194629907608032e-02
4.729994833469390869e-01
1.685507595539093018e-01
3.191391704604029655e-03
4.788459241390228271e-01
1.284048557281494141e-01
-7.890317589044570923e-03
4.846913516521453857e-01
9.226100146770477295e-02
-1.667563244700431824e-02
4.555376768112182617e-01
2.190156131982803345e-01
3.374637337401509285e-03
4.608604311943054199e-01
1.562195867300033569e-01
-3.783882595598697662e-03
4.672785699367523193e-01
1.107174605131149292e-01
-1.472885999828577042e-02
4.744304418563842773e-01
6.900282204151153564e-02
-2.349532023072242737e-02
4.421791136264801025e-01
2.203735709190368652e-01
-7.647178601473569870e-03
4.477545320987701416e-01
1.585830003023147583e-01
-1.519816927611827850e-02
4.546564519405364990e-01
1.159099489450454712e-01
-2.250031754374504089e-02
4.607587754726409912e-01
7.868450880050659180e-02
-2.779197134077548981e-02
4.277244508266448975e-01
2.297062277793884277e-01
-2.024398557841777802e-02
4.314245581626892090e-01
1.777669340372085571e-01
-2.626922540366649628e-02
4.371588230133056641e-01
1.433369517326354980e-01
-2.837671898305416107e-02
4.433357417583465576e-01
1.120938807725906372e-01
-3.002072125673294067e-02
