3.802985548973083496e-01
2.232984602451324463e-01
1.785433738632491441e-07
4.076466858386993408e-01
2.149668037891387939e-01
-8.347825147211551666e-03
4.298347234725952148e-01
1.954565048217773438e-01
-1.357710920274257660e-02
4.459600448608398438e-01
1.783257573843002319e-01
-1.937879249453544617e-02
4.598579108715057373e-01
1.679034829139709473e-01
-2.521341666579246521e-02
4.150060415267944336e-01
1.163800358772277832e-01
-1.387458411045372486e-03
4.199032485485076904e-01
7.399500161409378052e-02
-9.381188079714775085e-03
4.235121607780456543e-01
4.726760834455490112e-02
-1.784151978790760040e-02
4.271013736724853516e-01
2.397802472114562988e-02
-2.401672489941120148e-02
4.018106162548065186e-01
1.109040901064872742e-01
-4.324552137404680252e-03
4.078775942325592041e-01
6.649785488843917847e-02
-1.053270418196916580e-02
4.126302599906921387e-01
3.865718096494674683e-02
-1.777102239429950714e-02
4.182250499725341797e-01
1.509173214435577393e-02
-2.340275980532169342e-02
3.880985081195831299e-01
1.121182441711425781e-01
-9.031204506754875183e-03
3.938131332397460938e-01
6.981886923313140869e-02
-1.474842429161071777e-02
3.994558453559875488e-01
4.392968118190765381e-02
-1.863930746912956238e-02
4.056227207183837891e-01
2.250654995441436768e-02
-2.145465090870857239e-02
3.725743889808654785e-01
1.202705875039100647e-01
-1.506262831389904022e-02
3.767889142036437988e-01
8.552192151546478271e-02
-1.960018277168273926e-02
3.812299370765686035e-01
6.360215693712234497e-02
-2.031851746141910553e-02
3.868387043476104736e-01
4.411590844392776489e-02
-2.060576900839805603e-02
