3.966331481933593750e-01
2.614419162273406982e-01
1.505799076539915404e-07
4.195071458816528320e-01
2.487775683403015137e-01
-8.893296122550964355e-03
4.394611716270446777e-01
2.206167727708816528e-01
-1.336286403238773346e-02
4.499940872192382812e-01
2.002818882465362549e-01
-1.790738850831985474e-02
4.584723114967346191e-01
1.840695142745971680e-01
-2.228840813040733337e-02
4.209204316139221191e-01
1.510389000177383423e-01
-2.438942436128854752e-03
4.208151400089263916e-01
1.109629645943641663e-01
-1.027853786945343018e-02
4.209924936294555664e-01
8.568195253610610962e-02
-1.831289380788803101e-02
4.219667315483093262e-01
6.390280276536941528e-02
-2.397981844842433929e-02
4.095477163791656494e-01
1.502464115619659424e-01
-4.467656835913658142e-03
4.111272096633911133e-01
1.083268076181411743e-01
-1.038846466690301895e-02
4.126332998275756836e-01
8.126844465732574463e-02
-1.703544147312641144e-02
4.155609905719757080e-01
5.788721144199371338e-02
-2.203831635415554047e-02
3.979531228542327881e-01
1.554359048604965210e-01
-8.278381079435348511e-03
3.993646204471588135e-01
1.151252090930938721e-01
-1.402081269770860672e-02
4.019791781902313232e-01
9.061956405639648438e-02
-1.756670512259006500e-02
4.054024815559387207e-01
6.963646411895751953e-02
-1.994100958108901978e-02
3.845099806785583496e-01
1.674043387174606323e-01
-1.338779926300048828e-02
3.857832849025726318e-01
1.348808854818344116e-01
-1.820794306695461273e-02
3.875550329685211182e-01
1.149121075868606567e-01
-1.900771446526050568e-02
3.901903927326202393e-01
9.696664661169052124e-02
-1.918851397931575775e-02
