4.442623257637023926e-01
3.671342134475708008e-01
2.244353396463338868e-07
4.798002839088439941e-01
3.593742251396179199e-01
-5.877484567463397980e-03
5.023528337478637695e-01
3.235699236392974854e-01
-7.812671363353729248e-03
5.144097208976745605e-01
2.997687757015228271e-01
-1.211295463144779205e-02
5.242754220962524414e-01
2.807132601737976074e-01
-1.633938774466514587e-02
4.892973899841308594e-01
2.136600017547607422e-01
7.851985283195972443e-03
5.018320083618164062e-01
1.561838835477828979e-01
-2.032817341387271881e-03
5.140877962112426758e-01
1.174071058630943298e-01
-1.309266220778226852e-02
5.250195860862731934e-01
8.469478785991668701e-02
-2.118818648159503937e-02
4.793944358825683594e-01
2.028219848871231079e-01
7.780053419992327690e-04
4.928588569164276123e-01
1.363766342401504517e-01
-7.300726138055324554e-03
5.058735013008117676e-01
9.314401447772979736e-02
-1.802812330424785614e-02
5.177732706069946289e-01
5.543079972267150879e-02
-2.613021992146968842e-02
4.671895802021026611e-01
1.998021155595779419e-01
-8.854728192090988159e-03
4.784405231475830078e-01
1.344155222177505493e-01
-1.735711097717285156e-02
4.890088140964508057e-01
9.274947643280029297e-02
-2.536365389823913574e-02
4.975402653217315674e-01
5.753001570701599121e-02
-3.058157674968242645e-02
4.526772499084472656e-01
2.044495493173599243e-01
-1.997310481965541840e-02
4.583117961883544922e-01
1.502530127763748169e-01
-2.635844424366950989e-02
4.643769860267639160e-01
1.140527576208114624e-01
-2.904152683913707733e-02
4.700334370136260986e-01
8.285464346408843994e-02
-3.086976893246173859e-02
