4.718986749649047852e-01
3.655743598937988281e-01
2.974861104121373501e-07
5.066441297531127930e-01
3.538544178009033203e-01
-1.190662849694490433e-02
5.295993685722351074e-01
3.202218413352966309e-01
-1.843839511275291443e-02
5.423192381858825684e-01
2.971863150596618652e-01
-2.620281837880611420e-02
5.534088611602783203e-01
2.779790759086608887e-01
-3.388873860239982605e-02
5.106729865074157715e-01
2.125930488109588623e-01
-7.857879390940070152e-04
5.247683525085449219e-01
1.527674496173858643e-01
-1.407653745263814926e-02
5.363981127738952637e-01
1.098934113979339600e-01
-2.751784957945346832e-02
5.453740954399108887e-01
7.303713262081146240e-02
-3.711714968085289001e-02
5.002700090408325195e-01
2.050267606973648071e-01
-6.235413718968629837e-03
5.150516033172607422e-01
1.364047229290008545e-01
-1.812796294689178467e-02
5.271322727203369141e-01
8.610153198242187500e-02
-3.170632570981979370e-02
5.375268459320068359e-01
4.108260571956634521e-02
-4.166212305426597595e-02
4.881102144718170166e-01
2.035465836524963379e-01
-1.443103607743978500e-02
5.019527673721313477e-01
1.361196041107177734e-01
-2.606592513620853424e-02
5.139163732528686523e-01
8.780331909656524658e-02
-3.668893501162528992e-02
5.228867530822753906e-01
4.639880359172821045e-02
-4.338518530130386353e-02
4.741466343402862549e-01
2.088125199079513550e-01
-2.439873479306697845e-02
4.831584095954895020e-01
1.533322632312774658e-01
-3.389562293887138367e-02
4.908059537410736084e-01
1.142938658595085144e-01
-3.867978230118751526e-02
4.970887601375579834e-01
8.027917146682739258e-02
-4.160814359784126282e-02
