4.606041014194488525e-01
3.628916144371032715e-01
3.062146447518898640e-07
4.937886893749237061e-01
3.519219458103179932e-01
-1.285342127084732056e-02
5.153280496597290039e-01
3.182372450828552246e-01
-1.906660385429859161e-02
5.285006761550903320e-01
2.944790124893188477e-01
-2.619291841983795166e-02
5.405440926551818848e-01
2.743056416511535645e-01
-3.306075558066368103e-02
4.987908005714416504e-01
2.135993838310241699e-01
-8.052741759456694126e-04
5.113646984100341797e-01
1.551495045423507690e-01
-1.324556116014719009e-02
5.214522480964660645e-01
1.124320253729820251e-01
-2.599482797086238861e-02
5.300940871238708496e-01
7.546806335449218750e-02
-3.535814955830574036e-02
4.879002273082733154e-01
2.037340253591537476e-01
-5.254129413515329361e-03
4.990839958190917969e-01
1.346329450607299805e-01
-1.693282648921012878e-02
5.094967484474182129e-01
8.441311120986938477e-02
-2.977371402084827423e-02
5.187715888023376465e-01
4.028534889221191406e-02
-3.909318894147872925e-02
4.751704633235931396e-01
2.019998133182525635e-01
-1.256181858479976654e-02
4.845809638500213623e-01
1.345840096473693848e-01
-2.462167851626873016e-02
4.953923821449279785e-01
8.779348433017730713e-02
-3.445520624518394470e-02
5.035669803619384766e-01
4.878365993499755859e-02
-4.034321010112762451e-02
4.605712294578552246e-01
2.076422423124313354e-01
-2.169553004205226898e-02
4.684858620166778564e-01
1.538212299346923828e-01
-3.156529739499092102e-02
4.757214188575744629e-01
1.162488833069801331e-01
-3.612763807177543640e-02
4.818190336227416992e-01
8.395440876483917236e-02
-3.875378146767616272e-02
