4.572161436080932617e-01
1.904339492321014404e-01
1.410142260738211917e-07
4.833778738975524902e-01
1.825318038463592529e-01
-5.925984121859073639e-03
5.046189427375793457e-01
1.583895981311798096e-01
-8.903915062546730042e-03
5.183159112930297852e-01
1.428471058607101440e-01
-1.295301783829927444e-02
5.291095972061157227e-01
1.324789822101593018e-01
-1.727992109954357147e-02
4.977528750896453857e-01
8.229255676269531250e-02
2.005985472351312637e-03
5.063271522521972656e-01
4.146827012300491333e-02
-5.234043113887310028e-03
5.118041634559631348e-01
1.561204344034194946e-02
-1.321706362068653107e-02
5.168187618255615234e-01
-6.249122321605682373e-03
-1.909361965954303741e-02
4.870730340480804443e-01
7.861733436584472656e-02
-1.766383997164666653e-03
4.958229064941406250e-01
3.753875941038131714e-02
-7.824943400919437408e-03
5.017378926277160645e-01
1.179388165473937988e-02
-1.561647281050682068e-02
5.077782869338989258e-01
-1.092719286680221558e-02
-2.153354883193969727e-02
4.751585721969604492e-01
8.057771623134613037e-02
-7.165220566093921661e-03
4.821998476982116699e-01
4.082764685153961182e-02
-1.322302129119634628e-02
4.877400398254394531e-01
1.719877868890762329e-02
-1.732485927641391754e-02
4.928250312805175781e-01
-2.554170787334442139e-03
-2.003250457346439362e-02
4.608667790889739990e-01
8.829853683710098267e-02
-1.364334858953952789e-02
4.654740989208221436e-01
5.472476407885551453e-02
-1.832383126020431519e-02
4.701220989227294922e-01
3.400573134422302246e-02
-1.896597631275653839e-02
4.750473201274871826e-01
1.663655787706375122e-02
-1.909118704497814178e-02
