4.751899242401123047e-01
3.670687675476074219e-01
3.417726190946268616e-07
5.095748305320739746e-01
3.559063374996185303e-01
-1.841665245592594147e-02
5.328204035758972168e-01
3.202913403511047363e-01
-2.781496755778789520e-02
5.457348823547363281e-01
2.950569093227386475e-01
-3.710884228348731995e-02
5.573527812957763672e-01
2.718247175216674805e-01
-4.569993540644645691e-02
5.136904716491699219e-01
2.169680297374725342e-01
-8.238133974373340607e-03
5.277206301689147949e-01
1.531508415937423706e-01
-2.390423789620399475e-02
5.394951105117797852e-01
1.063553541898727417e-01
-3.844356536865234375e-02
5.485833883285522461e-01
6.717477738857269287e-02
-4.834171384572982788e-02
5.035491585731506348e-01
2.091068923473358154e-01
-1.019000355154275894e-02
5.180766582489013672e-01
1.419099271297454834e-01
-2.431758679449558258e-02
5.300269722938537598e-01
9.191611409187316895e-02
-3.811222314834594727e-02
5.409405231475830078e-01
4.702031612396240234e-02
-4.756931588053703308e-02
4.933496415615081787e-01
2.059619575738906860e-01
-1.509661413729190826e-02
5.065671801567077637e-01
1.418967097997665405e-01
-2.759249880909919739e-02
5.172815918922424316e-01
9.573586285114288330e-02
-3.555884212255477905e-02
5.261361002922058105e-01
5.672258138656616211e-02
-3.979484736919403076e-02
4.826240837574005127e-01
2.081106752157211304e-01
-2.253194339573383331e-02
4.930072724819183350e-01
1.543101370334625244e-01
-3.137357160449028015e-02
5.019788146018981934e-01
1.163703128695487976e-01
-3.387490287423133850e-02
5.104668140411376953e-01
8.507969975471496582e-02
-3.457972779870033264e-02
