3.970218300819396973e-01
4.043651819229125977e-01
2.052268399665990728e-07
4.317588210105895996e-01
3.859577476978302002e-01
-5.535968579351902008e-03
4.546381831169128418e-01
3.460634946823120117e-01
-6.018870044499635696e-03
4.705423414707183838e-01
3.180608749389648438e-01
-8.512407541275024414e-03
4.857957959175109863e-01
3.019432127475738525e-01
-1.091813296079635620e-02
4.213033914566040039e-01
2.455479353666305542e-01
1.234854944050312042e-02
4.244817793369293213e-01
1.918240189552307129e-01
6.741573568433523178e-03
4.278484582901000977e-01
1.567416191101074219e-01
-2.092281123623251915e-03
4.307258725166320801e-01
1.248210072517395020e-01
-9.353795088827610016e-03
4.074340462684631348e-01
2.388531714677810669e-01
6.200880277901887894e-03
4.093371629714965820e-01
1.778423190116882324e-01
1.595031004399061203e-03
4.124166369438171387e-01
1.366361230611801147e-01
-7.004675455391407013e-03
4.155822098255157471e-01
1.000276505947113037e-01
-1.390828751027584076e-02
3.931829631328582764e-01
2.394635081291198730e-01
-2.600524574518203735e-03
3.940302431583404541e-01
1.818204969167709351e-01
-8.215166628360748291e-03
3.981174230575561523e-01
1.439446657896041870e-01
-1.346973236650228500e-02
4.021278917789459229e-01
1.114086955785751343e-01
-1.711019128561019897e-02
3.782848715782165527e-01
2.487290799617767334e-01
-1.308805309236049652e-02
3.783521056175231934e-01
1.997095644474029541e-01
-1.740718819200992584e-02
3.809106051921844482e-01
1.686291396617889404e-01
-1.788956299424171448e-02
3.849077522754669189e-01
1.408724337816238403e-01
-1.820291019976139069e-02
