3.789196312427520752e-01
2.422451972961425781e-01
1.800787288175342837e-07
4.021450877189636230e-01
2.351090908050537109e-01
-5.976503714919090271e-03
4.203245341777801514e-01
2.138665914535522461e-01
-9.199758991599082947e-03
4.328389763832092285e-01
1.997701227664947510e-01
-1.311044860631227493e-02
4.421350061893463135e-01
1.885828971862792969e-01
-1.712633483111858368e-02
4.103889763355255127e-01
1.418351978063583374e-01
6.276385392993688583e-04
4.160054326057434082e-01
1.033290326595306396e-01
-5.598257761448621750e-03
4.200409054756164551e-01
7.833195477724075317e-02
-1.285288296639919281e-02
4.235462546348571777e-01
5.664898455142974854e-02
-1.817874424159526825e-02
4.012022614479064941e-01
1.387749463319778442e-01
-2.469392027705907822e-03
4.078082442283630371e-01
9.882421046495437622e-02
-6.920126266777515411e-03
4.127300679683685303e-01
7.237079739570617676e-02
-1.358290109783411026e-02
4.175665378570556641e-01
5.019386112689971924e-02
-1.890102587640285492e-02
3.907254338264465332e-01
1.410001665353775024e-01
-6.963023450225591660e-03
3.971622288227081299e-01
1.034338697791099548e-01
-1.096944138407707214e-02
4.029209911823272705e-01
7.953438162803649902e-02
-1.492530573159456253e-02
4.081986546516418457e-01
5.948004871606826782e-02
-1.802972704172134399e-02
3.782960176467895508e-01
1.491135507822036743e-01
-1.254362147301435471e-02
3.822552561759948730e-01
1.185848042368888855e-01
-1.589088886976242065e-02
3.862414360046386719e-01
9.984949976205825806e-02
-1.641542650759220123e-02
3.907745778560638428e-01
8.337427675724029541e-02
-1.673253253102302551e-02
