3.891027271747589111e-01
3.585621416568756104e-01
2.251075983394912328e-07
4.264717996120452881e-01
3.510343432426452637e-01
-5.491087678819894791e-03
4.533352255821228027e-01
3.197469115257263184e-01
-8.826395496726036072e-03
4.695057868957519531e-01
2.967172861099243164e-01
-1.432847511023283005e-02
4.850456118583679199e-01
2.818933427333831787e-01
-1.986883953213691711e-02
4.338311553001403809e-01
2.019999176263809204e-01
7.718452252447605133e-03
4.463587701320648193e-01
1.467154324054718018e-01
9.804550791159272194e-04
4.565812349319458008e-01
1.170714497566223145e-01
-8.204591460525989532e-03
4.664687514305114746e-01
9.017114341259002686e-02
-1.538965106010437012e-02
4.192530214786529541e-01
1.904688477516174316e-01
7.247550529427826405e-04
4.309073090553283691e-01
1.219868436455726624e-01
-4.420344252139329910e-03
4.433794021606445312e-01
8.125841617584228516e-02
-1.312685571610927582e-02
4.552749693393707275e-01
4.721790552139282227e-02
-2.044060453772544861e-02
4.026577472686767578e-01
1.889676153659820557e-01
-8.764276280999183655e-03
4.127884805202484131e-01
1.217528954148292542e-01
-1.494803372770547867e-02
4.251428842544555664e-01
8.157192170619964600e-02
-2.272114530205726624e-02
4.363940358161926270e-01
4.918520152568817139e-02
-2.866040728986263275e-02
3.834646940231323242e-01
1.975744664669036865e-01
-1.950865425169467926e-02
3.854788839817047119e-01
1.427024006843566895e-01
-2.492684312164783478e-02
3.894397318363189697e-01
1.056588441133499146e-01
-2.764886245131492615e-02
3.940457403659820557e-01
7.204277813434600830e-02
-3.009120002388954163e-02
