3.685190379619598389e-01
3.321827650070190430e-01
2.833492374065826880e-07
4.081975817680358887e-01
3.302925825119018555e-01
-1.149880327284336090e-02
4.429881870746612549e-01
3.035298585891723633e-01
-1.766181178390979767e-02
4.663106799125671387e-01
2.800202071666717529e-01
-2.460023760795593262e-02
4.821018576622009277e-01
2.713055014610290527e-01
-3.171648830175399780e-02
4.241070747375488281e-01
1.860594600439071655e-01
-2.392450813204050064e-03
4.376800656318664551e-01
1.273930966854095459e-01
-1.103902887552976608e-02
4.462738633155822754e-01
9.394759684801101685e-02
-2.035793848335742950e-02
4.538876414299011230e-01
6.663252413272857666e-02
-2.710698544979095459e-02
4.061752259731292725e-01
1.722692996263504028e-01
-6.318201310932636261e-03
4.177860319614410400e-01
1.013001799583435059e-01
-1.337232906371355057e-02
4.269644916057586670e-01
5.748669803142547607e-02
-2.225135080516338348e-02
4.348824024200439453e-01
2.395103871822357178e-02
-2.861796505749225616e-02
3.863067328929901123e-01
1.698448359966278076e-01
-1.257852278649806976e-02
3.946875333786010742e-01
9.888855367898941040e-02
-2.041334100067615509e-02
4.022986292839050293e-01
5.481542646884918213e-02
-2.898112870752811432e-02
4.089750051498413086e-01
2.124577760696411133e-02
-3.437463194131851196e-02
3.635080754756927490e-01
1.788202077150344849e-01
-2.031250111758708954e-02
3.634425103664398193e-01
1.212120801210403442e-01
-2.740359678864479065e-02
3.650673329830169678e-01
8.366112411022186279e-02
-3.110597096383571625e-02
3.678855895996093750e-01
5.162853002548217773e-02
-3.317322954535484314e-02
