4.409095048904418945e-01
1.965593844652175903e-01
2.035496322605467867e-07
4.669737517833709717e-01
1.887830793857574463e-01
-8.863735944032669067e-03
4.917476773262023926e-01
1.680050790309906006e-01
-1.436147745698690414e-02
5.051400065422058105e-01
1.560988724231719971e-01
-2.062033489346504211e-02
5.113458633422851562e-01
1.433070152997970581e-01
-2.697571739554405212e-02
4.807541072368621826e-01
8.297975361347198486e-02
-9.803727734833955765e-04
4.884919226169586182e-01
4.067574441432952881e-02
-1.034883968532085419e-02
4.942809343338012695e-01
1.422851532697677612e-02
-2.027680166065692902e-02
5.006667375564575195e-01
-7.673226296901702881e-03
-2.713632583618164062e-02
4.683500826358795166e-01
7.898885011672973633e-02
-4.216178786009550095e-03
4.762454032897949219e-01
3.561121225357055664e-02
-1.141742337495088577e-02
4.821708202362060547e-01
8.344322443008422852e-03
-2.053114585578441620e-02
4.891560971736907959e-01
-1.425379514694213867e-02
-2.729498222470283508e-02
4.552621245384216309e-01
8.086618781089782715e-02
-9.323680773377418518e-03
4.614163637161254883e-01
3.960791975259780884e-02
-1.589946635067462921e-02
4.665167927742004395e-01
1.490093022584915161e-02
-2.007546275854110718e-02
4.722918272018432617e-01
-4.641704261302947998e-03
-2.270251139998435974e-02
4.403195977210998535e-01
8.946700394153594971e-02
-1.586715318262577057e-02
4.454349875450134277e-01
5.501342937350273132e-02
-2.080140076577663422e-02
4.501562714576721191e-01
3.409322351217269897e-02
-2.107536047697067261e-02
4.559879899024963379e-01
1.652511954307556152e-02
-2.069298923015594482e-02
