4.114015400409698486e-01
3.977596759796142578e-01
2.153975771079785773e-07
4.465955495834350586e-01
3.816549181938171387e-01
-6.588317919522523880e-03
4.690538346767425537e-01
3.411936759948730469e-01
-7.151249796152114868e-03
4.849548339843750000e-01
3.116148412227630615e-01
-9.636869654059410095e-03
4.989342689514160156e-01
2.919081449508666992e-01
-1.214970834553241730e-02
4.412857294082641602e-01
2.381410002708435059e-01
1.083420589566230774e-02
4.456012547016143799e-01
1.827195435762405396e-01
4.123497754335403442e-03
4.491682052612304688e-01
1.448423266410827637e-01
-5.269535817205905914e-03
4.521965682506561279e-01
1.105749905109405518e-01
-1.295113749802112579e-02
4.273717105388641357e-01
2.305960208177566528e-01
4.857261199504137039e-03
4.316847622394561768e-01
1.682374477386474609e-01
-9.716246859170496464e-04
4.357998073101043701e-01
1.247878074645996094e-01
-1.043616980314254761e-02
4.405961334705352783e-01
8.551701903343200684e-02
-1.791693083941936493e-02
4.124073386192321777e-01
2.309341728687286377e-01
-3.885292680934071541e-03
4.155718982219696045e-01
1.707313060760498047e-01
-1.080518215894699097e-02
4.205324947834014893e-01
1.303034126758575439e-01
-1.711754500865936279e-02
4.256087243556976318e-01
9.449905157089233398e-02
-2.143016271293163300e-02
3.961987793445587158e-01
2.400944828987121582e-01
-1.432845927774906158e-02
3.986656665802001953e-01
1.889785081148147583e-01
-1.972396671772003174e-02
4.026993215084075928e-01
1.563875675201416016e-01
-2.107997238636016846e-02
4.082336127758026123e-01
1.265912353992462158e-01
-2.204334363341331482e-02
