3.817113935947418213e-01
2.169334143400192261e-01
2.107056502609339077e-07
4.082759916782379150e-01
2.092113494873046875e-01
-1.014516316354274750e-02
4.307334423065185547e-01
1.898835301399230957e-01
-1.666790060698986053e-02
4.464936852455139160e-01
1.740878820419311523e-01
-2.325635403394699097e-02
4.609258770942687988e-01
1.644433289766311646e-01
-2.982735447585582733e-02
4.177437722682952881e-01
1.111340671777725220e-01
-5.881105549633502960e-03
4.243498742580413818e-01
6.857026368379592896e-02
-1.484589464962482452e-02
4.292940497398376465e-01
4.275543242692947388e-02
-2.367053553462028503e-02
4.340367317199707031e-01
2.040560543537139893e-02
-2.976280264556407928e-02
4.043916463851928711e-01
1.053097248077392578e-01
-7.929299958050251007e-03
4.118645787239074707e-01
5.992566049098968506e-02
-1.436703279614448547e-02
4.171988666057586670e-01
3.096978366374969482e-02
-2.135317400097846985e-02
4.226876199245452881e-01
6.803870201110839844e-03
-2.667711861431598663e-02
3.902751505374908447e-01
1.073997691273689270e-01
-1.162685547024011612e-02
3.965600132942199707e-01
6.526049226522445679e-02
-1.722193695604801178e-02
4.022162556648254395e-01
3.919854760169982910e-02
-2.094950526952743530e-02
4.081239402294158936e-01
1.805640012025833130e-02
-2.356707304716110229e-02
3.735993206501007080e-01
1.170519143342971802e-01
-1.670094206929206848e-02
3.763318359851837158e-01
8.277384191751480103e-02
-2.111224830150604248e-02
3.799821138381958008e-01
6.085619330406188965e-02
-2.155133150517940521e-02
3.842094838619232178e-01
4.198905080556869507e-02
-2.148205228149890900e-02
