3.823454678058624268e-01
2.233055531978607178e-01
1.802808071715844562e-07
4.085894227027893066e-01
2.139212489128112793e-01
-9.035871364176273346e-03
4.303049445152282715e-01
1.943660676479339600e-01
-1.531737111508846283e-02
4.456144869327545166e-01
1.782437413930892944e-01
-2.199205569922924042e-02
4.583216905593872070e-01
1.670225262641906738e-01
-2.875481918454170227e-02
4.165435433387756348e-01
1.169468909502029419e-01
-5.057368893176317215e-03
4.219574332237243652e-01
7.319498807191848755e-02
-1.424133218824863434e-02
4.259998202323913574e-01
4.648434370756149292e-02
-2.327527105808258057e-02
4.295916855335235596e-01
2.324924618005752563e-02
-2.955435030162334442e-02
4.037794470787048340e-01
1.123441532254219055e-01
-7.959930226206779480e-03
4.100646376609802246e-01
6.605148315429687500e-02
-1.481106411665678024e-02
4.146242439746856689e-01
3.737484663724899292e-02
-2.209938503801822662e-02
4.193968474864959717e-01
1.343043148517608643e-02
-2.765019424259662628e-02
3.900769948959350586e-01
1.146102845668792725e-01
-1.248101983219385147e-02
3.953528106212615967e-01
7.045195996761322021e-02
-1.833630166947841644e-02
4.004460573196411133e-01
4.342508316040039062e-02
-2.222308143973350525e-02
4.057004451751708984e-01
2.142768353223800659e-02
-2.498425170779228210e-02
3.741208910942077637e-01
1.236893236637115479e-01
-1.831727288663387299e-02
3.771254420280456543e-01
8.758306503295898438e-02
-2.301909402012825012e-02
3.803700208663940430e-01
6.461217999458312988e-02
-2.373234927654266357e-02
3.840895891189575195e-01
4.491160064935684204e-02
-2.387310378253459930e-02
