4.279147386550903320e-01
2.641008496284484863e-01
1.878323985238239402e-07
4.527205526828765869e-01
2.495247274637222290e-01
-5.790374707430601120e-03
4.727463126182556152e-01
2.204493582248687744e-01
-8.393554948270320892e-03
4.842423200607299805e-01
2.007436752319335938e-01
-1.210777275264263153e-02
4.927923083305358887e-01
1.860131919384002686e-01
-1.605976000428199768e-02
4.537001848220825195e-01
1.536410599946975708e-01
3.156990278512239456e-03
4.618184864521026611e-01
1.192821413278579712e-01
-4.911502357572317123e-03
4.705136418342590332e-01
9.967923164367675781e-02
-1.422736328095197678e-02
4.794803559780120850e-01
8.270198106765747070e-02
-2.067301422357559204e-02
4.425958991050720215e-01
1.499457657337188721e-01
-9.024088503792881966e-04
4.485779702663421631e-01
1.080392748117446899e-01
-6.876189261674880981e-03
4.538060128688812256e-01
7.921536266803741455e-02
-1.509136334061622620e-02
4.600003659725189209e-01
5.411894619464874268e-02
-2.126781828701496124e-02
4.309507310390472412e-01
1.524714678525924683e-01
-6.824135780334472656e-03
4.354640841484069824e-01
1.120306402444839478e-01
-1.304407604038715363e-02
4.417057633399963379e-01
8.534810692071914673e-02
-1.821709983050823212e-02
4.484940469264984131e-01
6.296531111001968384e-02
-2.170204371213912964e-02
4.174880981445312500e-01
1.628639250993728638e-01
-1.381599809974431992e-02
4.194045662879943848e-01
1.312773227691650391e-01
-1.844845339655876160e-02
4.228351712226867676e-01
1.106520444154739380e-01
-1.910222135484218597e-02
4.275841116905212402e-01
9.234571456909179688e-02
-1.938590407371520996e-02
