3.871415257453918457e-01
2.152217626571655273e-01
1.989334776908435742e-07
4.146044552326202393e-01
2.058376371860504150e-01
-8.722600527107715607e-03
4.366027712821960449e-01
1.822975724935531616e-01
-1.369708124548196793e-02
4.521936178207397461e-01
1.658122092485427856e-01
-1.906900294125080109e-02
4.655472040176391602e-01
1.553460359573364258e-01
-2.464143000543117523e-02
4.209177792072296143e-01
1.050253212451934814e-01
-3.389412770047783852e-03
4.278956949710845947e-01
6.173484027385711670e-02
-1.201197598129510880e-02
4.324637651443481445e-01
3.427608311176300049e-02
-2.092990465462207794e-02
4.369228780269622803e-01
1.071774959564208984e-02
-2.730322070419788361e-02
4.071902036666870117e-01
1.006373763084411621e-01
-5.950355902314186096e-03
4.136611819267272949e-01
5.479956418275833130e-02
-1.248207874596118927e-02
4.181680083274841309e-01
2.518829703330993652e-02
-2.018444053828716278e-02
4.232621490955352783e-01
5.806982517242431641e-05
-2.614764124155044556e-02
3.932007551193237305e-01
1.033574491739273071e-01
-1.011261809617280960e-02
3.986173570156097412e-01
6.027739495038986206e-02
-1.617854274809360504e-02
4.032723307609558105e-01
3.343139588832855225e-02
-2.065609209239482880e-02
4.080488085746765137e-01
1.097168773412704468e-02
-2.385265007615089417e-02
3.771349489688873291e-01
1.132611781358718872e-01
-1.552340481430292130e-02
3.801138997077941895e-01
7.872703671455383301e-02
-2.082481607794761658e-02
3.830034136772155762e-01
5.616191774606704712e-02
-2.207926101982593536e-02
3.865060806274414062e-01
3.624869138002395630e-02
-2.259365841746330261e-02
