4.244619011878967285e-01
3.743054866790771484e-01
1.931309441260964377e-07
4.601533412933349609e-01
3.690362572669982910e-01
-3.467870876193046570e-03
4.817587435245513916e-01
3.325310051441192627e-01
-4.017710685729980469e-03
4.928666651248931885e-01
3.063153922557830811e-01
-6.900051608681678772e-03
5.017808079719543457e-01
2.906754910945892334e-01
-9.811541996896266937e-03
4.626879692077636719e-01
2.218064069747924805e-01
9.413518942892551422e-03
4.741480350494384766e-01
1.646964102983474731e-01
2.807249780744314194e-03
4.848285019397735596e-01
1.308555305004119873e-01
-5.624009296298027039e-03
4.942561984062194824e-01
1.018424779176712036e-01
-1.211475487798452377e-02
4.515174031257629395e-01
2.109490334987640381e-01
2.326920861378312111e-03
4.637945890426635742e-01
1.444988548755645752e-01
-2.623999724164605141e-03
4.761196970939636230e-01
1.048808842897415161e-01
-1.059475913643836975e-02
4.876816868782043457e-01
7.137651741504669189e-02
-1.711006276309490204e-02
4.378114044666290283e-01
2.080096602439880371e-01
-7.084602024406194687e-03
4.485115110874176025e-01
1.417898833751678467e-01
-1.307568512856960297e-02
4.595216214656829834e-01
1.012673228979110718e-01
-2.039815112948417664e-02
4.686997830867767334e-01
6.823104619979858398e-02
-2.572760172188282013e-02
4.208719432353973389e-01
2.138803303241729736e-01
-1.762137003242969513e-02
4.241836965084075928e-01
1.588389873504638672e-01
-2.257400751113891602e-02
4.276723861694335938e-01
1.221226602792739868e-01
-2.508684247732162476e-02
4.306430518627166748e-01
8.963926136493682861e-02
-2.729458734393119812e-02
