4.404047131538391113e-01
3.708535134792327881e-01
2.159176801797002554e-07
4.762758910655975342e-01
3.601888418197631836e-01
-6.032113917171955109e-03
4.980607330799102783e-01
3.241976797580718994e-01
-8.179092779755592346e-03
5.103456377983093262e-01
3.016057908535003662e-01
-1.268829125910997391e-02
5.192452669143676758e-01
2.830000221729278564e-01
-1.730151847004890442e-02
4.830317199230194092e-01
2.126334011554718018e-01
7.906832732260227203e-03
4.949881434440612793e-01
1.550379097461700439e-01
-1.739332801662385464e-03
5.068864822387695312e-01
1.170998141169548035e-01
-1.303243730217218399e-02
5.175548791885375977e-01
8.398249745368957520e-02
-2.142534404993057251e-02
4.723664820194244385e-01
2.028235942125320435e-01
7.032449357211589813e-04
4.860180914402008057e-01
1.377707123756408691e-01
-6.597273051738739014e-03
4.997288286685943604e-01
9.600369632244110107e-02
-1.729357801377773285e-02
5.124595165252685547e-01
5.981954932212829590e-02
-2.579985931515693665e-02
4.595004320144653320e-01
2.009099423885345459e-01
-9.146957658231258392e-03
4.711012244224548340e-01
1.369563043117523193e-01
-1.651773788034915924e-02
4.828643202781677246e-01
9.544381499290466309e-02
-2.442657016217708588e-02
4.929160177707672119e-01
6.077089905738830566e-02
-3.013319522142410278e-02
4.438401460647583008e-01
2.070357203483581543e-01
-2.059075795114040375e-02
4.484764635562896729e-01
1.518918871879577637e-01
-2.633257396519184113e-02
4.540213346481323242e-01
1.151522919535636902e-01
-2.885237894952297211e-02
4.595532715320587158e-01
8.332164585590362549e-02
-3.093717619776725769e-02
