4.487859606742858887e-01
2.020921707153320312e-01
1.553016062416645582e-07
4.761822521686553955e-01
1.942783296108245850e-01
-4.886322189122438431e-03
4.989446997642517090e-01
1.672820597887039185e-01
-6.736767012625932693e-03
5.123545527458190918e-01
1.509912610054016113e-01
-9.828060865402221680e-03
5.213985443115234375e-01
1.400413513183593750e-01
-1.323825772851705551e-02
4.898577332496643066e-01
8.857930451631546021e-02
3.772281343117356300e-03
4.991261661052703857e-01
4.616635292768478394e-02
-3.743772860616445541e-03
5.062152743339538574e-01
1.937144249677658081e-02
-1.205852907150983810e-02
5.127360224723815918e-01
-2.788148820400238037e-03
-1.808116585016250610e-02
4.784500896930694580e-01
8.431662619113922119e-02
-6.703509716317057610e-04
4.880889952182769775e-01
3.998773545026779175e-02
-7.237151730805635452e-03
4.956037104129791260e-01
1.241469383239746094e-02
-1.539054699242115021e-02
5.032173991203308105e-01
-1.137241721153259277e-02
-2.137123234570026398e-02
4.658110141754150391e-01
8.563417196273803711e-02
-6.839083507657051086e-03
4.737331271171569824e-01
4.274153709411621094e-02
-1.326478458940982819e-02
4.804766178131103516e-01
1.740083098411560059e-02
-1.770645193755626678e-02
4.869127869606018066e-01
-3.865674138069152832e-03
-2.054284326732158661e-02
4.504915773868560791e-01
9.320302307605743408e-02
-1.404740940779447556e-02
4.558866620063781738e-01
5.726360157132148743e-02
-1.924458891153335571e-02
4.606873393058776855e-01
3.496426343917846680e-02
-2.027424424886703491e-02
4.661695659160614014e-01
1.539038866758346558e-02
-2.062321081757545471e-02
