4.474534988403320312e-01
2.330573350191116333e-01
1.381743430783899385e-07
4.746303260326385498e-01
2.205713093280792236e-01
-4.424273502081632614e-03
4.959045350551605225e-01
1.894669234752655029e-01
-5.340561270713806152e-03
5.077629685401916504e-01
1.708910316228866577e-01
-7.673793472349643707e-03
5.155342817306518555e-01
1.591250598430633545e-01
-1.050597894936800003e-02
4.808421134948730469e-01
1.143538504838943481e-01
4.388735629618167877e-03
4.881967604160308838e-01
7.090032100677490234e-02
-3.197446232661604881e-03
4.948473274707794189e-01
4.129619151353836060e-02
-1.166801806539297104e-02
5.011679530143737793e-01
1.602157205343246460e-02
-1.812309212982654572e-02
4.712291657924652100e-01
1.105331331491470337e-01
-1.004334422759711742e-03
4.793044924736022949e-01
6.348461657762527466e-02
-7.591024972498416901e-03
4.870105087757110596e-01
3.209049254655838013e-02
-1.621928811073303223e-02
4.947970509529113770e-01
3.991462290287017822e-03
-2.278698049485683441e-02
4.602589011192321777e-01
1.132349222898483276e-01
-8.150265552103519440e-03
4.668079018592834473e-01
6.764146685600280762e-02
-1.508863363415002823e-02
4.738032519817352295e-01
3.782957047224044800e-02
-2.090818434953689575e-02
4.798716902732849121e-01
1.112035661935806274e-02
-2.490837313234806061e-02
4.470334947109222412e-01
1.228911131620407104e-01
-1.632781140506267548e-02
4.508680999279022217e-01
8.505576848983764648e-02
-2.250474318861961365e-02
4.555221796035766602e-01
6.049094349145889282e-02
-2.463879436254501343e-02
4.605560898780822754e-01
3.821948915719985962e-02
-2.599170058965682983e-02
