3.995917439460754395e-01
2.035418450832366943e-01
1.863072895957884612e-07
4.268128275871276855e-01
1.974653601646423340e-01
-9.277644567191600800e-03
4.503866434097290039e-01
1.703096330165863037e-01
-1.276416331529617310e-02
4.658230245113372803e-01
1.507961153984069824e-01
-1.649306528270244598e-02
4.763899147510528564e-01
1.361578404903411865e-01
-2.000235021114349365e-02
4.346745014190673828e-01
9.093183279037475586e-02
-6.949215458007529378e-05
4.417867660522460938e-01
4.821391403675079346e-02
-7.593607995659112930e-03
4.470883905887603760e-01
2.062242478132247925e-02
-1.589141599833965302e-02
4.518660306930541992e-01
-2.351507544517517090e-03
-2.179014682769775391e-02
4.210686683654785156e-01
8.542795479297637939e-02
-1.769848982803523540e-03
4.287146031856536865e-01
4.235471785068511963e-02
-7.288070395588874817e-03
4.339113235473632812e-01
1.467848569154739380e-02
-1.463363133370876312e-02
4.398264288902282715e-01
-9.024314582347869873e-03
-2.021752670407295227e-02
4.074475169181823730e-01
8.646467328071594238e-02
-5.394706502556800842e-03
4.135893285274505615e-01
4.559575021266937256e-02
-1.068988721817731857e-02
4.188599586486816406e-01
2.080486714839935303e-02
-1.440039929002523422e-02
4.245145916938781738e-01
-8.991360664367675781e-05
-1.693340018391609192e-02
3.918223977088928223e-01
9.395072609186172485e-02
-1.049020607024431229e-02
3.960751593112945557e-01
5.940172076225280762e-02
-1.470580790191888809e-02
3.998510837554931641e-01
3.790819644927978516e-02
-1.526313181966543198e-02
4.048526883125305176e-01
1.889478415250778198e-02
-1.531159505248069763e-02
