3.865698277950286865e-01
2.263880223035812378e-01
1.777772098421337432e-07
4.097259044647216797e-01
2.182504832744598389e-01
-9.160674177110195160e-03
4.305601119995117188e-01
1.985972523689270020e-01
-1.435010507702827454e-02
4.445633888244628906e-01
1.840596348047256470e-01
-1.982126757502555847e-02
4.547428488731384277e-01
1.712201088666915894e-01
-2.503766305744647980e-02
4.189284145832061768e-01
1.261526942253112793e-01
-2.137285191565752029e-03
4.260803461074829102e-01
8.591631054878234863e-02
-9.931247681379318237e-03
4.307292699813842773e-01
5.983832478523254395e-02
-1.795107685029506683e-02
4.347723722457885742e-01
3.742893040180206299e-02
-2.363887429237365723e-02
4.090737700462341309e-01
1.235677525401115417e-01
-4.197515547275543213e-03
4.169697761535644531e-01
8.352194726467132568e-02
-1.009580120444297791e-02
4.226087927818298340e-01
5.681291222572326660e-02
-1.701108366250991821e-02
4.283400177955627441e-01
3.406163305044174194e-02
-2.240767888724803925e-02
3.985517024993896484e-01
1.256123036146163940e-01
-8.049602620303630829e-03
4.054455459117889404e-01
8.846645802259445190e-02
-1.328475214540958405e-02
4.116110503673553467e-01
6.597353518009185791e-02
-1.636420190334320068e-02
4.173561036586761475e-01
4.748048633337020874e-02
-1.861190609633922577e-02
3.860203623771667480e-01
1.330107599496841431e-01
-1.335129048675298691e-02
3.903734385967254639e-01
1.028143167495727539e-01
-1.745299808681011200e-02
3.948135375976562500e-01
8.395499736070632935e-02
-1.767299138009548187e-02
3.996813595294952393e-01
6.757868826389312744e-02
-1.759310439229011536e-02
