4.380006790161132812e-01
1.962158083915710449e-01
1.930868194222057355e-07
4.655441045761108398e-01
1.886951327323913574e-01
-8.218893781304359436e-03
4.893568158149719238e-01
1.681845486164093018e-01
-1.338964328169822693e-02
5.029737949371337891e-01
1.561657637357711792e-01
-1.954384148120880127e-02
5.128862261772155762e-01
1.456623524427413940e-01
-2.586069516837596893e-02
4.806395173072814941e-01
8.292813599109649658e-02
1.232545124366879463e-03
4.895800948143005371e-01
4.238595813512802124e-02
-7.068424951285123825e-03
4.946899414062500000e-01
1.537638902664184570e-02
-1.644610241055488586e-02
4.998363256454467773e-01
-7.919460535049438477e-03
-2.334309928119182587e-02
4.680776298046112061e-01
7.797078043222427368e-02
-2.420306438580155373e-03
4.762726724147796631e-01
3.533692657947540283e-02
-9.120041504502296448e-03
4.814485013484954834e-01
7.384017109870910645e-03
-1.816682331264019012e-02
4.869208931922912598e-01
-1.683863252401351929e-02
-2.498607710003852844e-02
4.546284377574920654e-01
7.895232737064361572e-02
-7.925150915980339050e-03
4.613126516342163086e-01
3.822001069784164429e-02
-1.408909913152456284e-02
4.663851261138916016e-01
1.285299658775329590e-02
-1.851882413029670715e-02
4.714671671390533447e-01
-8.836284279823303223e-03
-2.147018909454345703e-02
4.395634531974792480e-01
8.689006417989730835e-02
-1.484757754951715469e-02
4.447900354862213135e-01
5.209055915474891663e-02
-1.946581155061721802e-02
4.495158493518829346e-01
3.071538358926773071e-02
-1.976060681045055389e-02
4.549162089824676514e-01
1.160556823015213013e-02
-1.953794434666633606e-02
