4.588264822959899902e-01
3.608282804489135742e-01
3.303537994270300260e-07
4.934739470481872559e-01
3.507409095764160156e-01
-1.617864146828651428e-02
5.154628753662109375e-01
3.187085390090942383e-01
-2.539794147014617920e-02
5.279659628868103027e-01
2.937745153903961182e-01
-3.498266264796257019e-02
5.414491295814514160e-01
2.740072309970855713e-01
-4.428932070732116699e-02
4.973385632038116455e-01
2.146555036306381226e-01
-7.372319698333740234e-03
5.106909871101379395e-01
1.533240377902984619e-01
-2.164674922823905945e-02
5.211773514747619629e-01
1.101754009723663330e-01
-3.498386964201927185e-02
5.297225713729858398e-01
7.370142638683319092e-02
-4.445745795965194702e-02
4.863615036010742188e-01
2.048017680644989014e-01
-1.039917021989822388e-02
4.981751441955566406e-01
1.347288489341735840e-01
-2.407366968691349030e-02
5.084607601165771484e-01
8.504812419414520264e-02
-3.719647601246833801e-02
5.172496438026428223e-01
4.235133528709411621e-02
-4.633757472038269043e-02
4.740223288536071777e-01
2.023537606000900269e-01
-1.625704765319824219e-02
4.838252663612365723e-01
1.345458924770355225e-01
-2.927271276712417603e-02
4.937798380851745605e-01
8.840058743953704834e-02
-3.848155215382575989e-02
5.016734600067138672e-01
5.068089067935943604e-02
-4.383086413145065308e-02
4.599913954734802246e-01
2.066104710102081299e-01
-2.415430545806884766e-02
4.674107134342193604e-01
1.526310741901397705e-01
-3.416694328188896179e-02
4.742577672004699707e-01
1.155604124069213867e-01
-3.819094225764274597e-02
4.803614914417266846e-01
8.457262814044952393e-02
-4.035188630223274231e-02
