3.796937763690948486e-01
2.618437111377716064e-01
1.499151522921238211e-07
4.035857021808624268e-01
2.487690597772598267e-01
-7.254872005432844162e-03
4.204835891723632812e-01
2.225103825330734253e-01
-1.101516094058752060e-02
4.320815801620483398e-01
2.023370116949081421e-01
-1.522346120327711105e-02
4.419907033443450928e-01
1.877004057168960571e-01
-1.945598982274532318e-02
4.014476835727691650e-01
1.560704708099365234e-01
-1.586987753398716450e-03
4.020607173442840576e-01
1.174833476543426514e-01
-8.925195783376693726e-03
4.029074013233184814e-01
9.260494261980056763e-02
-1.653785444796085358e-02
4.041481912136077881e-01
7.082644850015640259e-02
-2.213827334344387054e-02
3.902350068092346191e-01
1.546144038438796997e-01
-4.346326924860477448e-03
3.923847675323486328e-01
1.125441268086433411e-01
-9.947604499757289886e-03
3.945966958999633789e-01
8.493785560131072998e-02
-1.616778038442134857e-02
3.979146778583526611e-01
6.057802587747573853e-02
-2.107549272477626801e-02
3.785702288150787354e-01
1.597973108291625977e-01
-8.742805570363998413e-03
3.807647824287414551e-01
1.195027530193328857e-01
-1.443322375416755676e-02
3.844329416751861572e-01
9.469042718410491943e-02
-1.832110248506069183e-02
3.884927928447723389e-01
7.353778183460235596e-02
-2.112101577222347260e-02
3.654454648494720459e-01
1.718235015869140625e-01
-1.425430085510015488e-02
3.666105568408966064e-01
1.410143077373504639e-01
-1.928555220365524292e-02
3.685031533241271973e-01
1.216600313782691956e-01
-2.054268121719360352e-02
3.708375692367553711e-01
1.044724062085151672e-01
-2.125648409128189087e-02
