3.819213509559631348e-01
2.240366339683532715e-01
1.771625335322823958e-07
4.087988436222076416e-01
2.158009260892868042e-01
-7.370727602392435074e-03
4.302173256874084473e-01
1.950032114982604980e-01
-1.230587437748908997e-02
4.460088908672332764e-01
1.784762442111968994e-01
-1.798943802714347839e-02
4.596519172191619873e-01
1.690995544195175171e-01
-2.391792275011539459e-02
4.157754480838775635e-01
1.174549981951713562e-01
-1.509059919044375420e-03
4.207428395748138428e-01
7.464630901813507080e-02
-9.847186505794525146e-03
4.247617423534393311e-01
4.749310016632080078e-02
-1.847662031650543213e-02
4.284928441047668457e-01
2.395366877317428589e-02
-2.477924339473247528e-02
4.037944674491882324e-01
1.126464977860450745e-01
-5.166330840438604355e-03
4.105893671512603760e-01
6.699211150407791138e-02
-1.170238014310598373e-02
4.153378307819366455e-01
3.838491439819335938e-02
-1.915486901998519897e-02
4.206199049949645996e-01
1.419725269079208374e-02
-2.492656186223030090e-02
3.906552195549011230e-01
1.144264712929725647e-01
-1.046545058488845825e-02
3.967648148536682129e-01
7.049304246902465820e-02
-1.647553592920303345e-02
4.023413956165313721e-01
4.410963505506515503e-02
-2.048919349908828735e-02
4.081411361694335938e-01
2.209518849849700928e-02
-2.340060099959373474e-02
3.751272857189178467e-01
1.231305003166198730e-01
-1.696019247174263000e-02
3.798547089099884033e-01
8.725215494632720947e-02
-2.187135815620422363e-02
3.844105601310729980e-01
6.509057432413101196e-02
-2.270247973501682281e-02
3.898702561855316162e-01
4.530862718820571899e-02
-2.308302745223045349e-02
