4.250193238258361816e-01
3.731924593448638916e-01
1.866124108573785634e-07
4.606491923332214355e-01
3.664394021034240723e-01
-3.180177882313728333e-03
4.820712208747863770e-01
3.305411636829376221e-01
-3.789366222918033600e-03
4.932439923286437988e-01
3.057027757167816162e-01
-6.887371651828289032e-03
5.016883611679077148e-01
2.888763546943664551e-01
-1.010281499475240707e-02
4.627495110034942627e-01
2.209699451923370361e-01
1.003702636808156967e-02
4.737839698791503906e-01
1.642802953720092773e-01
3.262077458202838898e-03
4.842488765716552734e-01
1.310867071151733398e-01
-5.480334628373384476e-03
4.936668872833251953e-01
1.020761281251907349e-01
-1.216429006308317184e-02
4.511211514472961426e-01
2.102462947368621826e-01
2.682853955775499344e-03
4.629319310188293457e-01
1.444116830825805664e-01
-2.414840739220380783e-03
4.750566482543945312e-01
1.046718657016754150e-01
-1.091539394110441208e-02
4.864132106304168701e-01
7.042615115642547607e-02
-1.786634325981140137e-02
4.373327493667602539e-01
2.077044248580932617e-01
-7.001947611570358276e-03
4.477174580097198486e-01
1.423698067665100098e-01
-1.303027104586362839e-02
4.587823450565338135e-01
1.020982861518859863e-01
-2.065733075141906738e-02
4.679782390594482422e-01
6.868723034858703613e-02
-2.621860615909099579e-02
4.204730391502380371e-01
2.141266167163848877e-01
-1.778232306241989136e-02
4.233074486255645752e-01
1.589178740978240967e-01
-2.278605103492736816e-02
4.267173707485198975e-01
1.221852973103523254e-01
-2.536884322762489319e-02
4.296428263187408447e-01
8.951197564601898193e-02
-2.761016972362995148e-02
