3.959037363529205322e-01
2.615758478641510010e-01
1.640414097892062273e-07
4.190177321434020996e-01
2.475979179143905640e-01
-8.329825475811958313e-03
4.395725727081298828e-01
2.197088301181793213e-01
-1.272906083613634109e-02
4.532729685306549072e-01
1.998179405927658081e-01
-1.744603738188743591e-02
4.650537669658660889e-01
1.848167777061462402e-01
-2.194274961948394775e-02
4.206875860691070557e-01
1.514840573072433472e-01
-3.722668043337762356e-04
4.216428101062774658e-01
1.116916984319686890e-01
-7.958985865116119385e-03
4.222393333911895752e-01
8.629808574914932251e-02
-1.610205695033073425e-02
4.232909083366394043e-01
6.412068754434585571e-02
-2.195762097835540771e-02
4.094561934471130371e-01
1.494385451078414917e-01
-2.741013420745730400e-03
4.117381870746612549e-01
1.081669852137565613e-01
-8.431117981672286987e-03
4.137459099292755127e-01
8.169181644916534424e-02
-1.524468604475259781e-02
4.168969690799713135e-01
5.881258845329284668e-02
-2.040876448154449463e-02
3.978483378887176514e-01
1.533181220293045044e-01
-6.922782398760318756e-03
3.998594284057617188e-01
1.140295714139938354e-01
-1.218185294419527054e-02
4.029492437839508057e-01
9.006370604038238525e-02
-1.525783725082874298e-02
4.069499969482421875e-01
6.975703686475753784e-02
-1.739967986941337585e-02
3.845800757408142090e-01
1.640298068523406982e-01
-1.249283552169799805e-02
3.861607909202575684e-01
1.322906315326690674e-01
-1.654175296425819397e-02
3.887131512165069580e-01
1.127589419484138489e-01
-1.669866777956485748e-02
3.924139142036437988e-01
9.573785215616226196e-02
-1.647630333900451660e-02
