3.843004703521728516e-01
3.968517780303955078e-01
2.959994844786706381e-07
4.190203845500946045e-01
3.787335157394409180e-01
-1.070860493928194046e-02
4.428144693374633789e-01
3.421655297279357910e-01
-1.489712577313184738e-02
4.594210088253021240e-01
3.123685717582702637e-01
-2.023403160274028778e-02
4.805242419242858887e-01
3.021979033946990967e-01
-2.551817893981933594e-02
4.038323163986206055e-01
2.492062449455261230e-01
7.762538734823465347e-03
4.089809656143188477e-01
1.974156498908996582e-01
6.831421051174402237e-04
4.130407869815826416e-01
1.635148227214813232e-01
-9.314182214438915253e-03
4.166689515113830566e-01
1.321422755718231201e-01
-1.753961667418479919e-02
3.895781934261322021e-01
2.422561943531036377e-01
3.787894733250141144e-03
3.922916054725646973e-01
1.812533140182495117e-01
-2.433604793623089790e-03
3.957712650299072266e-01
1.396000832319259644e-01
-1.225536130368709564e-02
3.998563289642333984e-01
1.020696908235549927e-01
-2.003707364201545715e-02
3.750542700290679932e-01
2.437600791454315186e-01
-3.167912829667329788e-03
3.772005736827850342e-01
1.843556910753250122e-01
-1.063813734799623489e-02
3.824431896209716797e-01
1.468059718608856201e-01
-1.740809716284275055e-02
3.877520263195037842e-01
1.143573820590972900e-01
-2.190602757036685944e-02
3.600772619247436523e-01
2.542513608932495117e-01
-1.199794933199882507e-02
3.612570464611053467e-01
2.067293226718902588e-01
-1.737318746745586395e-02
3.653220832347869873e-01
1.763632595539093018e-01
-1.889191381633281708e-02
3.707999289035797119e-01
1.478658467531204224e-01
-2.012340165674686432e-02
