4.483121633529663086e-01
3.663113117218017578e-01
2.551786053572868695e-07
4.867197871208190918e-01
3.560086488723754883e-01
-7.284168619662523270e-03
5.093131065368652344e-01
3.211656510829925537e-01
-1.069031190127134323e-02
5.206834077835083008e-01
2.968759238719940186e-01
-1.636607572436332703e-02
5.303140282630920410e-01
2.776253521442413330e-01
-2.224003523588180542e-02
4.946833252906799316e-01
2.128341495990753174e-01
5.010366439819335938e-03
5.085510015487670898e-01
1.543466746807098389e-01
-6.305903661996126175e-03
5.213829278945922852e-01
1.139761954545974731e-01
-1.865206286311149597e-02
5.321061611175537109e-01
7.874289155006408691e-02
-2.777341008186340332e-02
4.846517145633697510e-01
2.026881277561187744e-01
-2.278796629980206490e-03
4.989458918571472168e-01
1.339045166969299316e-01
-1.197924558073282242e-02
5.122954249382019043e-01
8.618025481700897217e-02
-2.421791292726993561e-02
5.240521430969238281e-01
4.403109848499298096e-02
-3.361112624406814575e-02
4.717622101306915283e-01
2.003077566623687744e-01
-1.219912152737379074e-02
4.853215515613555908e-01
1.328781247138977051e-01
-2.210241742432117462e-02
4.977240562438964844e-01
8.704127371311187744e-02
-3.207678720355033875e-02
5.071007609367370605e-01
4.852329194545745850e-02
-3.879140689969062805e-02
4.562039673328399658e-01
2.053337097167968750e-01
-2.360980585217475891e-02
4.631657600402832031e-01
1.493908613920211792e-01
-3.185123950242996216e-02
4.699447154998779297e-01
1.114379912614822388e-01
-3.618043288588523865e-02
4.755494892597198486e-01
7.879610359668731689e-02
-3.922556340694427490e-02
