3.818743228912353516e-01
3.979416191577911377e-01
2.647026065005775308e-07
4.174334704875946045e-01
3.810364007949829102e-01
-6.266458891332149506e-03
4.416328370571136475e-01
3.461364507675170898e-01
-7.409025449305772781e-03
4.584161639213562012e-01
3.190177977085113525e-01
-1.036157924681901932e-02
4.766612052917480469e-01
3.071624934673309326e-01
-1.318840682506561279e-02
4.037088155746459961e-01
2.512662410736083984e-01
1.478297822177410126e-02
4.091137945652008057e-01
2.002726793289184570e-01
1.079256646335124969e-02
4.124956429004669189e-01
1.677846908569335938e-01
2.606755821034312248e-03
4.151802957057952881e-01
1.379172950983047485e-01
-4.364796448498964310e-03
3.895004987716674805e-01
2.437963187694549561e-01
9.762288071215152740e-03
3.924596905708312988e-01
1.843716204166412354e-01
6.712538655847311020e-03
3.955861330032348633e-01
1.440475285053253174e-01
-1.751070958562195301e-03
3.993475139141082764e-01
1.088603585958480835e-01
-8.703412488102912903e-03
3.750140666961669922e-01
2.438931763172149658e-01
1.945890253409743309e-03
3.767811954021453857e-01
1.857693493366241455e-01
-2.691656583920121193e-03
3.814760744571685791e-01
1.497425734996795654e-01
-8.589020930230617523e-03
3.863158226013183594e-01
1.194538027048110962e-01
-1.273556705564260483e-02
3.604041635990142822e-01
2.523234188556671143e-01
-7.484503090381622314e-03
3.617787063121795654e-01
2.044324278831481934e-01
-1.096214354038238525e-02
3.651710748672485352e-01
1.743301600217819214e-01
-1.173396687954664230e-02
3.699272871017456055e-01
1.469112634658813477e-01
-1.244687288999557495e-02
