3.700330853462219238e-01
2.594990730285644531e-01
1.625482894951346680e-07
3.947725892066955566e-01
2.488297224044799805e-01
-5.012943409383296967e-03
4.118192195892333984e-01
2.246865481138229370e-01
-6.866559851914644241e-03
4.225224554538726807e-01
2.086683809757232666e-01
-9.522853419184684753e-03
4.291249811649322510e-01
1.990566253662109375e-01
-1.222434267401695251e-02
3.947702348232269287e-01
1.553306430578231812e-01
3.263931022956967354e-03
3.974933028221130371e-01
1.180996447801589966e-01
-1.701989676803350449e-03
3.993104696273803711e-01
9.502185881137847900e-02
-8.055428974330425262e-03
4.013392925262451172e-01
7.481598854064941406e-02
-1.289856992661952972e-02
3.831766545772552490e-01
1.529536843299865723e-01
2.482629497535526752e-04
3.859555423259735107e-01
1.129150092601776123e-01
-3.365759039297699928e-03
3.882557153701782227e-01
8.744161576032638550e-02
-9.273478761315345764e-03
3.915219604969024658e-01
6.580742448568344116e-02
-1.405876502394676208e-02
3.714621365070343018e-01
1.559269726276397705e-01
-4.264354240149259567e-03
3.741005063056945801e-01
1.179769933223724365e-01
-7.912511937320232391e-03
3.778067231178283691e-01
9.460578858852386475e-02
-1.166883204132318497e-02
3.822344541549682617e-01
7.533474266529083252e-02
-1.451808866113424301e-02
3.589915633201599121e-01
1.649007648229598999e-01
-9.801519103348255157e-03
3.612766563892364502e-01
1.341825723648071289e-01
-1.273935474455356598e-02
3.640913665294647217e-01
1.152289286255836487e-01
-1.324054691940546036e-02
3.680548071861267090e-01
9.864805638790130615e-02
-1.360382325947284698e-02
