4.472075700759887695e-01
2.014056891202926636e-01
1.555935540409336681e-07
4.747353494167327881e-01
1.954994201660156250e-01
-5.727041978389024734e-03
4.984027147293090820e-01
1.681084334850311279e-01
-7.665024138987064362e-03
5.116798281669616699e-01
1.504887938499450684e-01
-1.061005610972642899e-02
5.206057429313659668e-01
1.379217654466629028e-01
-1.380637567490339279e-02
4.887329638004302979e-01
8.815468102693557739e-02
3.223856212571263313e-03
4.994494318962097168e-01
4.725454375147819519e-02
-4.308504518121480942e-03
5.066732764244079590e-01
2.022885531187057495e-02
-1.265124604105949402e-02
5.132066011428833008e-01
-2.124100923538208008e-03
-1.867981813848018646e-02
4.773068428039550781e-01
8.335500210523605347e-02
-7.900110213086009026e-04
4.877825975418090820e-01
4.012418538331985474e-02
-7.340268697589635849e-03
4.952641427516937256e-01
1.245680451393127441e-02
-1.560356002300977707e-02
5.025690793991088867e-01
-1.157431304454803467e-02
-2.153596840798854828e-02
4.647765755653381348e-01
8.449830114841461182e-02
-6.507494021207094193e-03
4.729401469230651855e-01
4.172524809837341309e-02
-1.279066968709230423e-02
4.794803559780120850e-01
1.592265814542770386e-02
-1.704857312142848969e-02
4.856218099594116211e-01
-6.015010178089141846e-03
-1.964067108929157257e-02
4.500024616718292236e-01
9.195356070995330811e-02
-1.337285432964563370e-02
4.561147689819335938e-01
5.482458695769309998e-02
-1.847117766737937927e-02
4.614146053791046143e-01
3.146829456090927124e-02
-1.933842338621616364e-02
4.673651456832885742e-01
1.119550317525863647e-02
-1.942712068557739258e-02
