4.780671894550323486e-01
3.606504201889038086e-01
3.779650796786881983e-07
5.122855901718139648e-01
3.514536619186401367e-01
-1.950283907353878021e-02
5.368500947952270508e-01
3.174902796745300293e-01
-2.929495833814144135e-02
5.490837693214416504e-01
2.919976711273193359e-01
-3.891107067465782166e-02
5.612700581550598145e-01
2.722249627113342285e-01
-4.766374081373214722e-02
5.197607874870300293e-01
2.124993950128555298e-01
-7.330115418881177902e-03
5.331191420555114746e-01
1.499235630035400391e-01
-2.219870686531066895e-02
5.439479947090148926e-01
1.038586795330047607e-01
-3.622490912675857544e-02
5.530087351799011230e-01
6.550231575965881348e-02
-4.586728662252426147e-02
5.092894434928894043e-01
2.036363333463668823e-01
-8.793843910098075867e-03
5.223067402839660645e-01
1.362724602222442627e-01
-2.226144820451736450e-02
5.327451825141906738e-01
8.578671514987945557e-02
-3.584860637784004211e-02
5.426210165023803711e-01
4.125507175922393799e-02
-4.517936706542968750e-02
4.978258609771728516e-01
2.000663131475448608e-01
-1.336031407117843628e-02
5.097746253013610840e-01
1.361487805843353271e-01
-2.554529160261154175e-02
5.197339653968811035e-01
9.030209481716156006e-02
-3.384244814515113831e-02
5.277907252311706543e-01
5.151174962520599365e-02
-3.830276057124137878e-02
4.851953089237213135e-01
2.022912800312042236e-01
-2.051565796136856079e-02
4.942842125892639160e-01
1.489820480346679688e-01
-2.931340038776397705e-02
5.019978880882263184e-01
1.116657406091690063e-01
-3.208438307046890259e-02
5.088303685188293457e-01
8.060348033905029297e-02
-3.300884738564491272e-02
