4.536609649658203125e-01
1.948049068450927734e-01
1.536338345431431662e-07
4.797105193138122559e-01
1.886057257652282715e-01
-7.767608854919672012e-03
5.022997260093688965e-01
1.630667448043823242e-01
-1.157094445079565048e-02
5.153307318687438965e-01
1.465689986944198608e-01
-1.611002162098884583e-02
5.247530341148376465e-01
1.341464817523956299e-01
-2.100072614848613739e-02
4.951499998569488525e-01
8.592137694358825684e-02
-1.342358416877686977e-03
5.046583414077758789e-01
4.270208626985549927e-02
-9.938523173332214355e-03
5.109532475471496582e-01
1.550803333520889282e-02
-1.876820065081119537e-02
5.160431861877441406e-01
-7.641911506652832031e-03
-2.519837394356727600e-02
4.843418002128601074e-01
8.105774223804473877e-02
-4.970863461494445801e-03
4.949692487716674805e-01
3.756745904684066772e-02
-1.250599976629018784e-02
5.017086863517761230e-01
1.013178378343582153e-02
-2.141346037387847900e-02
5.077012181282043457e-01
-1.405856758356094360e-02
-2.804469689726829529e-02
4.720276594161987305e-01
8.221030980348587036e-02
-1.028557773679494858e-02
4.807499647140502930e-01
3.954833745956420898e-02
-1.763647422194480896e-02
4.870938658714294434e-01
1.415663957595825195e-02
-2.284136041998863220e-02
4.924198389053344727e-01
-7.699221372604370117e-03
-2.633208036422729492e-02
4.566946029663085938e-01
8.923967927694320679e-02
-1.675087586045265198e-02
4.627888202667236328e-01
5.243825167417526245e-02
-2.285369858145713806e-02
4.677427709102630615e-01
2.999588102102279663e-02
-2.445354498922824860e-02
4.728487133979797363e-01
1.061315089464187622e-02
-2.524203993380069733e-02
