4.051178097724914551e-01
2.624263763427734375e-01
1.987429953942410066e-07
4.297411739826202393e-01
2.466130256652832031e-01
-1.005703862756490707e-02
4.509671926498413086e-01
2.169986814260482788e-01
-1.512200757861137390e-02
4.656538665294647217e-01
1.979228705167770386e-01
-2.039865031838417053e-02
4.769891202449798584e-01
1.829778403043746948e-01
-2.552082203328609467e-02
4.311423301696777344e-01
1.514964401721954346e-01
-1.577265211381018162e-03
4.333478212356567383e-01
1.114958748221397400e-01
-9.901690296828746796e-03
4.344904720783233643e-01
8.513397723436355591e-02
-1.859028637409210205e-02
4.358868300914764404e-01
6.189225614070892334e-02
-2.488886751234531403e-02
4.188958704471588135e-01
1.497317552566528320e-01
-3.517179982736706734e-03
4.228284358978271484e-01
1.084150075912475586e-01
-1.026917714625597000e-02
4.256088137626647949e-01
8.093053847551345825e-02
-1.782102510333061218e-02
4.293542802333831787e-01
5.702618509531021118e-02
-2.337080612778663635e-02
4.066975712776184082e-01
1.541855782270431519e-01
-7.496492937207221985e-03
4.101690053939819336e-01
1.140753030776977539e-01
-1.386921480298042297e-02
4.141169190406799316e-01
8.822459727525711060e-02
-1.759875379502773285e-02
4.187803864479064941e-01
6.624123454093933105e-02
-1.999131403863430023e-02
3.929021060466766357e-01
1.654398292303085327e-01
-1.298184599727392197e-02
3.954778313636779785e-01
1.329916715621948242e-01
-1.805692166090011597e-02
3.986991345882415771e-01
1.122826486825942993e-01
-1.881032437086105347e-02
4.033723175525665283e-01
9.379655867815017700e-02
-1.890849694609642029e-02
