3.876956105232238770e-01
2.171020805835723877e-01
1.885355658259868505e-07
4.145771563053131104e-01
2.070044726133346558e-01
-8.488570339977741241e-03
4.363333582878112793e-01
1.852002739906311035e-01
-1.342967804521322250e-02
4.510222971439361572e-01
1.685166358947753906e-01
-1.883609965443611145e-02
4.620991051197052002e-01
1.568910479545593262e-01
-2.431826479732990265e-02
4.203839004039764404e-01
1.052523553371429443e-01
-1.591515028849244118e-03
4.270188212394714355e-01
6.271263957023620605e-02
-9.561290964484214783e-03
4.319191575050354004e-01
3.627015650272369385e-02
-1.825105771422386169e-02
4.366616010665893555e-01
1.378268003463745117e-02
-2.446671389043331146e-02
4.071913957595825195e-01
1.008914634585380554e-01
-4.082492087036371231e-03
4.132984876632690430e-01
5.551784485578536987e-02
-9.578673169016838074e-03
4.182015061378479004e-01
2.735333144664764404e-02
-1.670355908572673798e-02
4.238269031047821045e-01
4.414796829223632812e-03
-2.241023629903793335e-02
3.935354948043823242e-01
1.034986227750778198e-01
-8.345808833837509155e-03
3.982119858264923096e-01
6.048907339572906494e-02
-1.329731568694114685e-02
4.029004871845245361e-01
3.460959345102310181e-02
-1.729286648333072662e-02
4.079938828945159912e-01
1.372487843036651611e-02
-2.033306844532489777e-02
3.778996467590332031e-01
1.133452653884887695e-01
-1.395336538553237915e-02
3.802850842475891113e-01
7.856361567974090576e-02
-1.818076334893703461e-02
3.831488192081451416e-01
5.617491155862808228e-02
-1.907012797892093658e-02
3.866547346115112305e-01
3.664592653512954712e-02
-1.950056105852127075e-02
