4.494918286800384521e-01
3.680263161659240723e-01
2.479308420788584044e-07
4.860887229442596436e-01
3.549785315990447998e-01
-6.727935746312141418e-03
5.084140896797180176e-01
3.184529840946197510e-01
-1.000118255615234375e-02
5.207273364067077637e-01
2.942467629909515381e-01
-1.559404283761978149e-02
5.311112403869628906e-01
2.758476734161376953e-01
-2.156450226902961731e-02
4.930016398429870605e-01
2.138871103525161743e-01
4.033648874610662460e-03
5.076476335525512695e-01
1.543852090835571289e-01
-7.757761981338262558e-03
5.203521251678466797e-01
1.133057847619056702e-01
-2.037330903112888336e-02
5.304976105690002441e-01
7.710619270801544189e-02
-2.964417450129985809e-02
4.827398955821990967e-01
2.048012763261795044e-01
-3.862091572955250740e-03
4.973936080932617188e-01
1.357015371322631836e-01
-1.422743964940309525e-02
5.105630159378051758e-01
8.652544021606445312e-02
-2.701625414192676544e-02
5.218552947044372559e-01
4.287819564342498779e-02
-3.668324276804924011e-02
4.700444340705871582e-01
2.029387056827545166e-01
-1.417349185794591904e-02
4.836607873439788818e-01
1.343629509210586548e-01
-2.451316639780998230e-02
4.962379336357116699e-01
8.715774118900299072e-02
-3.486821427941322327e-02
5.059793591499328613e-01
4.704406857490539551e-02
-4.181628301739692688e-02
4.548732936382293701e-01
2.087723016738891602e-01
-2.587903663516044617e-02
4.619921445846557617e-01
1.515950262546539307e-01
-3.474361076951026917e-02
4.690119624137878418e-01
1.124980598688125610e-01
-3.927234932780265808e-02
4.752199649810791016e-01
7.881228625774383545e-02
-4.232812672853469849e-02
