3.716686964035034180e-01
3.250170946121215820e-01
2.611021159282245208e-07
4.079490900039672852e-01
3.266860842704772949e-01
-1.619045622646808624e-02
4.421826899051666260e-01
3.039237856864929199e-01
-2.393405139446258545e-02
4.650862216949462891e-01
2.817331552505493164e-01
-3.105019032955169678e-02
4.820586740970611572e-01
2.687454223632812500e-01
-3.783794119954109192e-02
4.223114848136901855e-01
1.864659339189529419e-01
-9.394237771630287170e-03
4.365646839141845703e-01
1.284028142690658569e-01
-1.952375099062919617e-02
4.457684755325317383e-01
9.416984021663665771e-02
-2.941351570188999176e-02
4.541360139846801758e-01
6.632800400257110596e-02
-3.651142120361328125e-02
4.033042788505554199e-01
1.725556403398513794e-01
-1.049062609672546387e-02
4.152566492557525635e-01
1.041827350854873657e-01
-1.940417289733886719e-02
4.251158535480499268e-01
6.008691340684890747e-02
-2.894131094217300415e-02
4.333623349666595459e-01
2.595981955528259277e-02
-3.571865335106849670e-02
3.834085166454315186e-01
1.699031591415405273e-01
-1.393118035048246384e-02
3.925491869449615479e-01
1.026126444339752197e-01
-2.338661998510360718e-02
4.015530645847320557e-01
5.948829650878906250e-02
-3.237054869532585144e-02
4.086933135986328125e-01
2.543710172176361084e-02
-3.788850456476211548e-02
3.614452481269836426e-01
1.787885427474975586e-01
-1.906540989875793457e-02
3.640325367450714111e-01
1.227588802576065063e-01
-2.858751080930233002e-02
3.662688434123992920e-01
8.592601120471954346e-02
-3.356969356536865234e-02
3.686094582080841064e-01
5.436415970325469971e-02
-3.612541779875755310e-02
