3.741687834262847900e-01
3.519758880138397217e-01
2.022072038698752294e-07
4.141942560672760010e-01
3.456059694290161133e-01
-8.546921424567699432e-03
4.463306367397308350e-01
3.143944144248962402e-01
-1.204421371221542358e-02
4.671902656555175781e-01
2.896147370338439941e-01
-1.719065010547637939e-02
4.844911694526672363e-01
2.777490615844726562e-01
-2.221612073481082916e-02
4.258847534656524658e-01
2.014723122119903564e-01
5.847078748047351837e-03
4.407652914524078369e-01
1.439838558435440063e-01
-1.604840974323451519e-03
4.519556164741516113e-01
1.118490025401115417e-01
-1.129366643726825714e-02
4.619616568088531494e-01
8.322805166244506836e-02
-1.877838559448719025e-02
4.100303649902343750e-01
1.882184892892837524e-01
3.835154930129647255e-04
4.239563345909118652e-01
1.183751896023750305e-01
-5.296027753502130508e-03
4.361808001995086670e-01
7.679363340139389038e-02
-1.467526145279407501e-02
4.468387961387634277e-01
4.265561699867248535e-02
-2.215765230357646942e-02
3.930045068264007568e-01
1.842037141323089600e-01
-7.765575312077999115e-03
4.062614738941192627e-01
1.173320412635803223e-01
-1.453264243900775909e-02
4.184822142124176025e-01
7.521992921829223633e-02
-2.307581715285778046e-02
4.283988773822784424e-01
4.133468866348266602e-02
-2.909996360540390015e-02
3.736358284950256348e-01
1.899378597736358643e-01
-1.743285730481147766e-02
3.778876364231109619e-01
1.341660171747207642e-01
-2.349801361560821533e-02
3.819043040275573730e-01
9.778025001287460327e-02
-2.640982903540134430e-02
3.855157792568206787e-01
6.571346521377563477e-02
-2.852473035454750061e-02
