4.765613079071044922e-01
3.638373017311096191e-01
3.479083829915907700e-07
5.107380151748657227e-01
3.524491190910339355e-01
-1.462595630437135696e-02
5.332927107810974121e-01
3.196888566017150879e-01
-2.276114374399185181e-02
5.434875488281250000e-01
2.961800992488861084e-01
-3.147087246179580688e-02
5.504709482192993164e-01
2.748155295848846436e-01
-3.989209607243537903e-02
5.136500000953674316e-01
2.146155238151550293e-01
-5.013176240026950836e-03
5.279204249382019043e-01
1.525318622589111328e-01
-1.858549937605857849e-02
5.394833087921142578e-01
1.097002029418945312e-01
-3.150023147463798523e-02
5.484955310821533203e-01
7.364900410175323486e-02
-4.050873965024948120e-02
5.028696656227111816e-01
2.050990462303161621e-01
-8.514569140970706940e-03
5.171315073966979980e-01
1.344854831695556641e-01
-2.095561474561691284e-02
5.283087491989135742e-01
8.467397093772888184e-02
-3.406016528606414795e-02
5.378534793853759766e-01
4.092003405094146729e-02
-4.344386234879493713e-02
4.903463721275329590e-01
2.022499442100524902e-01
-1.478304434567689896e-02
5.031641125679016113e-01
1.338502615690231323e-01
-2.674915455281734467e-02
5.139217972755432129e-01
8.612746000289916992e-02
-3.717951476573944092e-02
5.219538211822509766e-01
4.642520844936370850e-02
-4.362933337688446045e-02
4.759311079978942871e-01
2.056452631950378418e-01
-2.289879694581031799e-02
4.840456545352935791e-01
1.508148461580276489e-01
-3.213733434677124023e-02
4.905921518802642822e-01
1.126094013452529907e-01
-3.673870489001274109e-02
4.957573115825653076e-01
7.978102564811706543e-02
-3.956913948059082031e-02
