3.817530274391174316e-01
2.243139147758483887e-01
1.712091659555881051e-07
4.091661870479583740e-01
2.159961760044097900e-01
-7.167038042098283768e-03
4.305690824985504150e-01
1.945690512657165527e-01
-1.189485471695661545e-02
4.466330111026763916e-01
1.775984317064285278e-01
-1.741308532655239105e-02
4.610563516616821289e-01
1.681592166423797607e-01
-2.317263558506965637e-02
4.158267676830291748e-01
1.174138113856315613e-01
-1.317051821388304234e-03
4.207722246646881104e-01
7.450013607740402222e-02
-9.412154555320739746e-03
4.247314333915710449e-01
4.770656675100326538e-02
-1.786104030907154083e-02
4.284105300903320312e-01
2.418382465839385986e-02
-2.409542724490165710e-02
4.038039147853851318e-01
1.124255210161209106e-01
-5.022196564823389053e-03
4.107453823089599609e-01
6.679072231054306030e-02
-1.131281629204750061e-02
4.156012833118438721e-01
3.841961175203323364e-02
-1.857412420213222504e-02
4.209023416042327881e-01
1.433757692575454712e-02
-2.426947280764579773e-02
3.906969130039215088e-01
1.141530051827430725e-01
-1.035693380981683731e-02
3.970974385738372803e-01
7.014000415802001953e-02
-1.618401147425174713e-02
4.028684794902801514e-01
4.356233775615692139e-02
-2.014818973839282990e-02
4.087615609169006348e-01
2.139897644519805908e-02
-2.308097667992115021e-02
3.752395510673522949e-01
1.228233054280281067e-01
-1.686548069119453430e-02
3.799107372760772705e-01
8.697499334812164307e-02
-2.164343185722827911e-02
3.846229016780853271e-01
6.466480344533920288e-02
-2.244592458009719849e-02
3.901810944080352783e-01
4.478069394826889038e-02
-2.286603860557079315e-02
