4.063170850276947021e-01
3.999007046222686768e-01
2.125387510432119598e-07
4.401355981826782227e-01
3.832456469535827637e-01
-6.467855069786310196e-03
4.619120359420776367e-01
3.437117636203765869e-01
-7.276392541825771332e-03
4.768726825714111328e-01
3.153177797794342041e-01
-9.870930574834346771e-03
4.909896254539489746e-01
2.964582145214080811e-01
-1.236347015947103500e-02
4.322060346603393555e-01
2.407444417476654053e-01
1.090869493782520294e-02
4.363955855369567871e-01
1.858009099960327148e-01
4.804284777492284775e-03
4.397087991237640381e-01
1.501609981060028076e-01
-4.291932564228773117e-03
4.424920082092285156e-01
1.172827929258346558e-01
-1.174583751708269119e-02
4.179850518703460693e-01
2.337411195039749146e-01
5.042668897658586502e-03
4.209451675415039062e-01
1.709810346364974976e-01
-1.535718474769964814e-04
4.240371584892272949e-01
1.278651207685470581e-01
-9.341566823422908783e-03
4.275296926498413086e-01
8.890929818153381348e-02
-1.669458672404289246e-02
4.030742645263671875e-01
2.344101071357727051e-01
-3.477753372862935066e-03
4.053202271461486816e-01
1.749228537082672119e-01
-9.832160547375679016e-03
4.097867012023925781e-01
1.353830397129058838e-01
-1.586616039276123047e-02
4.139263033866882324e-01
1.001864224672317505e-01
-2.006839774549007416e-02
3.875077962875366211e-01
2.442747503519058228e-01
-1.364373136311769485e-02
3.896678090095520020e-01
1.948140263557434082e-01
-1.848714239895343781e-02
3.935881257057189941e-01
1.632982343435287476e-01
-1.929988898336887360e-02
3.986017107963562012e-01
1.344762295484542847e-01
-1.990289427340030670e-02
