3.813219964504241943e-01
2.237837761640548706e-01
1.744216575616519549e-07
4.084708988666534424e-01
2.142554074525833130e-01
-8.341510780155658722e-03
4.307381212711334229e-01
1.938329488039016724e-01
-1.354891341179609299e-02
4.467340111732482910e-01
1.779424697160720825e-01
-1.932033896446228027e-02
4.605371356010437012e-01
1.678509265184402466e-01
-2.510846406221389771e-02
4.153068661689758301e-01
1.166348457336425781e-01
-1.619497663341462612e-03
4.202830195426940918e-01
7.419882714748382568e-02
-9.703319519758224487e-03
4.235437512397766113e-01
4.771713167428970337e-02
-1.817599125206470490e-02
4.266222417354583740e-01
2.454775571823120117e-02
-2.435667626559734344e-02
4.024935364723205566e-01
1.120130419731140137e-01
-4.632008261978626251e-03
4.084428548812866211e-01
6.742066890001296997e-02
-1.111337635666131973e-02
4.124800860881805420e-01
3.925767540931701660e-02
-1.848818175494670868e-02
4.170943796634674072e-01
1.543298363685607910e-02
-2.417459897696971893e-02
3.890156447887420654e-01
1.137744635343551636e-01
-9.406817145645618439e-03
3.944657444953918457e-01
7.110209017992019653e-02
-1.549435313791036606e-02
3.996191620826721191e-01
4.526290297508239746e-02
-1.953266747295856476e-02
4.050506055355072021e-01
2.396511286497116089e-02
-2.235440723598003387e-02
3.737362027168273926e-01
1.220939308404922485e-01
-1.548720151185989380e-02
3.785221576690673828e-01
8.778749406337738037e-02
-2.029703371226787567e-02
3.829226195812225342e-01
6.602995842695236206e-02
-2.113784290850162506e-02
3.880669474601745605e-01
4.699762910604476929e-02
-2.146990038454532623e-02
