3.703387379646301270e-01
2.708665728569030762e-01
1.603652464154947666e-07
3.939363360404968262e-01
2.584735453128814697e-01
-6.483125500380992889e-03
4.092136919498443604e-01
2.347275465726852417e-01
-1.031249109655618668e-02
4.199534654617309570e-01
2.160376012325286865e-01
-1.485571730881929398e-02
4.306492507457733154e-01
2.081958949565887451e-01
-1.962292753159999847e-02
3.899140954017639160e-01
1.691225767135620117e-01
-1.127601950429379940e-03
3.914729058742523193e-01
1.309550553560256958e-01
-7.864645682275295258e-03
3.924750685691833496e-01
1.072454005479812622e-01
-1.501163002103567123e-02
3.931369781494140625e-01
8.638628572225570679e-02
-2.040273696184158325e-02
3.785375356674194336e-01
1.669163107872009277e-01
-4.253391642123460770e-03
3.802725970745086670e-01
1.240740716457366943e-01
-9.573635645210742950e-03
3.813630044460296631e-01
9.600348025560379028e-02
-1.584914326667785645e-02
3.827775716781616211e-01
7.155796140432357788e-02
-2.079703286290168762e-02
3.668389916419982910e-01
1.713995188474655151e-01
-8.842925541102886200e-03
3.680535554885864258e-01
1.306040287017822266e-01
-1.422145869582891464e-02
3.705123364925384521e-01
1.052580177783966064e-01
-1.866977848112583160e-02
3.726956844329833984e-01
8.382958173751831055e-02
-2.195367217063903809e-02
3.538072705268859863e-01
1.826458126306533813e-01
-1.442574337124824524e-02
3.543951511383056641e-01
1.532422602176666260e-01
-1.871691830456256866e-02
3.563197553157806396e-01
1.344002187252044678e-01
-1.999550499022006989e-02
3.582794666290283203e-01
1.174932196736335754e-01
-2.096792496740818024e-02
