4.869979321956634521e-01
6.386500597000122070e-01
4.098687611531204311e-07
5.165281891822814941e-01
6.005009412765502930e-01
2.114763017743825912e-03
5.340150594711303711e-01
5.469092130661010742e-01
-3.395740350242704153e-04
5.518149733543395996e-01
5.125127434730529785e-01
-4.798633977770805359e-03
5.695315599441528320e-01
4.915562868118286133e-01
-8.576927706599235535e-03
4.959478676319122314e-01
4.707097411155700684e-01
3.783994587138295174e-03
5.621566176414489746e-01
4.706003665924072266e-01
-7.827846333384513855e-03
6.071684956550598145e-01
4.707081019878387451e-01
-2.215629070997238159e-02
6.414487361907958984e-01
4.743994176387786865e-01
-3.243208304047584534e-02
5.016619563102722168e-01
4.698554873466491699e-01
-3.648896235972642899e-03
5.731021165847778320e-01
4.723194837570190430e-01
-1.260940544307231903e-02
6.208531260490417480e-01
4.757152199745178223e-01
-2.110968716442584991e-02
6.588939428329467773e-01
4.800821244716644287e-01
-2.808961831033229828e-02
5.143316388130187988e-01
4.819945991039276123e-01
-1.189653109759092331e-02
5.841077566146850586e-01
4.809220135211944580e-01
-2.083144150674343109e-02
6.278519034385681152e-01
4.824913442134857178e-01
-2.515612915158271790e-02
6.606536507606506348e-01
4.869707524776458740e-01
-2.800521627068519592e-02
5.321365594863891602e-01
5.010906457901000977e-01
-2.079189568758010864e-02
5.847738385200500488e-01
4.957568347454071045e-01
-2.637705206871032715e-02
6.151419281959533691e-01
4.978548884391784668e-01
-2.667959779500961304e-02
6.388038992881774902e-01
4.994736313819885254e-01
-2.636440098285675049e-02
