5.300227403640747070e-01
6.380867362022399902e-01
3.577426070933142910e-07
5.557258129119873047e-01
5.974594950675964355e-01
9.408105164766311646e-03
5.774356722831726074e-01
5.507333874702453613e-01
1.046590972691774368e-02
5.987000465393066406e-01
5.203889012336730957e-01
8.230912499129772186e-03
6.159962415695190430e-01
5.066712498664855957e-01
6.576139945536851883e-03
5.377182364463806152e-01
4.736081361770629883e-01
1.426511537283658981e-02
5.999577641487121582e-01
4.752267003059387207e-01
8.496784605085849762e-03
6.405274271965026855e-01
4.726297855377197266e-01
-2.725967206060886383e-03
6.697223782539367676e-01
4.747377634048461914e-01
-1.175002567470073700e-02
5.505011081695556641e-01
4.712551832199096680e-01
4.142658319324254990e-03
6.126179099082946777e-01
4.715940356254577637e-01
3.792602568864822388e-03
6.500067710876464844e-01
4.677928090095520020e-01
-2.194876316934823990e-03
6.788839697837829590e-01
4.658243358135223389e-01
-9.118729270994663239e-03
5.691747069358825684e-01
4.843252003192901611e-01
-6.140079349279403687e-03
6.291858553886413574e-01
4.764519631862640381e-01
-7.526412140578031540e-03
6.653875708580017090e-01
4.698838293552398682e-01
-9.315489791333675385e-03
6.927909851074218750e-01
4.633482694625854492e-01
-1.249055843800306320e-02
5.931804776191711426e-01
5.082780122756958008e-01
-1.653020642697811127e-02
6.420435905456542969e-01
4.988624453544616699e-01
-1.620419323444366455e-02
6.688308715820312500e-01
4.968810081481933594e-01
-1.270241849124431610e-02
6.889757513999938965e-01
4.945519566535949707e-01
-1.082905847579240799e-02
