4.705167114734649658e-01
3.901007175445556641e-01
2.764963653589802561e-07
4.808641970157623291e-01
3.580876588821411133e-01
-2.141320001101121306e-04
4.966338276863098145e-01
3.287566006183624268e-01
-4.977568052709102631e-03
5.177584290504455566e-01
3.100760579109191895e-01
-1.153387129306793213e-02
5.366775393486022949e-01
3.004703223705291748e-01
-1.751354523003101349e-02
4.749020636081695557e-01
2.917391061782836914e-01
-3.069526050239801407e-03
5.172883272171020508e-01
2.835604846477508545e-01
-1.417640410363674164e-02
5.457704067230224609e-01
2.837755680084228516e-01
-2.365618012845516205e-02
5.669381022453308105e-01
2.887347638607025146e-01
-2.957402355968952179e-02
4.815327525138854980e-01
2.972681224346160889e-01
-8.946124464273452759e-03
5.227755904197692871e-01
2.849001288414001465e-01
-1.867362670600414276e-02
5.513074994087219238e-01
2.867028117179870605e-01
-2.455452643334865570e-02
5.722638368606567383e-01
2.927009463310241699e-01
-2.823614887893199921e-02
4.922779798507690430e-01
3.085490465164184570e-01
-1.539621315896511078e-02
5.317023992538452148e-01
2.945426106452941895e-01
-2.383045293390750885e-02
5.591707229614257812e-01
2.944315075874328613e-01
-2.616602182388305664e-02
5.788686871528625488e-01
2.984198331832885742e-01
-2.678595483303070068e-02
5.066916346549987793e-01
3.241563141345977783e-01
-2.220650017261505127e-02
5.376570820808410645e-01
3.110589385032653809e-01
-2.688558213412761688e-02
5.566809773445129395e-01
3.095832169055938721e-01
-2.608774974942207336e-02
5.718375444412231445e-01
3.115184307098388672e-01
-2.468135766685009003e-02
