4.693521559238433838e-01
3.788078129291534424e-01
2.313815343768510502e-07
4.790100157260894775e-01
3.472156524658203125e-01
3.755756886675953865e-03
4.916094243526458740e-01
3.190483748912811279e-01
4.615256038960069418e-04
5.103894472122192383e-01
3.013475239276885986e-01
-5.595157854259014130e-03
5.277376770973205566e-01
2.932635545730590820e-01
-1.107215695083141327e-02
4.673043489456176758e-01
2.811755836009979248e-01
2.619835548102855682e-03
5.065993070602416992e-01
2.692685425281524658e-01
-6.427366752177476883e-03
5.326772928237915039e-01
2.720456719398498535e-01
-1.487328857183456421e-02
5.506148934364318848e-01
2.789722084999084473e-01
-2.043769881129264832e-02
4.772714972496032715e-01
2.848891019821166992e-01
-5.184245295822620392e-03
5.183972716331481934e-01
2.710615098476409912e-01
-1.228938344866037369e-02
5.454320311546325684e-01
2.734194695949554443e-01
-1.804775558412075043e-02
5.646433234214782715e-01
2.787779867649078369e-01
-2.221039310097694397e-02
4.912413656711578369e-01
2.942826151847839355e-01
-1.336616370826959610e-02
5.319054126739501953e-01
2.797147631645202637e-01
-1.952373236417770386e-02
5.594125390052795410e-01
2.792857289314270020e-01
-2.191917784512042999e-02
5.789662599563598633e-01
2.811393439769744873e-01
-2.334831096231937408e-02
5.087693333625793457e-01
3.080252408981323242e-01
-2.163547836244106293e-02
5.413739681243896484e-01
2.969051003456115723e-01
-2.479114942252635956e-02
5.600799918174743652e-01
2.961803078651428223e-01
-2.353087812662124634e-02
5.751385092735290527e-01
2.974286079406738281e-01
-2.225906215608119965e-02
