4.793593883514404297e-01
3.775094747543334961e-01
2.760777704224892659e-07
4.972828924655914307e-01
3.478420972824096680e-01
-9.978732850868254900e-05
5.132154226303100586e-01
3.205641508102416992e-01
-4.635632038116455078e-03
5.314617156982421875e-01
3.019239306449890137e-01
-1.096834335476160049e-02
5.465327501296997070e-01
2.900632917881011963e-01
-1.668967120349407196e-02
4.828739166259765625e-01
2.778466939926147461e-01
-1.130244461819529533e-03
5.245603322982788086e-01
2.727539241313934326e-01
-1.207723282277584076e-02
5.538786053657531738e-01
2.740075886249542236e-01
-2.259205840528011322e-02
5.760267972946166992e-01
2.796173691749572754e-01
-2.970066107809543610e-02
4.892402887344360352e-01
2.821379899978637695e-01
-7.393798325210809708e-03
5.310762524604797363e-01
2.731959521770477295e-01
-1.615868322551250458e-02
5.597082376480102539e-01
2.748784720897674561e-01
-2.277071774005889893e-02
5.811827182769775391e-01
2.794038057327270508e-01
-2.777060121297836304e-02
5.002139210700988770e-01
2.936889231204986572e-01
-1.439238246530294418e-02
5.408723354339599609e-01
2.814645469188690186e-01
-2.299288846552371979e-02
5.688164234161376953e-01
2.808173894882202148e-01
-2.567445114254951477e-02
5.893255472183227539e-01
2.832612991333007812e-01
-2.701066248118877411e-02
5.155193209648132324e-01
3.093225359916687012e-01
-2.176366560161113739e-02
5.482211112976074219e-01
2.982540726661682129e-01
-2.725173346698284149e-02
5.672109723091125488e-01
2.977247834205627441e-01
-2.655644156038761139e-02
5.821726918220520020e-01
2.995421886444091797e-01
-2.543746680021286011e-02
