4.597915709018707275e-01
3.943026959896087646e-01
2.573612789547041757e-07
4.759304225444793701e-01
3.652762770652770996e-01
1.713447854854166508e-03
4.926345944404602051e-01
3.342904448509216309e-01
-1.309163519181311131e-03
5.133071541786193848e-01
3.134981691837310791e-01
-6.429069209843873978e-03
5.304803848266601562e-01
3.004902005195617676e-01
-1.057597063481807709e-02
4.631120562553405762e-01
2.905965447425842285e-01
2.140083583071827888e-03
5.065932869911193848e-01
2.796884775161743164e-01
-6.946648936718702316e-03
5.363357067108154297e-01
2.803572416305541992e-01
-1.546566095203161240e-02
5.584041476249694824e-01
2.860930860042572021e-01
-2.112329751253128052e-02
4.705660343170166016e-01
2.936655879020690918e-01
-4.284608643501996994e-03
5.141618847846984863e-01
2.784654200077056885e-01
-1.124261692166328430e-02
5.431602001190185547e-01
2.796738743782043457e-01
-1.618471741676330566e-02
5.647454261779785156e-01
2.834081351757049561e-01
-1.996871456503868103e-02
4.825508296489715576e-01
3.031552433967590332e-01
-1.141070760786533356e-02
5.241230726242065430e-01
2.869563400745391846e-01
-1.786435022950172424e-02
5.519623160362243652e-01
2.868156433105468750e-01
-1.947763375937938690e-02
5.722891092300415039e-01
2.894157767295837402e-01
-2.030805498361587524e-02
4.988525211811065674e-01
3.172897398471832275e-01
-1.888502202928066254e-02
5.311324596405029297e-01
3.038284182548522949e-01
-2.228700183331966400e-02
5.499008297920227051e-01
3.029771149158477783e-01
-2.095574699342250824e-02
5.647913813591003418e-01
3.048629760742187500e-01
-1.959779858589172363e-02
