4.927585124969482422e-01
6.140596270561218262e-01
2.597282389160682214e-07
5.213851332664489746e-01
5.659067630767822266e-01
1.063102390617132187e-02
5.412147045135498047e-01
5.192723274230957031e-01
9.428436867892742157e-03
5.630329251289367676e-01
4.900342524051666260e-01
3.324677003547549248e-03
5.799814462661743164e-01
4.773424863815307617e-01
-2.605594927445054054e-03
4.982863068580627441e-01
4.598862528800964355e-01
5.396080669015645981e-03
5.668559074401855469e-01
4.547763466835021973e-01
-5.867756903171539307e-03
6.087180376052856445e-01
4.617202281951904297e-01
-1.512132026255130768e-02
6.407044529914855957e-01
4.689266681671142578e-01
-2.138515189290046692e-02
4.987673461437225342e-01
4.640275537967681885e-01
-7.066001184284687042e-03
5.733413696289062500e-01
4.612371623516082764e-01
-1.584180817008018494e-02
6.148778200149536133e-01
4.662920236587524414e-01
-1.900299265980720520e-02
6.490761637687683105e-01
4.692415595054626465e-01
-2.246155403554439545e-02
5.079888105392456055e-01
4.781197309494018555e-01
-2.012059278786182404e-02
5.818475484848022461e-01
4.714242219924926758e-01
-2.791677415370941162e-02
6.208320856094360352e-01
4.728597104549407959e-01
-2.891194634139537811e-02
6.513761281967163086e-01
4.760565161705017090e-01
-2.991173788905143738e-02
5.249405503273010254e-01
4.996590316295623779e-01
-3.303474560379981995e-02
5.816385746002197266e-01
4.893885254859924316e-01
-3.573970869183540344e-02
6.138790249824523926e-01
4.861960411071777344e-01
-3.418231755495071411e-02
6.404590606689453125e-01
4.851279556751251221e-01
-3.362937271595001221e-02
