4.162610471248626709e-01
3.934896588325500488e-01
3.300489765933889430e-07
4.412434697151184082e-01
3.639470040798187256e-01
-2.023482928052544594e-03
4.552862644195556641e-01
3.303613066673278809e-01
-5.819699726998806000e-03
4.682195186614990234e-01
3.055500388145446777e-01
-1.098132133483886719e-02
4.782909750938415527e-01
2.886570096015930176e-01
-1.521213632076978683e-02
4.181940257549285889e-01
2.902871668338775635e-01
-1.917745801620185375e-03
4.620043337345123291e-01
2.771160006523132324e-01
-1.364344544708728790e-02
4.921544790267944336e-01
2.716325223445892334e-01
-2.418626844882965088e-02
5.158641934394836426e-01
2.702355980873107910e-01
-3.110854141414165497e-02
4.220620989799499512e-01
2.940534651279449463e-01
-6.954172160476446152e-03
4.675459563732147217e-01
2.756467163562774658e-01
-1.756335049867630005e-02
4.983520507812500000e-01
2.720688581466674805e-01
-2.388471551239490509e-02
5.224289894104003906e-01
2.704592645168304443e-01
-2.807269245386123657e-02
4.315071105957031250e-01
3.033684492111206055e-01
-1.307149324566125870e-02
4.747665524482727051e-01
2.822766602039337158e-01
-2.331201173365116119e-02
5.042773485183715820e-01
2.777427434921264648e-01
-2.589830942451953888e-02
5.261856317520141602e-01
2.763094007968902588e-01
-2.653878182172775269e-02
4.452531337738037109e-01
3.166920244693756104e-01
-1.980448886752128601e-02
4.791378080844879150e-01
2.980656027793884277e-01
-2.602599188685417175e-02
4.995095729827880859e-01
2.926290929317474365e-01
-2.586787752807140350e-02
5.154516696929931641e-01
2.902116179466247559e-01
-2.492390945553779602e-02
