4.582033157348632812e-01
6.377385258674621582e-01
4.265080519871844444e-07
4.857113659381866455e-01
5.948461294174194336e-01
9.238545782864093781e-03
5.018032789230346680e-01
5.425165295600891113e-01
1.136082317680120468e-02
5.193216800689697266e-01
5.089530944824218750e-01
9.744213894009590149e-03
5.374491214752197266e-01
4.892307221889495850e-01
8.855291642248630524e-03
4.610096514225006104e-01
4.777739048004150391e-01
1.633779704570770264e-02
5.256559252738952637e-01
4.698801040649414062e-01
8.877134881913661957e-03
5.696989893913269043e-01
4.647805094718933105e-01
-2.309060189872980118e-03
6.031965017318725586e-01
4.657944142818450928e-01
-1.074935030192136765e-02
4.662724435329437256e-01
4.773392975330352783e-01
6.333561148494482040e-03
5.329002141952514648e-01
4.685259163379669189e-01
2.587416907772421837e-03
5.775146484375000000e-01
4.638740122318267822e-01
-3.506620181724429131e-03
6.139718294143676758e-01
4.619236290454864502e-01
-9.503390640020370483e-03
4.786835908889770508e-01
4.869373142719268799e-01
-4.532771185040473938e-03
5.454346537590026855e-01
4.758286178112030029e-01
-8.249342441558837891e-03
5.854772925376892090e-01
4.713201224803924561e-01
-1.118921861052513123e-02
6.163277626037597656e-01
4.698556661605834961e-01
-1.415343768894672394e-02
4.973606169223785400e-01
5.038900971412658691e-01
-1.576941460371017456e-02
5.500499010086059570e-01
4.955899119377136230e-01
-1.655619218945503235e-02
5.793071985244750977e-01
4.942241609096527100e-01
-1.565415225923061371e-02
6.020166277885437012e-01
4.928564429283142090e-01
-1.536419149488210678e-02
