4.447996616363525391e-01
6.519879698753356934e-01
3.761672076052491320e-07
4.777781367301940918e-01
6.121043562889099121e-01
6.227824836969375610e-03
4.915385246276855469e-01
5.544565320014953613e-01
7.062715943902730942e-03
5.032411813735961914e-01
5.144423246383666992e-01
4.320997279137372971e-03
5.193661451339721680e-01
4.880552887916564941e-01
2.378194825723767281e-03
4.500162601470947266e-01
4.831361472606658936e-01
1.345638278871774673e-02
5.151675939559936523e-01
4.715220332145690918e-01
2.208748366683721542e-03
5.604493618011474609e-01
4.608502388000488281e-01
-1.186891924589872360e-02
5.956917405128479004e-01
4.572882056236267090e-01
-2.221221849322319031e-02
4.522478580474853516e-01
4.798547327518463135e-01
3.430546494200825691e-03
5.208147764205932617e-01
4.654573798179626465e-01
-5.517645273357629776e-03
5.683505535125732422e-01
4.574319720268249512e-01
-1.415009517222642899e-02
6.069028377532958984e-01
4.526929259300231934e-01
-2.105515077710151672e-02
4.624568819999694824e-01
4.878910183906555176e-01
-7.865018211305141449e-03
5.299717783927917480e-01
4.715723395347595215e-01
-1.719198562204837799e-02
5.748131871223449707e-01
4.640676677227020264e-01
-2.201319672167301178e-02
6.090741157531738281e-01
4.612439870834350586e-01
-2.515649795532226562e-02
4.795248806476593018e-01
5.045705437660217285e-01
-1.970403827726840973e-02
5.329528450965881348e-01
4.904363751411437988e-01
-2.633192203938961029e-02
5.663540959358215332e-01
4.871631562709808350e-01
-2.767089940607547760e-02
5.930781960487365723e-01
4.851034879684448242e-01
-2.813406102359294891e-02
