4.587230682373046875e-01
3.869275748729705811e-01
2.860914491975563578e-07
4.740700125694274902e-01
3.629409372806549072e-01
-5.008298321627080441e-04
4.898253679275512695e-01
3.332763016223907471e-01
-3.173528937622904778e-03
5.095216631889343262e-01
3.140792548656463623e-01
-7.315868977457284927e-03
5.272392034530639648e-01
3.047200143337249756e-01
-1.062568090856075287e-02
4.668423533439636230e-01
2.890250384807586670e-01
2.814243780449032784e-03
5.089151263236999512e-01
2.851283252239227295e-01
-5.005236715078353882e-03
5.374276041984558105e-01
2.850516736507415771e-01
-1.390170957893133163e-02
5.590834021568298340e-01
2.890353202819824219e-01
-2.044888027012348175e-02
4.739692509174346924e-01
2.909579873085021973e-01
-1.975514460355043411e-03
5.146950483322143555e-01
2.843952775001525879e-01
-7.383946795016527176e-03
5.416643619537353516e-01
2.845020294189453125e-01
-1.287913415580987930e-02
5.628334283828735352e-01
2.856096625328063965e-01
-1.774784177541732788e-02
4.859455227851867676e-01
2.993015348911285400e-01
-7.667521480470895767e-03
5.247306823730468750e-01
2.892106473445892334e-01
-1.331911142915487289e-02
5.506531000137329102e-01
2.883220016956329346e-01
-1.549173798412084579e-02
5.702947974205017090e-01
2.893537580966949463e-01
-1.715961284935474396e-02
5.017668008804321289e-01
3.118373453617095947e-01
-1.398539450019598007e-02
5.328029990196228027e-01
3.016071319580078125e-01
-1.746445149183273315e-02
5.511940717697143555e-01
3.007935285568237305e-01
-1.661783270537853241e-02
5.658928751945495605e-01
3.013506531715393066e-01
-1.580146886408329010e-02
