4.392930269241333008e-01
6.397382616996765137e-01
4.184631734460708685e-07
4.747451543807983398e-01
5.911223292350769043e-01
1.208070199936628342e-02
4.884401261806488037e-01
5.395956635475158691e-01
1.473612617701292038e-02
5.032585859298706055e-01
5.053977370262145996e-01
1.271252147853374481e-02
5.203202962875366211e-01
4.833658635616302490e-01
1.132730673998594284e-02
4.425236284732818604e-01
4.708591997623443604e-01
1.778765022754669189e-02
5.085753798484802246e-01
4.643889665603637695e-01
9.283044375479221344e-03
5.524544715881347656e-01
4.627183973789215088e-01
-3.350241808220744133e-03
5.867879390716552734e-01
4.652017951011657715e-01
-1.300489436835050583e-02
4.434925913810729980e-01
4.698437452316284180e-01
5.783715751022100449e-03
5.165991187095642090e-01
4.623630046844482422e-01
4.733833775389939547e-04
5.619677305221557617e-01
4.607027769088745117e-01
-7.019451353698968887e-03
5.990520119667053223e-01
4.610718488693237305e-01
-1.400741003453731537e-02
4.532120823860168457e-01
4.805291891098022461e-01
-6.898346357047557831e-03
5.258924961090087891e-01
4.689591825008392334e-01
-1.181084755808115005e-02
5.679461956024169922e-01
4.661458730697631836e-01
-1.605376601219177246e-02
6.001970767974853516e-01
4.670249223709106445e-01
-2.000085264444351196e-02
4.700483679771423340e-01
4.986191987991333008e-01
-1.968254148960113525e-02
5.271417498588562012e-01
4.901541769504547119e-01
-2.137779444456100464e-02
5.573593974113464355e-01
4.894562065601348877e-01
-2.106175012886524200e-02
5.805647969245910645e-01
4.893830716609954834e-01
-2.133441157639026642e-02
