5.081489086151123047e-01
6.410498619079589844e-01
3.864462598812679062e-07
5.370302200317382812e-01
6.025760173797607422e-01
7.747724652290344238e-03
5.562593340873718262e-01
5.493457317352294922e-01
8.341885171830654144e-03
5.749837756156921387e-01
5.149798393249511719e-01
5.709670018404722214e-03
5.929907560348510742e-01
4.963443577289581299e-01
3.437600331380963326e-03
5.123885869979858398e-01
4.757820069789886475e-01
1.162608712911605835e-02
5.756318569183349609e-01
4.752470254898071289e-01
5.359322298318147659e-03
6.171668767929077148e-01
4.703305065631866455e-01
-5.317528266459703445e-03
6.479882001876831055e-01
4.704450070858001709e-01
-1.375817041844129562e-02
5.203697085380554199e-01
4.746603667736053467e-01
2.473624888807535172e-03
5.844646096229553223e-01
4.731916189193725586e-01
9.999905014410614967e-04
6.245424747467041016e-01
4.677370786666870117e-01
-3.679453162476420403e-03
6.569000482559204102e-01
4.637871980667114258e-01
-9.466229006648063660e-03
5.359014868736267090e-01
4.878768622875213623e-01
-7.140092086046934128e-03
5.982530117034912109e-01
4.807307422161102295e-01
-9.922451339662075043e-03
6.364763975143432617e-01
4.733886718750000000e-01
-1.186455041170120239e-02
6.662771701812744141e-01
4.693523049354553223e-01
-1.472385320812463760e-02
5.568629503250122070e-01
5.095697045326232910e-01
-1.701944507658481598e-02
6.070922017097473145e-01
4.998684227466583252e-01
-1.857603155076503754e-02
6.367018818855285645e-01
4.958763122558593750e-01
-1.716941222548484802e-02
6.604813933372497559e-01
4.933501183986663818e-01
-1.658201403915882111e-02
