4.890373945236206055e-01
6.420151591300964355e-01
4.882800794803188182e-07
5.240646004676818848e-01
5.988671779632568359e-01
3.771958407014608383e-03
5.417844057083129883e-01
5.443341135978698730e-01
1.797005417756736279e-03
5.573901534080505371e-01
5.093304514884948730e-01
-2.914276439696550369e-03
5.738648772239685059e-01
4.907254278659820557e-01
-6.915995851159095764e-03
4.973331093788146973e-01
4.719277024269104004e-01
7.784801535308361053e-03
5.633988976478576660e-01
4.668341577053070068e-01
-2.432807814329862595e-03
6.078355908393859863e-01
4.595513343811035156e-01
-1.636171154677867889e-02
6.418418884277343750e-01
4.567630887031555176e-01
-2.680890262126922607e-02
5.029056668281555176e-01
4.713916480541229248e-01
-1.019036862999200821e-03
5.710943341255187988e-01
4.665733575820922852e-01
-8.467278443276882172e-03
6.171962022781372070e-01
4.591938853263854980e-01
-1.706287637352943420e-02
6.558016538619995117e-01
4.544603824615478516e-01
-2.471869997680187225e-02
5.157839655876159668e-01
4.837396740913391113e-01
-1.058795116841793060e-02
5.823971629142761230e-01
4.749103188514709473e-01
-1.763275638222694397e-02
6.251102685928344727e-01
4.658970236778259277e-01
-2.137861959636211395e-02
6.588879227638244629e-01
4.602888226509094238e-01
-2.463227882981300354e-02
5.347487926483154297e-01
5.028846263885498047e-01
-2.086569368839263916e-02
5.873849391937255859e-01
4.911558330059051514e-01
-2.442044019699096680e-02
6.181186437606811523e-01
4.850431978702545166e-01
-2.364237606525421143e-02
6.431605815887451172e-01
4.795426726341247559e-01
-2.322153560817241669e-02
