5.302112102508544922e-01
6.423910260200500488e-01
3.734242284281208413e-07
5.598313212394714355e-01
6.028170585632324219e-01
9.033860638737678528e-03
5.807482600212097168e-01
5.521320700645446777e-01
1.033032499253749847e-02
6.001562476158142090e-01
5.193371176719665527e-01
8.284248411655426025e-03
6.166730523109436035e-01
5.019957423210144043e-01
6.638576276600360870e-03
5.397890806198120117e-01
4.728551208972930908e-01
1.597151160240173340e-02
6.026176214218139648e-01
4.771990180015563965e-01
1.093235705047845840e-02
6.444763541221618652e-01
4.739511907100677490e-01
3.053865220863372087e-04
6.748302578926086426e-01
4.745350480079650879e-01
-8.244960568845272064e-03
5.509155392646789551e-01
4.694634675979614258e-01
6.004985887557268143e-03
6.152542829513549805e-01
4.723306596279144287e-01
6.455641239881515503e-03
6.544077396392822266e-01
4.697408676147460938e-01
1.533384667709469795e-03
6.854099035263061523e-01
4.676782488822937012e-01
-4.426159430295228958e-03
5.685352683067321777e-01
4.819761216640472412e-01
-4.331619013100862503e-03
6.287402510643005371e-01
4.753814637660980225e-01
-5.194417666643857956e-03
6.655216217041015625e-01
4.693499505519866943e-01
-6.198374088853597641e-03
6.940904855728149414e-01
4.634534716606140137e-01
-8.784024976193904877e-03
5.913640260696411133e-01
5.053547024726867676e-01
-1.494878716766834259e-02
6.391300559043884277e-01
4.950526654720306396e-01
-1.460709515959024429e-02
6.666134595870971680e-01
4.914102256298065186e-01
-1.101093459874391556e-02
6.884276866912841797e-01
4.874907135963439941e-01
-8.979896083474159241e-03
