4.649243652820587158e-01
6.475999355316162109e-01
3.940621979836578248e-07
4.981448352336883545e-01
6.037879586219787598e-01
8.089027367532253265e-03
5.141887068748474121e-01
5.494134426116943359e-01
1.012472715228796005e-02
5.328835844993591309e-01
5.148549675941467285e-01
8.812854066491127014e-03
5.512760877609252930e-01
4.947610795497894287e-01
8.356022648513317108e-03
4.680344164371490479e-01
4.798639416694641113e-01
1.518990006297826767e-02
5.341267585754394531e-01
4.735515117645263672e-01
7.852339185774326324e-03
5.774652361869812012e-01
4.695439338684082031e-01
-3.313065040856599808e-03
6.109810471534729004e-01
4.720961451530456543e-01
-1.195115502923727036e-02
4.728671610355377197e-01
4.796583056449890137e-01
5.754268728196620941e-03
5.414692759513854980e-01
4.716474115848541260e-01
1.788904657587409019e-03
5.847221612930297852e-01
4.678404629230499268e-01
-4.339055623859167099e-03
6.208845376968383789e-01
4.667859673500061035e-01
-1.047304831445217133e-02
4.852803647518157959e-01
4.919091463088989258e-01
-4.621305502951145172e-03
5.535420179367065430e-01
4.802748262882232666e-01
-9.408993646502494812e-03
5.942136049270629883e-01
4.743769764900207520e-01
-1.324738562107086182e-02
6.259452104568481445e-01
4.723420739173889160e-01
-1.672970317304134369e-02
5.043832659721374512e-01
5.113570690155029297e-01
-1.528527215123176575e-02
5.574117898941040039e-01
5.017939805984497070e-01
-1.745354570448398590e-02
5.860647559165954590e-01
4.987514615058898926e-01
-1.749786548316478729e-02
6.085934638977050781e-01
4.962292015552520752e-01
-1.785126328468322754e-02
