4.576431810855865479e-01
6.394109725952148438e-01
3.825087162567797350e-07
4.852385222911834717e-01
5.990554690361022949e-01
1.105917990207672119e-02
4.996893107891082764e-01
5.477532148361206055e-01
1.417589094489812851e-02
5.150620341300964355e-01
5.136515498161315918e-01
1.311445888131856918e-02
5.307878255844116211e-01
4.938888251781463623e-01
1.254049316048622131e-02
4.611430168151855469e-01
4.769210219383239746e-01
1.795166172087192535e-02
5.242177248001098633e-01
4.692257344722747803e-01
1.141148246824741364e-02
5.683563947677612305e-01
4.650747776031494141e-01
3.986619994975626469e-04
6.017581820487976074e-01
4.674400091171264648e-01
-8.117604069411754608e-03
4.669251441955566406e-01
4.764665961265563965e-01
6.981614511460065842e-03
5.348345637321472168e-01
4.668267965316772461e-01
4.619306884706020355e-03
5.796262025833129883e-01
4.626138210296630859e-01
-1.513914787210524082e-03
6.149526834487915039e-01
4.612105488777160645e-01
-7.929420098662376404e-03
4.795277118682861328e-01
4.867384135723114014e-01
-4.595107864588499069e-03
5.473065972328186035e-01
4.751515090465545654e-01
-7.230576593428850174e-03
5.884214639663696289e-01
4.705489873886108398e-01
-1.050313562154769897e-02
6.190514564514160156e-01
4.695407152175903320e-01
-1.407766528427600861e-02
4.981508553028106689e-01
5.052507519721984863e-01
-1.638534478843212128e-02
5.510799884796142578e-01
4.959855377674102783e-01
-1.659058034420013428e-02
5.800429582595825195e-01
4.947787523269653320e-01
-1.531108934432268143e-02
6.022846698760986328e-01
4.947562515735626221e-01
-1.494224648922681808e-02
