4.511364400386810303e-01
6.525377035140991211e-01
4.204560468679119367e-07
4.880157113075256348e-01
6.162660717964172363e-01
2.732155611738562584e-03
5.023092627525329590e-01
5.581738352775573730e-01
3.295055357739329338e-03
5.133318901062011719e-01
5.181635618209838867e-01
1.269507221877574921e-03
5.290871858596801758e-01
4.906345009803771973e-01
8.126050670398399234e-05
4.610323905944824219e-01
4.832048416137695312e-01
1.223686616867780685e-02
5.263725519180297852e-01
4.759386777877807617e-01
2.415546448901295662e-03
5.713562965393066406e-01
4.673942327499389648e-01
-1.045498903840780258e-02
6.056354045867919922e-01
4.648154675960540771e-01
-2.009463123977184296e-02
4.622586965560913086e-01
4.814383983612060547e-01
4.574825521558523178e-03
5.317574739456176758e-01
4.716640412807464600e-01
-2.044589025899767876e-03
5.773665904998779297e-01
4.648811221122741699e-01
-8.855883963406085968e-03
6.150103807449340820e-01
4.610724747180938721e-01
-1.479834318161010742e-02
4.711393713951110840e-01
4.920028448104858398e-01
-4.815004300326108932e-03
5.405068397521972656e-01
4.796589910984039307e-01
-1.208632718771696091e-02
5.824899077415466309e-01
4.726027846336364746e-01
-1.584014110267162323e-02
6.150186657905578613e-01
4.690282642841339111e-01
-1.857384108006954193e-02
4.877357482910156250e-01
5.124648213386535645e-01
-1.513614784926176071e-02
5.413551926612854004e-01
5.009034872055053711e-01
-1.956314034759998322e-02
5.717291235923767090e-01
4.978245496749877930e-01
-1.983543299138545990e-02
5.953599214553833008e-01
4.961768686771392822e-01
-1.983269862830638885e-02
