4.733661115169525146e-01
3.811480104923248291e-01
2.919576047588634538e-07
4.966354966163635254e-01
3.543063998222351074e-01
-3.415596729610115290e-04
5.135641098022460938e-01
3.282121419906616211e-01
-4.243370145559310913e-03
5.321220159530639648e-01
3.094824254512786865e-01
-9.786071255803108215e-03
5.478436946868896484e-01
2.972836196422576904e-01
-1.444034278392791748e-02
4.797469675540924072e-01
2.815519273281097412e-01
-4.222559800837188959e-04
5.229935646057128906e-01
2.764200270175933838e-01
-1.036170218139886856e-02
5.519559979438781738e-01
2.761543095111846924e-01
-2.001205831766128540e-02
5.737617015838623047e-01
2.801313698291778564e-01
-2.660394646227359772e-02
4.854734539985656738e-01
2.855881154537200928e-01
-6.013192702084779739e-03
5.290846228599548340e-01
2.747067511081695557e-01
-1.416187919676303864e-02
5.576113462448120117e-01
2.750559747219085693e-01
-1.997117698192596436e-02
5.794042944908142090e-01
2.779194414615631104e-01
-2.447885274887084961e-02
4.963149428367614746e-01
2.967349588871002197e-01
-1.239087432622909546e-02
5.383724570274353027e-01
2.828564941883087158e-01
-2.039424329996109009e-02
5.660705566406250000e-01
2.814551591873168945e-01
-2.258783206343650818e-02
5.861430168151855469e-01
2.831778824329376221e-01
-2.368756383657455444e-02
5.114039778709411621e-01
3.119260668754577637e-01
-1.918897777795791626e-02
5.439599156379699707e-01
2.991581559181213379e-01
-2.400606125593185425e-02
5.623086690902709961e-01
2.968512177467346191e-01
-2.309872023761272430e-02
5.767155289649963379e-01
2.974566221237182617e-01
-2.198686636984348297e-02
