4.616492986679077148e-01
6.473454833030700684e-01
3.967437862684164429e-07
4.937703609466552734e-01
6.069932579994201660e-01
3.193261334672570229e-03
5.093937516212463379e-01
5.504100322723388672e-01
3.018384799361228943e-03
5.246598124504089355e-01
5.108232498168945312e-01
3.256083800806663930e-05
5.428557395935058594e-01
4.855530261993408203e-01
-2.131428569555282593e-03
4.672973155975341797e-01
4.762009680271148682e-01
1.059908978641033173e-02
5.341110825538635254e-01
4.702882766723632812e-01
-1.088564749807119370e-03
5.803281664848327637e-01
4.647378325462341309e-01
-1.516405120491981506e-02
6.156959533691406250e-01
4.665581583976745605e-01
-2.522798627614974976e-02
4.712060689926147461e-01
4.745588004589080811e-01
2.204018644988536835e-03
5.416436195373535156e-01
4.672317206859588623e-01
-7.241462823003530502e-03
5.897310972213745117e-01
4.641229510307312012e-01
-1.629640161991119385e-02
6.280412077903747559e-01
4.650124013423919678e-01
-2.316268905997276306e-02
4.823819696903228760e-01
4.855225980281829834e-01
-7.576789241284132004e-03
5.518440604209899902e-01
4.765600860118865967e-01
-1.810888200998306274e-02
5.970164537429809570e-01
4.739379286766052246e-01
-2.355211600661277771e-02
6.307830810546875000e-01
4.756805300712585449e-01
-2.656348235905170441e-02
4.995794296264648438e-01
5.050503015518188477e-01
-1.797504350543022156e-02
5.520711541175842285e-01
4.975273907184600830e-01
-2.548484131693840027e-02
5.825359821319580078e-01
4.986685216426849365e-01
-2.678670361638069153e-02
6.061812639236450195e-01
5.009707212448120117e-01
-2.671793475747108459e-02
