4.575686156749725342e-01
3.860753476619720459e-01
3.037678766304452438e-07
4.701785147190093994e-01
3.577146530151367188e-01
1.978911226615309715e-03
4.852467775344848633e-01
3.296969830989837646e-01
-1.050156191922724247e-03
5.047581195831298828e-01
3.124859631061553955e-01
-6.158776581287384033e-03
5.230926871299743652e-01
3.038123846054077148e-01
-1.072766259312629700e-02
4.648151695728302002e-01
2.872890830039978027e-01
2.968425396829843521e-03
5.076047182083129883e-01
2.838527560234069824e-01
-5.811801645904779434e-03
5.376799702644348145e-01
2.821558117866516113e-01
-1.511920150369405746e-02
5.604487061500549316e-01
2.849708497524261475e-01
-2.163858711719512939e-02
4.730065166950225830e-01
2.895909547805786133e-01
-3.631218569353222847e-03
5.143334269523620605e-01
2.826199233531951904e-01
-9.774981066584587097e-03
5.439236164093017578e-01
2.821762561798095703e-01
-1.513816881924867630e-02
5.672892928123474121e-01
2.838725745677947998e-01
-1.971562020480632782e-02
4.853091537952423096e-01
2.983222007751464844e-01
-1.090796384960412979e-02
5.252839922904968262e-01
2.881350517272949219e-01
-1.659713499248027802e-02
5.532130599021911621e-01
2.870171070098876953e-01
-1.841077394783496857e-02
5.744651556015014648e-01
2.878598272800445557e-01
-1.987987197935581207e-02
5.012572407722473145e-01
3.120343387126922607e-01
-1.862945593893527985e-02
5.323066115379333496e-01
3.011795878410339355e-01
-2.186174318194389343e-02
5.518891811370849609e-01
3.000758886337280273e-01
-2.049535885453224182e-02
5.678768754005432129e-01
3.009237051010131836e-01
-1.933680288493633270e-02
