4.684205353260040283e-01
6.488681435585021973e-01
4.065206553605094086e-07
5.029331445693969727e-01
6.091020107269287109e-01
4.274555947631597519e-03
5.176319479942321777e-01
5.509158372879028320e-01
4.546864423900842667e-03
5.303858518600463867e-01
5.115706920623779297e-01
2.106395782902836800e-03
5.453072190284729004e-01
4.872824847698211670e-01
3.053396649193018675e-04
4.723020195960998535e-01
4.790943264961242676e-01
9.954059496521949768e-03
5.363461971282958984e-01
4.714906215667724609e-01
3.087531076744198799e-04
5.806708335876464844e-01
4.652997851371765137e-01
-1.251936051994562149e-02
6.144210100173950195e-01
4.651115834712982178e-01
-2.219497971236705780e-02
4.753562510013580322e-01
4.780802130699157715e-01
1.564975362271070480e-03
5.435334444046020508e-01
4.700795710086822510e-01
-5.365373566746711731e-03
5.894136428833007812e-01
4.642246961593627930e-01
-1.283103413879871368e-02
6.266703009605407715e-01
4.606930911540985107e-01
-1.937256567180156708e-02
4.858070015907287598e-01
4.900161921977996826e-01
-7.902714423835277557e-03
5.527349114418029785e-01
4.791760444641113281e-01
-1.515927165746688843e-02
5.952234864234924316e-01
4.735225141048431396e-01
-1.930047944188117981e-02
6.275726556777954102e-01
4.714809060096740723e-01
-2.244767732918262482e-02
5.024060010910034180e-01
5.102582573890686035e-01
-1.799027808010578156e-02
5.541096329689025879e-01
4.993031919002532959e-01
-2.240943722426891327e-02
5.836886167526245117e-01
4.974133372306823730e-01
-2.250540256500244141e-02
6.066757440567016602e-01
4.972554147243499756e-01
-2.234159037470817566e-02
