4.732865393161773682e-01
3.824876844882965088e-01
2.682913589069357840e-07
4.879221916198730469e-01
3.502619564533233643e-01
1.283592078834772110e-03
5.039507746696472168e-01
3.223772943019866943e-01
-3.174887504428625107e-03
5.246239304542541504e-01
3.035714328289031982e-01
-9.715100750327110291e-03
5.430186390876770020e-01
2.930762767791748047e-01
-1.572575978934764862e-02
4.792214930057525635e-01
2.809686362743377686e-01
-8.784820092841982841e-04
5.225007534027099609e-01
2.741509377956390381e-01
-1.128375623375177383e-02
5.512790679931640625e-01
2.734660804271697998e-01
-2.089362964034080505e-02
5.723268389701843262e-01
2.778213918209075928e-01
-2.712121233344078064e-02
4.861654043197631836e-01
2.859810292720794678e-01
-7.764342240989208221e-03
5.289284586906433105e-01
2.739532887935638428e-01
-1.663778722286224365e-02
5.581560730934143066e-01
2.742773592472076416e-01
-2.304887771606445312e-02
5.793241858482360840e-01
2.800104618072509766e-01
-2.743433602154254913e-02
4.973602890968322754e-01
2.973540127277374268e-01
-1.511620171368122101e-02
5.380470156669616699e-01
2.827238142490386963e-01
-2.298413217067718506e-02
5.667391419410705566e-01
2.809875011444091797e-01
-2.577837556600570679e-02
5.867469906806945801e-01
2.844731211662292480e-01
-2.699427865445613861e-02
5.124792456626892090e-01
3.126430809497833252e-01
-2.271397784352302551e-02
5.434495806694030762e-01
2.981228828430175781e-01
-2.706997282803058624e-02
5.625208020210266113e-01
2.955830693244934082e-01
-2.615869417786598206e-02
5.774228572845458984e-01
2.973477542400360107e-01
-2.488908544182777405e-02
