4.043740034103393555e-01
4.008269608020782471e-01
3.308158511572401039e-07
4.296660423278808594e-01
3.714851737022399902e-01
-2.007843228057026863e-03
4.457237422466278076e-01
3.381987512111663818e-01
-6.288435310125350952e-03
4.609137773513793945e-01
3.151304721832275391e-01
-1.192810665816068649e-02
4.727059006690979004e-01
2.975243628025054932e-01
-1.678244955837726593e-02
4.055058062076568604e-01
2.971386611461639404e-01
-2.343134256079792976e-03
4.486032724380493164e-01
2.866064310073852539e-01
-1.509861648082733154e-02
4.801049232482910156e-01
2.796003818511962891e-01
-2.698971517384052277e-02
5.049303770065307617e-01
2.781785428524017334e-01
-3.476298972964286804e-02
4.082229733467102051e-01
3.003842532634735107e-01
-7.641928736120462418e-03
4.522110223770141602e-01
2.862729430198669434e-01
-1.924684457480907440e-02
4.841195642948150635e-01
2.802075743675231934e-01
-2.686658501625061035e-02
5.097799301147460938e-01
2.769394516944885254e-01
-3.191499412059783936e-02
4.167375862598419189e-01
3.099976181983947754e-01
-1.394107658416032791e-02
4.585046172142028809e-01
2.936967909336090088e-01
-2.508623152971267700e-02
4.883789718151092529e-01
2.887105643749237061e-01
-2.812220901250839233e-02
5.111007690429687500e-01
2.872265875339508057e-01
-2.895688265562057495e-02
4.301588833332061768e-01
3.235936164855957031e-01
-2.087917365133762360e-02
4.623960554599761963e-01
3.085370659828186035e-01
-2.847744710743427277e-02
4.831642508506774902e-01
3.034053444862365723e-01
-2.873799204826354980e-02
5.005108714103698730e-01
3.010310530662536621e-01
-2.777533605694770813e-02
