4.416525065898895264e-01
3.920541107654571533e-01
2.578551629994763061e-07
4.662998616695404053e-01
3.637787103652954102e-01
1.552589092170819640e-04
4.811243116855621338e-01
3.324934244155883789e-01
-2.462683478370308876e-03
4.951335489749908447e-01
3.087054193019866943e-01
-7.136867847293615341e-03
5.074568986892700195e-01
2.916502058506011963e-01
-1.092807389795780182e-02
4.428817629814147949e-01
2.915088236331939697e-01
2.431731205433607101e-03
4.824326634407043457e-01
2.783866822719573975e-01
-8.251175284385681152e-03
5.114570856094360352e-01
2.778445780277252197e-01
-1.831694506108760834e-02
5.334808230400085449e-01
2.827025651931762695e-01
-2.482518739998340607e-02
4.472353756427764893e-01
2.948624193668365479e-01
-3.322146600112318993e-03
4.884613156318664551e-01
2.794723808765411377e-01
-1.392361614853143692e-02
5.187805891036987305e-01
2.797820270061492920e-01
-2.118906006217002869e-02
5.417902469635009766e-01
2.839318811893463135e-01
-2.555530890822410583e-02
4.572101235389709473e-01
3.034443259239196777e-01
-1.003843266516923904e-02
4.980614185333251953e-01
2.872981429100036621e-01
-1.985097676515579224e-02
5.270172953605651855e-01
2.854178547859191895e-01
-2.335958182811737061e-02
5.477942824363708496e-01
2.881640195846557617e-01
-2.434526197612285614e-02
4.713640511035919189e-01
3.154088854789733887e-01
-1.720523834228515625e-02
5.038669705390930176e-01
3.000298440456390381e-01
-2.340096421539783478e-02
5.241884589195251465e-01
2.969280183315277100e-01
-2.385716140270233154e-02
5.406638383865356445e-01
2.978720068931579590e-01
-2.301370538771152496e-02
