4.851815700531005859e-01
6.451259255409240723e-01
3.460377797637192998e-07
5.171856880187988281e-01
6.019330024719238281e-01
1.462073624134063721e-02
5.340750813484191895e-01
5.539265871047973633e-01
1.836923509836196899e-02
5.509791374206542969e-01
5.215524435043334961e-01
1.722815632820129395e-02
5.670428872108459473e-01
5.040847063064575195e-01
1.627206429839134216e-02
4.915096759796142578e-01
4.756064414978027344e-01
2.236749604344367981e-02
5.556252598762512207e-01
4.765961766242980957e-01
1.837422698736190796e-02
5.965996980667114258e-01
4.734350442886352539e-01
7.834897376596927643e-03
6.279988884925842285e-01
4.744772017002105713e-01
-1.130578108131885529e-03
4.978787899017333984e-01
4.738307297229766846e-01
9.455482475459575653e-03
5.652939081192016602e-01
4.765668511390686035e-01
9.906576015055179596e-03
6.058837771415710449e-01
4.731227159500122070e-01
4.234947729855775833e-03
6.398028135299682617e-01
4.705484211444854736e-01
-2.750025829300284386e-03
5.115862488746643066e-01
4.866255223751068115e-01
-3.775834338739514351e-03
5.775692462921142578e-01
4.820832610130310059e-01
-4.462284501641988754e-03
6.167898178100585938e-01
4.759940207004547119e-01
-7.318684831261634827e-03
6.477806568145751953e-01
4.717027544975280762e-01
-1.149631291627883911e-02
5.312123894691467285e-01
5.091617107391357422e-01
-1.696179993450641632e-02
5.831813812255859375e-01
4.976164400577545166e-01
-1.684661954641342163e-02
6.130011677742004395e-01
4.931427836418151855e-01
-1.520420517772436142e-02
6.370548009872436523e-01
4.893227517604827881e-01
-1.495158299803733826e-02
