4.119094014167785645e-01
3.933906257152557373e-01
3.411972500089177629e-07
4.342557489871978760e-01
3.670611679553985596e-01
-8.406562265008687973e-04
4.499405920505523682e-01
3.346763253211975098e-01
-4.040018655359745026e-03
4.647949635982513428e-01
3.122396469116210938e-01
-8.655709214508533478e-03
4.750978648662567139e-01
2.959927916526794434e-01
-1.266642101109027863e-02
4.163386821746826172e-01
2.920771837234497070e-01
-2.068740723188966513e-04
4.573851823806762695e-01
2.815370857715606689e-01
-1.102089136838912964e-02
4.879840612411499023e-01
2.761046588420867920e-01
-2.152319438755512238e-02
5.130473375320434570e-01
2.754952311515808105e-01
-2.858509682118892670e-02
4.192216694355010986e-01
2.948134839534759521e-01
-5.294199567288160324e-03
4.627545177936553955e-01
2.816761136054992676e-01
-1.402452681213617325e-02
4.936154484748840332e-01
2.778741419315338135e-01
-2.058059163391590118e-02
5.193487405776977539e-01
2.760661840438842773e-01
-2.560316212475299835e-02
4.274768531322479248e-01
3.040966391563415527e-01
-1.133444625884294510e-02
4.696142971515655518e-01
2.895854711532592773e-01
-2.034426853060722351e-02
4.987652897834777832e-01
2.862456738948822021e-01
-2.383951656520366669e-02
5.211263298988342285e-01
2.856744825839996338e-01
-2.569451928138732910e-02
4.395355582237243652e-01
3.178134858608245850e-01
-1.787917874753475189e-02
4.728194773197174072e-01
3.046199977397918701e-01
-2.399623021483421326e-02
4.937380850315093994e-01
3.019342422485351562e-01
-2.479906193912029266e-02
5.105918049812316895e-01
3.010663986206054688e-01
-2.478503622114658356e-02
