4.505679607391357422e-01
3.911942243576049805e-01
2.487678614215838024e-07
4.757882356643676758e-01
3.645984828472137451e-01
-2.487675519660115242e-04
4.909126758575439453e-01
3.350885808467864990e-01
-3.258475800976157188e-03
5.063822269439697266e-01
3.127990365028381348e-01
-8.074996061623096466e-03
5.203584432601928711e-01
2.962931394577026367e-01
-1.190754119306802750e-02
4.516063630580902100e-01
2.909849584102630615e-01
2.876748098060488701e-03
4.916014969348907471e-01
2.816800177097320557e-01
-6.962420884519815445e-03
5.205896496772766113e-01
2.813457250595092773e-01
-1.715822145342826843e-02
5.433142185211181641e-01
2.860776782035827637e-01
-2.405366301536560059e-02
4.564000666141510010e-01
2.928715348243713379e-01
-2.523967996239662170e-03
4.974496066570281982e-01
2.790673673152923584e-01
-1.228562369942665100e-02
5.269130468368530273e-01
2.806774973869323730e-01
-1.939662545919418335e-02
5.492341518402099609e-01
2.860407233238220215e-01
-2.384226769208908081e-02
4.664768576622009277e-01
3.009836673736572266e-01
-8.856666274368762970e-03
5.070369243621826172e-01
2.851318418979644775e-01
-1.769103668630123138e-02
5.349019765853881836e-01
2.848182916641235352e-01
-2.067716605961322784e-02
5.548397302627563477e-01
2.893905341625213623e-01
-2.150432951748371124e-02
4.809121489524841309e-01
3.132996559143066406e-01
-1.570907235145568848e-02
5.125433206558227539e-01
2.983438968658447266e-01
-2.112868987023830414e-02
5.310462713241577148e-01
2.970975339412689209e-01
-2.092050760984420776e-02
5.454295873641967773e-01
3.006442189216613770e-01
-1.972360350191593170e-02
