4.053559005260467529e-01
3.950882852077484131e-01
3.324923341097019147e-07
4.216671288013458252e-01
3.617132604122161865e-01
7.958773639984428883e-04
4.340462386608123779e-01
3.272390961647033691e-01
-2.491154009476304054e-03
4.476916790008544922e-01
3.031156659126281738e-01
-7.483072113245725632e-03
4.596380591392517090e-01
2.880377173423767090e-01
-1.179765257984399796e-02
4.059948623180389404e-01
2.915494441986083984e-01
-1.180215505883097649e-03
4.505899548530578613e-01
2.776066064834594727e-01
-1.256896741688251495e-02
4.816571772098541260e-01
2.698263823986053467e-01
-2.271577902138233185e-02
5.059924721717834473e-01
2.669558823108673096e-01
-2.919169142842292786e-02
4.104279279708862305e-01
2.950348258018493652e-01
-7.142599672079086304e-03
4.549022316932678223e-01
2.760949432849884033e-01
-1.663325913250446320e-02
4.861126840114593506e-01
2.699508666992187500e-01
-2.202643826603889465e-02
5.104864239692687988e-01
2.669515609741210938e-01
-2.579414471983909607e-02
4.198486208915710449e-01
3.038350939750671387e-01
-1.389363128691911697e-02
4.627287983894348145e-01
2.821750640869140625e-01
-2.257485315203666687e-02
4.917344152927398682e-01
2.759460806846618652e-01
-2.459265105426311493e-02
5.131041407585144043e-01
2.738799154758453369e-01
-2.511973306536674500e-02
4.338325262069702148e-01
3.167459368705749512e-01
-2.103880792856216431e-02
4.670186936855316162e-01
2.966987788677215576e-01
-2.572995051741600037e-02
4.874848723411560059e-01
2.904164195060729980e-01
-2.514922618865966797e-02
5.033343434333801270e-01
2.874875962734222412e-01
-2.412205003201961517e-02
