4.852542579174041748e-01
6.432820558547973633e-01
3.853929229080677032e-07
5.191662311553955078e-01
6.009744405746459961e-01
1.131828501820564270e-02
5.359897613525390625e-01
5.521110296249389648e-01
1.430287957191467285e-02
5.527800917625427246e-01
5.185804367065429688e-01
1.327536161988973618e-02
5.672997236251831055e-01
4.995357096195220947e-01
1.280314009636640549e-02
4.947737455368041992e-01
4.746648073196411133e-01
1.910683512687683105e-02
5.589134693145751953e-01
4.768605232238769531e-01
1.259791292250156403e-02
6.012415289878845215e-01
4.714076817035675049e-01
4.621729603968560696e-04
6.338535547256469727e-01
4.701490998268127441e-01
-9.409255348145961761e-03
4.987533390522003174e-01
4.724178314208984375e-01
7.671307306736707687e-03
5.680292248725891113e-01
4.743332862854003906e-01
4.416388459503650665e-03
6.110789775848388672e-01
4.691879451274871826e-01
-2.588083036243915558e-03
6.469191312789916992e-01
4.653793275356292725e-01
-9.706624783575534821e-03
5.096446871757507324e-01
4.847670197486877441e-01
-4.494807682931423187e-03
5.784406661987304688e-01
4.807374477386474609e-01
-8.563230745494365692e-03
6.192722320556640625e-01
4.730010330677032471e-01
-1.239528972655534744e-02
6.517487764358520508e-01
4.677093327045440674e-01
-1.629672013223171234e-02
5.269126892089843750e-01
5.077140927314758301e-01
-1.686179637908935547e-02
5.811243057250976562e-01
4.979060888290405273e-01
-1.959223859012126923e-02
6.120633482933044434e-01
4.932165741920471191e-01
-1.972677558660507202e-02
6.369811296463012695e-01
4.885431826114654541e-01
-2.023253589868545532e-02
