4.859415590763092041e-01
6.354714035987854004e-01
3.337678720072290162e-07
5.168409943580627441e-01
5.955038666725158691e-01
1.130362879484891891e-02
5.363797545433044434e-01
5.463945269584655762e-01
1.423846557736396790e-02
5.546016097068786621e-01
5.131165981292724609e-01
1.294119935482740402e-02
5.716185569763183594e-01
4.972098767757415771e-01
1.174880657345056534e-02
4.947236180305480957e-01
4.761345982551574707e-01
1.792710460722446442e-02
5.593245029449462891e-01
4.738402068614959717e-01
1.199175789952278137e-02
6.013523936271667480e-01
4.701734781265258789e-01
9.000938734970986843e-04
6.333344578742980957e-01
4.703855812549591064e-01
-8.278740569949150085e-03
5.001341104507446289e-01
4.750559031963348389e-01
6.537368055433034897e-03
5.691186189651489258e-01
4.707627594470977783e-01
4.587565083056688309e-03
6.099530458450317383e-01
4.674381017684936523e-01
-1.564481062814593315e-03
6.427724957466125488e-01
4.645051956176757812e-01
-8.389888331294059753e-03
5.124754905700683594e-01
4.867015182971954346e-01
-5.369016900658607483e-03
5.793443918228149414e-01
4.779096543788909912e-01
-9.285364300012588501e-03
6.191389560699462891e-01
4.734563827514648438e-01
-1.211762614548206329e-02
6.494088768959045410e-01
4.699185192584991455e-01
-1.525368075817823410e-02
5.296407341957092285e-01
5.069599747657775879e-01
-1.728249900043010712e-02
5.824120640754699707e-01
4.934105873107910156e-01
-2.029429003596305847e-02
6.128936409950256348e-01
4.908610284328460693e-01
-1.962447352707386017e-02
6.367327570915222168e-01
4.878549873828887939e-01
-1.940688304603099823e-02
