5.173921585083007812e-01
6.307354569435119629e-01
3.829271122413047124e-07
5.388002991676330566e-01
5.848569869995117188e-01
9.414546191692352295e-03
5.554779767990112305e-01
5.358132719993591309e-01
1.041646208614110947e-02
5.751723647117614746e-01
5.051078200340270996e-01
7.235245313495397568e-03
5.939496755599975586e-01
4.900802671909332275e-01
4.394597373902797699e-03
5.205504894256591797e-01
4.609242975711822510e-01
1.849719323217868805e-02
5.865641832351684570e-01
4.673519730567932129e-01
1.145813707262277603e-02
6.295949816703796387e-01
4.698972105979919434e-01
-2.171665662899613380e-03
6.620861887931823730e-01
4.746306240558624268e-01
-1.283769123256206512e-02
5.309504270553588867e-01
4.579935073852539062e-01
7.998777553439140320e-03
6.003397703170776367e-01
4.687859117984771729e-01
5.509573500603437424e-03
6.418599486351013184e-01
4.713976383209228516e-01
-3.023370867595076561e-03
6.757274270057678223e-01
4.735177755355834961e-01
-1.131692063063383102e-02
5.481073856353759766e-01
4.686201810836791992e-01
-3.109941724687814713e-03
6.158340573310852051e-01
4.752176403999328613e-01
-6.513643078505992889e-03
6.558536291122436523e-01
4.758413732051849365e-01
-1.049874909222126007e-02
6.875718832015991211e-01
4.762568771839141846e-01
-1.443170849233865738e-02
5.691200494766235352e-01
4.869731962680816650e-01
-1.462978310883045197e-02
6.222730278968811035e-01
4.894540905952453613e-01
-1.708799973130226135e-02
6.528450846672058105e-01
4.953027665615081787e-01
-1.595251634716987610e-02
6.785653829574584961e-01
4.977160692214965820e-01
-1.481041312217712402e-02
