4.771375954151153564e-01
3.748289644718170166e-01
2.459342454130819533e-07
4.872723221778869629e-01
3.437819182872772217e-01
1.002872595563530922e-03
5.004461407661437988e-01
3.179711997509002686e-01
-4.096837714314460754e-03
5.213502049446105957e-01
3.010716438293457031e-01
-1.120927464216947556e-02
5.408899784088134766e-01
2.939319014549255371e-01
-1.745501533150672913e-02
4.787789881229400635e-01
2.785172164440155029e-01
-1.418444211594760418e-03
5.195659995079040527e-01
2.707296311855316162e-01
-1.242440193891525269e-02
5.452372431755065918e-01
2.754547595977783203e-01
-2.207554318010807037e-02
5.626640319824218750e-01
2.827701866626739502e-01
-2.834816277027130127e-02
4.873968064785003662e-01
2.837459444999694824e-01
-8.400158956646919250e-03
5.292612910270690918e-01
2.737609744071960449e-01
-1.711658015847206116e-02
5.559211373329162598e-01
2.768308520317077637e-01
-2.317483164370059967e-02
5.753380656242370605e-01
2.811342477798461914e-01
-2.766234055161476135e-02
5.000172853469848633e-01
2.950826585292816162e-01
-1.601814851164817810e-02
5.404825806617736816e-01
2.828063964843750000e-01
-2.413903921842575073e-02
5.674267411231994629e-01
2.829142510890960693e-01
-2.634081244468688965e-02
5.866290330886840820e-01
2.842807769775390625e-01
-2.743761800229549408e-02
5.160111188888549805e-01
3.102229535579681396e-01
-2.387815713882446289e-02
5.486513376235961914e-01
2.993507087230682373e-01
-2.849581837654113770e-02
5.668389201164245605e-01
2.991075515747070312e-01
-2.713407576084136963e-02
5.812544822692871094e-01
2.997478842735290527e-01
-2.566804364323616028e-02
