4.845179617404937744e-01
6.444029211997985840e-01
3.669345574053295422e-07
5.188016295433044434e-01
5.980741977691650391e-01
1.571442559361457825e-02
5.366330742835998535e-01
5.493745803833007812e-01
2.009092830121517181e-02
5.550258755683898926e-01
5.171757340431213379e-01
1.963624916970729828e-02
5.716816186904907227e-01
4.994179904460906982e-01
1.942141167819499969e-02
4.949032962322235107e-01
4.739543795585632324e-01
2.308722957968711853e-02
5.598915219306945801e-01
4.756222963333129883e-01
1.934552751481533051e-02
6.016309261322021484e-01
4.710590839385986328e-01
8.937804959714412689e-03
6.337190270423889160e-01
4.707570374011993408e-01
-6.800628398195840418e-06
4.996627569198608398e-01
4.716265201568603516e-01
9.826903231441974640e-03
5.693101286888122559e-01
4.743652939796447754e-01
9.702678769826889038e-03
6.114056706428527832e-01
4.694119691848754883e-01
3.493069438263773918e-03
6.464540362358093262e-01
4.664553999900817871e-01
-3.667335957288742065e-03
5.114439725875854492e-01
4.842428267002105713e-01
-3.589118132367730141e-03
5.797910690307617188e-01
4.806176126003265381e-01
-4.593826364725828171e-03
6.199591159820556641e-01
4.733689427375793457e-01
-7.870701141655445099e-03
6.514542102813720703e-01
4.681515693664550781e-01
-1.223964244127273560e-02
5.294083952903747559e-01
5.068622827529907227e-01
-1.683302037417888641e-02
5.823460817337036133e-01
4.977001249790191650e-01
-1.715136319398880005e-02
6.124061942100524902e-01
4.930905103683471680e-01
-1.623558998107910156e-02
6.366984844207763672e-01
4.882817268371582031e-01
-1.644456759095191956e-02
