4.402482211589813232e-01
6.405292749404907227e-01
3.940226918075495632e-07
4.764486253261566162e-01
6.001435518264770508e-01
7.633298169821500778e-03
4.900249540805816650e-01
5.450358986854553223e-01
9.091088548302650452e-03
5.026374459266662598e-01
5.083525180816650391e-01
7.034641224890947342e-03
5.190107822418212891e-01
4.842078089714050293e-01
5.777939688414335251e-03
4.447976052761077881e-01
4.775675833225250244e-01
1.227151509374380112e-02
5.088419318199157715e-01
4.666929244995117188e-01
2.741931704804301262e-03
5.527424216270446777e-01
4.607927203178405762e-01
-9.681159630417823792e-03
5.877862572669982910e-01
4.612537026405334473e-01
-1.907065138220787048e-02
4.456108510494232178e-01
4.759967327117919922e-01
2.272987505421042442e-03
5.144295096397399902e-01
4.632234871387481689e-01
-4.598730709403753281e-03
5.594867467880249023e-01
4.586889743804931641e-01
-1.143301557749509811e-02
5.970462560653686523e-01
4.575212597846984863e-01
-1.759173162281513214e-02
4.547944664955139160e-01
4.855094552040100098e-01
-8.688305504620075226e-03
5.228420495986938477e-01
4.687530100345611572e-01
-1.568072848021984100e-02
5.647036433219909668e-01
4.629462361335754395e-01
-1.962159946560859680e-02
5.973626971244812012e-01
4.621389508247375488e-01
-2.290702611207962036e-02
4.714621901512145996e-01
5.029702186584472656e-01
-2.002319693565368652e-02
5.245852470397949219e-01
4.887163341045379639e-01
-2.461314760148525238e-02
5.555722713470458984e-01
4.867736101150512695e-01
-2.536959946155548096e-02
5.801645517349243164e-01
4.862893521785736084e-01
-2.594411373138427734e-02
