4.847882986068725586e-01
6.437307596206665039e-01
3.774199797135224799e-07
5.214034914970397949e-01
5.949441194534301758e-01
1.385812833905220032e-02
5.397661328315734863e-01
5.464466810226440430e-01
1.689652726054191589e-02
5.588513016700744629e-01
5.138888359069824219e-01
1.525934599339962006e-02
5.761430263519287109e-01
4.960109889507293701e-01
1.376530434936285019e-02
4.931898713111877441e-01
4.732295572757720947e-01
2.032528631389141083e-02
5.574249625205993652e-01
4.741320610046386719e-01
1.460607070475816727e-02
5.997678041458129883e-01
4.698604941368103027e-01
2.722701989114284515e-03
6.321582198143005371e-01
4.703209102153778076e-01
-7.060047239065170288e-03
4.979386627674102783e-01
4.717146754264831543e-01
7.401632610708475113e-03
5.664126276969909668e-01
4.748120009899139404e-01
4.888917785137891769e-03
6.095007061958312988e-01
4.703643321990966797e-01
-2.795577747747302055e-03
6.449733972549438477e-01
4.678751230239868164e-01
-1.070757489651441574e-02
5.099356174468994141e-01
4.852024912834167480e-01
-5.766099784523248672e-03
5.765238404273986816e-01
4.811429977416992188e-01
-9.078999049961566925e-03
6.171835660934448242e-01
4.740258455276489258e-01
-1.335102412849664688e-02
6.486934423446655273e-01
4.698195159435272217e-01
-1.788547076284885406e-02
5.276197195053100586e-01
5.082454681396484375e-01
-1.881761848926544189e-02
5.804783701896667480e-01
4.963198602199554443e-01
-2.069116011261940002e-02
6.112385392189025879e-01
4.905571639537811279e-01
-2.012986876070499420e-02
6.358149647712707520e-01
4.860853552818298340e-01
-2.031881734728813171e-02
