4.661849439144134521e-01
6.449246406555175781e-01
3.744095806723635178e-07
4.961785972118377686e-01
6.038758158683776855e-01
9.133346378803253174e-03
5.109972953796386719e-01
5.506507158279418945e-01
1.122296694666147232e-02
5.279468894004821777e-01
5.160514712333679199e-01
9.385365992784500122e-03
5.455479621887207031e-01
4.953326284885406494e-01
8.018695749342441559e-03
4.702627062797546387e-01
4.788289368152618408e-01
1.569822430610656738e-02
5.342262983322143555e-01
4.721313416957855225e-01
7.992479950189590454e-03
5.782003998756408691e-01
4.692263603210449219e-01
-3.507196204736828804e-03
6.120686531066894531e-01
4.730247855186462402e-01
-1.231512241065502167e-02
4.755816459655761719e-01
4.782432913780212402e-01
5.376157350838184357e-03
5.435677170753479004e-01
4.695587754249572754e-01
1.046119257807731628e-03
5.881468057632446289e-01
4.655730426311492920e-01
-5.405463278293609619e-03
6.245059967041015625e-01
4.651503264904022217e-01
-1.166102942079305649e-02
4.875513911247253418e-01
4.897482991218566895e-01
-5.820976570248603821e-03
5.548616051673889160e-01
4.784388542175292969e-01
-1.073543820530176163e-02
5.965411067008972168e-01
4.734100699424743652e-01
-1.465277560055255890e-02
6.286543607711791992e-01
4.728582799434661865e-01
-1.819243468344211578e-02
5.055930018424987793e-01
5.094890594482421875e-01
-1.728865690529346466e-02
5.581359863281250000e-01
5.005100965499877930e-01
-1.996931619942188263e-02
5.877655148506164551e-01
4.983106553554534912e-01
-2.013206854462623596e-02
6.110701560974121094e-01
4.976402521133422852e-01
-2.045132592320442200e-02
