4.442768394947052002e-01
3.975959420204162598e-01
2.848861697657412151e-07
4.602529406547546387e-01
3.672876656055450439e-01
1.414278405718505383e-03
4.761658906936645508e-01
3.329419195652008057e-01
-1.411319011822342873e-03
4.944394528865814209e-01
3.091612756252288818e-01
-6.273604929447174072e-03
5.098697543144226074e-01
2.945262789726257324e-01
-1.026829052716493607e-02
4.455741941928863525e-01
2.928574979305267334e-01
1.956881023943424225e-03
4.886640906333923340e-01
2.798358798027038574e-01
-8.646653033792972565e-03
5.204474925994873047e-01
2.772963345050811768e-01
-1.844849810004234314e-02
5.440988540649414062e-01
2.812380790710449219e-01
-2.468604966998100281e-02
4.521789252758026123e-01
2.963587045669555664e-01
-4.290952812880277634e-03
4.949754476547241211e-01
2.789472043514251709e-01
-1.292377337813377380e-02
5.261281728744506836e-01
2.775119245052337646e-01
-1.874532736837863922e-02
5.493113398551940918e-01
2.800523042678833008e-01
-2.277718856930732727e-02
4.638392329216003418e-01
3.054648339748382568e-01
-1.132550369948148727e-02
5.049808025360107422e-01
2.860943973064422607e-01
-1.891711354255676270e-02
5.338028073310852051e-01
2.834033370018005371e-01
-2.063344419002532959e-02
5.545308589935302734e-01
2.844694852828979492e-01
-2.119201235473155975e-02
4.799651801586151123e-01
3.190488517284393311e-01
-1.879923045635223389e-02
5.119556188583374023e-01
3.026069998741149902e-01
-2.287417650222778320e-02
5.319017171859741211e-01
3.000845313072204590e-01
-2.163673937320709229e-02
5.476843118667602539e-01
3.009406030178070068e-01
-2.007601596415042877e-02
