4.272249639034271240e-01
3.912422060966491699e-01
3.066582792143890401e-07
4.474736750125885010e-01
3.662625849246978760e-01
-4.203861171845346689e-04
4.643242657184600830e-01
3.337388634681701660e-01
-3.400486661121249199e-03
4.815179407596588135e-01
3.102773725986480713e-01
-7.669539656490087509e-03
4.950773417949676514e-01
2.933578193187713623e-01
-1.110620982944965363e-02
4.308796226978302002e-01
2.928534746170043945e-01
7.047815597616136074e-04
4.719128310680389404e-01
2.839225232601165771e-01
-8.659545332193374634e-03
5.009930133819580078e-01
2.804974317550659180e-01
-1.788766868412494659e-02
5.237709283828735352e-01
2.820284068584442139e-01
-2.417786046862602234e-02
4.360504150390625000e-01
2.962141931056976318e-01
-4.223315045237541199e-03
4.785912930965423584e-01
2.822418808937072754e-01
-1.245945040136575699e-02
5.085583925247192383e-01
2.802976071834564209e-01
-1.842952519655227661e-02
5.326002836227416992e-01
2.810916900634765625e-01
-2.272852137684822083e-02
4.457021951675415039e-01
3.052913248538970947e-01
-9.948629885911941528e-03
4.870179295539855957e-01
2.890149056911468506e-01
-1.854639127850532532e-02
5.158486366271972656e-01
2.864581346511840820e-01
-2.110478095710277557e-02
5.374598503112792969e-01
2.863119542598724365e-01
-2.217979356646537781e-02
4.592084288597106934e-01
3.181385695934295654e-01
-1.604118384420871735e-02
4.912484884262084961e-01
3.045240044593811035e-01
-2.173093147575855255e-02
5.109078288078308105e-01
3.018440902233123779e-01
-2.167125977575778961e-02
5.266888141632080078e-01
3.010654747486114502e-01
-2.096440084278583527e-02
