5.340833663940429688e-01
6.317564249038696289e-01
2.419966733668843517e-07
5.494500398635864258e-01
5.907500982284545898e-01
1.217628456652164459e-02
5.693438053131103516e-01
5.434353351593017578e-01
1.359550468623638153e-02
5.919662117958068848e-01
5.126354694366455078e-01
1.117615588009357452e-02
6.120151281356811523e-01
5.016459226608276367e-01
9.412515908479690552e-03
5.355072021484375000e-01
4.710673093795776367e-01
1.599637791514396667e-02
5.909100174903869629e-01
4.711852371692657471e-01
1.301290746778249741e-02
6.234694719314575195e-01
4.747726023197174072e-01
4.768674261868000031e-03
6.450039744377136230e-01
4.807219803333282471e-01
-2.320088678970932961e-03
5.500491261482238770e-01
4.703157544136047363e-01
4.481937270611524582e-03
6.089090108871459961e-01
4.686069190502166748e-01
6.241965573281049728e-03
6.426617503166198730e-01
4.690828621387481689e-01
1.997988903895020485e-03
6.684708595275878906e-01
4.691982567310333252e-01
-3.512308001518249512e-03
5.707320570945739746e-01
4.835575819015502930e-01
-6.800204049795866013e-03
6.278647184371948242e-01
4.732978940010070801e-01
-6.823318079113960266e-03
6.646845340728759766e-01
4.689705669879913330e-01
-7.776688784360885620e-03
6.919969320297241211e-01
4.640400111675262451e-01
-1.055568922311067581e-02
5.958038568496704102e-01
5.067200660705566406e-01
-1.779200322926044464e-02
6.414689421653747559e-01
4.953084588050842285e-01
-1.630704849958419800e-02
6.687268614768981934e-01
4.928773641586303711e-01
-1.222526468336582184e-02
6.899227499961853027e-01
4.889711141586303711e-01
-1.020493917167186737e-02
