4.802030324935913086e-01
3.808257579803466797e-01
3.227416698337037815e-07
4.979842007160186768e-01
3.511209487915039062e-01
-6.659675273112952709e-04
5.139387845993041992e-01
3.215232193470001221e-01
-4.352312535047531128e-03
5.337221026420593262e-01
3.024850785732269287e-01
-9.366475977003574371e-03
5.503840446472167969e-01
2.914111018180847168e-01
-1.361156720668077469e-02
4.867938756942749023e-01
2.813538014888763428e-01
-1.495280419476330280e-03
5.308871865272521973e-01
2.783498764038085938e-01
-1.192802656441926956e-02
5.610227584838867188e-01
2.769589424133300781e-01
-2.163177356123924255e-02
5.840333700180053711e-01
2.791435122489929199e-01
-2.808786556124687195e-02
4.923253655433654785e-01
2.854427993297576904e-01
-6.757655646651983261e-03
5.375443696975708008e-01
2.763713300228118896e-01
-1.520539168268442154e-02
5.672132968902587891e-01
2.766876518726348877e-01
-2.049219608306884766e-02
5.897541046142578125e-01
2.787322998046875000e-01
-2.440370619297027588e-02
5.026477575302124023e-01
2.966673970222473145e-01
-1.287935394793748856e-02
5.453808307647705078e-01
2.827433645725250244e-01
-2.115690149366855621e-02
5.736907720565795898e-01
2.809383273124694824e-01
-2.322477474808692932e-02
5.940265059471130371e-01
2.818331420421600342e-01
-2.390669286251068115e-02
5.170909762382507324e-01
3.125497400760650635e-01
-1.944327354431152344e-02
5.502294301986694336e-01
2.984254658222198486e-01
-2.435437403619289398e-02
5.694103837013244629e-01
2.958867549896240234e-01
-2.358841150999069214e-02
5.838974118232727051e-01
2.961891293525695801e-01
-2.242762409150600433e-02
