5.264642238616943359e-01
6.351959705352783203e-01
3.370761589849280426e-07
5.545144081115722656e-01
5.940600633621215820e-01
8.073628880083560944e-03
5.733223557472229004e-01
5.454484820365905762e-01
8.043089881539344788e-03
5.923157334327697754e-01
5.146675109863281250e-01
4.458274226635694504e-03
6.079297065734863281e-01
4.974728226661682129e-01
1.568746520206332207e-03
5.258429646492004395e-01
4.735568463802337646e-01
1.189360022544860840e-02
5.872508287429809570e-01
4.725877642631530762e-01
3.440272994339466095e-03
6.264205574989318848e-01
4.690805375576019287e-01
-8.993002586066722870e-03
6.549988985061645508e-01
4.705154895782470703e-01
-1.821373030543327332e-02
5.355131030082702637e-01
4.748168289661407471e-01
1.697663101367652416e-03
5.979099273681640625e-01
4.717992246150970459e-01
-2.010413212701678276e-03
6.364279389381408691e-01
4.678374528884887695e-01
-8.713525719940662384e-03
6.670492291450500488e-01
4.673191606998443604e-01
-1.539463549852371216e-02
5.538091063499450684e-01
4.888933598995208740e-01
-9.071392007172107697e-03
6.146246194839477539e-01
4.792712926864624023e-01
-1.408425066620111465e-02
6.537353396415710449e-01
4.713385701179504395e-01
-1.750216633081436157e-02
6.841657161712646484e-01
4.670056104660034180e-01
-2.095541171729564667e-02
5.780693292617797852e-01
5.107318162918090820e-01
-1.989277452230453491e-02
6.265771389007568359e-01
5.006791949272155762e-01
-2.312958054244518280e-02
6.547046899795532227e-01
4.959224760532379150e-01
-2.194014377892017365e-02
6.778392195701599121e-01
4.923095107078552246e-01
-2.127962373197078705e-02
