4.592604041099548340e-01
3.961773514747619629e-01
2.417290829725970980e-07
4.723778069019317627e-01
3.647018373012542725e-01
2.722983947023749352e-03
4.887964725494384766e-01
3.327182829380035400e-01
-5.656006978824734688e-04
5.096312761306762695e-01
3.105822801589965820e-01
-6.443692836910486221e-03
5.280473828315734863e-01
2.994199097156524658e-01
-1.181277167052030563e-02
4.622315168380737305e-01
2.898165881633758545e-01
2.647818531841039658e-03
5.067279338836669922e-01
2.797967493534088135e-01
-6.497654132544994354e-03
5.369888544082641602e-01
2.799288928508758545e-01
-1.553459744900465012e-02
5.593495368957519531e-01
2.858029007911682129e-01
-2.154609560966491699e-02
4.702166616916656494e-01
2.931498885154724121e-01
-4.725327249616384506e-03
5.136451721191406250e-01
2.791960239410400391e-01
-1.197937317192554474e-02
5.434602499008178711e-01
2.803818583488464355e-01
-1.782536506652832031e-02
5.648307204246520996e-01
2.866199910640716553e-01
-2.197594568133354187e-02
4.822407066822052002e-01
3.029556274414062500e-01
-1.252676732838153839e-02
5.236484408378601074e-01
2.872844040393829346e-01
-1.872086711227893829e-02
5.518049597740173340e-01
2.873459458351135254e-01
-2.058224007487297058e-02
5.712923407554626465e-01
2.918443083763122559e-01
-2.144698798656463623e-02
4.975835978984832764e-01
3.175551295280456543e-01
-2.062721364200115204e-02
5.292917490005493164e-01
3.026610910892486572e-01
-2.387655712664127350e-02
5.491398572921752930e-01
3.008966147899627686e-01
-2.225026488304138184e-02
5.647490620613098145e-01
3.032550215721130371e-01
-2.048460394144058228e-02
