4.426946938037872314e-01
6.411206126213073730e-01
3.682963551909779198e-07
4.795082807540893555e-01
6.040790677070617676e-01
5.903069395571947098e-03
4.949957430362701416e-01
5.487924814224243164e-01
7.043676916509866714e-03
5.083910822868347168e-01
5.092968940734863281e-01
4.988139960914850235e-03
5.250670909881591797e-01
4.808011353015899658e-01
3.676871769130229950e-03
4.511982798576354980e-01
4.801977574825286865e-01
1.140197739005088806e-02
5.132176280021667480e-01
4.695437848567962646e-01
7.701942231506109238e-04
5.556691884994506836e-01
4.609857201576232910e-01
-1.163915079087018967e-02
5.887708067893981934e-01
4.584793448448181152e-01
-2.083977311849594116e-02
4.517541229724884033e-01
4.773824810981750488e-01
2.154168905690312386e-03
5.185309052467346191e-01
4.639448523521423340e-01
-6.067510694265365601e-03
5.630351901054382324e-01
4.582809209823608398e-01
-1.299077365547418594e-02
5.995070338249206543e-01
4.544548392295837402e-01
-1.881941966712474823e-02
4.601134955883026123e-01
4.869355559349060059e-01
-8.339217863976955414e-03
5.253769755363464355e-01
4.707199335098266602e-01
-1.773773506283760071e-02
5.677231550216674805e-01
4.647080004215240479e-01
-2.217387221753597260e-02
6.007049083709716797e-01
4.625787436962127686e-01
-2.509412541985511780e-02
4.758320748805999756e-01
5.064252018928527832e-01
-1.920420490205287933e-02
5.270726680755615234e-01
4.932930767536163330e-01
-2.564163692295551300e-02
5.575224161148071289e-01
4.908332824707031250e-01
-2.688722126185894012e-02
5.815417170524597168e-01
4.907752573490142822e-01
-2.751729264855384827e-02
