4.412419497966766357e-01
6.443110704421997070e-01
3.926617750948935281e-07
4.734296500682830811e-01
6.026889085769653320e-01
1.124913431704044342e-02
4.880472719669342041e-01
5.500686168670654297e-01
1.432858034968376160e-02
5.018884539604187012e-01
5.148694515228271484e-01
1.312081236392259598e-02
5.162660479545593262e-01
4.943129122257232666e-01
1.242261007428169250e-02
4.480230510234832764e-01
4.780113697052001953e-01
1.738177984952926636e-02
5.137149691581726074e-01
4.703064262866973877e-01
1.049251295626163483e-02
5.577991008758544922e-01
4.647341370582580566e-01
-5.330153508111834526e-04
5.913635492324829102e-01
4.646265208721160889e-01
-9.058377705514431000e-03
4.510926902294158936e-01
4.759537279605865479e-01
6.331569980829954147e-03
5.222905874252319336e-01
4.672501683235168457e-01
3.311827080324292183e-03
5.674362182617187500e-01
4.628110826015472412e-01
-2.312205731868743896e-03
6.032816767692565918e-01
4.599294066429138184e-01
-8.204267360270023346e-03
4.622116982936859131e-01
4.856646060943603516e-01
-5.359531380236148834e-03
5.325252413749694824e-01
4.743501245975494385e-01
-8.389469236135482788e-03
5.740275979042053223e-01
4.700896143913269043e-01
-1.127614174038171768e-02
6.053419113159179688e-01
4.686186313629150391e-01
-1.443467941135168076e-02
4.804491400718688965e-01
5.036303997039794922e-01
-1.728526689112186432e-02
5.354933738708496094e-01
4.947632849216461182e-01
-1.740337535738945007e-02
5.657212734222412109e-01
4.937442541122436523e-01
-1.608942076563835144e-02
5.890016555786132812e-01
4.934385120868682861e-01
-1.571265049278736115e-02
