4.395543336868286133e-01
6.433238387107849121e-01
4.386565706226974726e-07
4.796403050422668457e-01
5.989915728569030762e-01
7.437032647430896759e-03
4.950360357761383057e-01
5.439977645874023438e-01
8.881968446075916290e-03
5.079193115234375000e-01
5.068467259407043457e-01
6.476927548646926880e-03
5.234672427177429199e-01
4.818556010723114014e-01
4.783395677804946899e-03
4.466177821159362793e-01
4.787194132804870605e-01
1.339127589017152786e-02
5.110337734222412109e-01
4.685659408569335938e-01
2.412346657365560532e-03
5.548300147056579590e-01
4.611458182334899902e-01
-1.054202020168304443e-02
5.892452001571655273e-01
4.589027166366577148e-01
-1.997411623597145081e-02
4.466517269611358643e-01
4.779531955718994141e-01
3.060888499021530151e-03
5.155541300773620605e-01
4.656851887702941895e-01
-5.620738957077264786e-03
5.610401630401611328e-01
4.609496891498565674e-01
-1.303254254162311554e-02
5.994035005569458008e-01
4.579900205135345459e-01
-1.914764568209648132e-02
4.553110003471374512e-01
4.884657859802246094e-01
-8.562261238694190979e-03
5.229378342628479004e-01
4.729021489620208740e-01
-1.770895719528198242e-02
5.652415752410888672e-01
4.665921926498413086e-01
-2.242912352085113525e-02
5.988620519638061523e-01
4.642962813377380371e-01
-2.556775882840156555e-02
4.715945720672607422e-01
5.072227120399475098e-01
-2.054268680512905121e-02
5.245557427406311035e-01
4.938411116600036621e-01
-2.618727833032608032e-02
5.546407103538513184e-01
4.910922646522521973e-01
-2.734146080911159515e-02
5.790835618972778320e-01
4.897167980670928955e-01
-2.800571918487548828e-02
