4.073239266872406006e-01
3.938074707984924316e-01
3.327213846660015406e-07
4.272014200687408447e-01
3.654992580413818359e-01
1.303813187405467033e-04
4.438871741294860840e-01
3.323719501495361328e-01
-3.091718070209026337e-03
4.596720635890960693e-01
3.090932667255401611e-01
-7.807176560163497925e-03
4.717579483985900879e-01
2.925177514553070068e-01
-1.199843455106019974e-02
4.127090275287628174e-01
2.925599217414855957e-01
-6.967063527554273605e-04
4.555940926074981689e-01
2.821080684661865234e-01
-1.149014290422201157e-02
4.867649376392364502e-01
2.755167484283447266e-01
-2.151191048324108124e-02
5.112606883049011230e-01
2.739400267601013184e-01
-2.800581417977809906e-02
4.168121814727783203e-01
2.960749864578247070e-01
-6.240216549485921860e-03
4.611665606498718262e-01
2.813626229763031006e-01
-1.539220847189426422e-02
4.929777681827545166e-01
2.765923440456390381e-01
-2.161124162375926971e-02
5.184846520423889160e-01
2.748291194438934326e-01
-2.599483355879783630e-02
4.252937138080596924e-01
3.057092428207397461e-01
-1.253863330930471420e-02
4.688214063644409180e-01
2.899772524833679199e-01
-2.185993641614913940e-02
4.987655878067016602e-01
2.862188518047332764e-01
-2.509472519159317017e-02
5.211428403854370117e-01
2.853712439537048340e-01
-2.637409977614879608e-02
4.374700188636779785e-01
3.198711872100830078e-01
-1.916154101490974426e-02
4.706382751464843750e-01
3.052511513233184814e-01
-2.537894807755947113e-02
4.919696152210235596e-01
3.016085624694824219e-01
-2.593881450593471527e-02
5.093461275100708008e-01
3.005358576774597168e-01
-2.547419443726539612e-02
