4.837886095046997070e-01
6.534747481346130371e-01
4.656898227040073834e-07
5.195723772048950195e-01
6.100963950157165527e-01
1.473241718485951424e-03
5.378872156143188477e-01
5.549042224884033203e-01
-2.309062983840703964e-03
5.554708242416381836e-01
5.207808613777160645e-01
-8.843531832098960876e-03
5.749266743659973145e-01
4.988886713981628418e-01
-1.466575451195240021e-02
4.895622730255126953e-01
4.794400036334991455e-01
1.710578100755810738e-03
5.605134367942810059e-01
4.741971790790557861e-01
-1.379489805549383163e-02
6.090404987335205078e-01
4.717150628566741943e-01
-3.020600043237209320e-02
6.463080644607543945e-01
4.747598171234130859e-01
-4.153116419911384583e-02
4.950536191463470459e-01
4.800403416156768799e-01
-6.911988370120525360e-03
5.704012513160705566e-01
4.787051677703857422e-01
-2.161122858524322510e-02
6.228477954864501953e-01
4.812623858451843262e-01
-3.219945728778839111e-02
6.643558144569396973e-01
4.851415455341339111e-01
-3.949163854122161865e-02
5.085532069206237793e-01
4.930517673492431641e-01
-1.653996855020523071e-02
5.820717215538024902e-01
4.886021316051483154e-01
-3.027007356286048889e-02
6.302148103713989258e-01
4.905351102352142334e-01
-3.522459790110588074e-02
6.658680438995361328e-01
4.943231046199798584e-01
-3.728599101305007935e-02
5.285725593566894531e-01
5.128446817398071289e-01
-2.684110216796398163e-02
5.845454335212707520e-01
5.041482448577880859e-01
-3.594852983951568604e-02
6.194033622741699219e-01
5.051820278167724609e-01
-3.655932471156120300e-02
6.475627422332763672e-01
5.071535706520080566e-01
-3.547826036810874939e-02
