4.808554351329803467e-01
3.811631798744201660e-01
2.612609080188121879e-07
4.854050576686859131e-01
3.472731411457061768e-01
2.204488497227430344e-03
4.963849484920501709e-01
3.205852508544921875e-01
-2.937191398814320564e-03
5.145178437232971191e-01
3.032001256942749023e-01
-1.042894832789897919e-02
5.320857763290405273e-01
2.946223616600036621e-01
-1.722169853746891022e-02
4.832856059074401855e-01
2.793575525283813477e-01
-1.555590191856026649e-03
5.264667272567749023e-01
2.723309993743896484e-01
-1.340307667851448059e-02
5.546444058418273926e-01
2.756425738334655762e-01
-2.372486144304275513e-02
5.743551850318908691e-01
2.829771041870117188e-01
-3.014409355819225311e-02
4.935106039047241211e-01
2.836592793464660645e-01
-9.508752264082431793e-03
5.360786318778991699e-01
2.760584354400634766e-01
-1.845423877239227295e-02
5.645256042480468750e-01
2.783431708812713623e-01
-2.474178373813629150e-02
5.854942798614501953e-01
2.834349274635314941e-01
-2.919728681445121765e-02
5.070208311080932617e-01
2.942554056644439697e-01
-1.798767782747745514e-02
5.482656955718994141e-01
2.856506407260894775e-01
-2.586125954985618591e-02
5.752884745597839355e-01
2.870571017265319824e-01
-2.808738686144351959e-02
5.942789912223815918e-01
2.901478707790374756e-01
-2.899609506130218506e-02
5.237834453582763672e-01
3.091321289539337158e-01
-2.675789222121238708e-02
5.561144351959228516e-01
3.003949820995330811e-01
-3.093652985990047455e-02
5.741645693778991699e-01
3.016276061534881592e-01
-2.921179868280887604e-02
5.882667303085327148e-01
3.044162392616271973e-01
-2.717555314302444458e-02
