4.034929573535919189e-01
3.987531065940856934e-01
3.465459030849160627e-07
4.269469976425170898e-01
3.708843588829040527e-01
-2.431538188830018044e-03
4.438713192939758301e-01
3.371189832687377930e-01
-7.037528790533542633e-03
4.598569273948669434e-01
3.136931359767913818e-01
-1.265200506895780563e-02
4.722237884998321533e-01
2.967232465744018555e-01
-1.761347241699695587e-02
4.059882164001464844e-01
2.960549890995025635e-01
-4.002635832875967026e-03
4.500235617160797119e-01
2.860946655273437500e-01
-1.637293957173824310e-02
4.815751910209655762e-01
2.779729962348937988e-01
-2.773200161755084991e-02
5.065388083457946777e-01
2.753571569919586182e-01
-3.522256389260292053e-02
4.089787304401397705e-01
2.988257110118865967e-01
-8.938550949096679688e-03
4.535983502864837646e-01
2.837297022342681885e-01
-1.993659324944019318e-02
4.854263067245483398e-01
2.772485017776489258e-01
-2.710453979671001434e-02
5.106490254402160645e-01
2.739902436733245850e-01
-3.201999142765998840e-02
4.175069034099578857e-01
3.086057603359222412e-01
-1.475616637617349625e-02
4.603390693664550781e-01
2.915489673614501953e-01
-2.616266719996929169e-02
4.906151890754699707e-01
2.872285246849060059e-01
-2.974481508135795593e-02
5.133414268493652344e-01
2.862085402011871338e-01
-3.095497377216815948e-02
4.307896196842193604e-01
3.229483366012573242e-01
-2.104523591697216034e-02
4.640829563140869141e-01
3.084506392478942871e-01
-2.928605861961841583e-02
4.854013919830322266e-01
3.052496910095214844e-01
-3.020568378269672394e-02
5.027328729629516602e-01
3.048489093780517578e-01
-2.969499863684177399e-02
