5.041092634201049805e-01
6.339460611343383789e-01
4.196186864646733738e-07
5.264999866485595703e-01
5.955940485000610352e-01
6.276806350797414780e-03
5.438651442527770996e-01
5.403623580932617188e-01
5.597471725195646286e-03
5.642353892326354980e-01
5.062382817268371582e-01
1.728212460875511169e-03
5.837907791137695312e-01
4.906960129737854004e-01
-1.986033516004681587e-03
5.085673332214355469e-01
4.662908613681793213e-01
1.062270719558000565e-02
5.753095746040344238e-01
4.724800884723663330e-01
2.014540834352374077e-03
6.193551421165466309e-01
4.709472656250000000e-01
-1.186941005289554596e-02
6.524011492729187012e-01
4.730182290077209473e-01
-2.266943082213401794e-02
5.178884863853454590e-01
4.651840925216674805e-01
1.169012975879013538e-03
5.854119658470153809e-01
4.716550707817077637e-01
-3.520799102261662483e-03
6.292353868484497070e-01
4.698289036750793457e-01
-1.173425558954477310e-02
6.658129692077636719e-01
4.694047868251800537e-01
-1.980309560894966125e-02
5.338975787162780762e-01
4.768826961517333984e-01
-8.757841773331165314e-03
6.003743410110473633e-01
4.781778752803802490e-01
-1.339094899594783783e-02
6.414915919303894043e-01
4.760129451751708984e-01
-1.611288823187351227e-02
6.743890047073364258e-01
4.755457937717437744e-01
-1.937062852084636688e-02
5.541275143623352051e-01
4.948959350585937500e-01
-1.932915486395359039e-02
6.063652634620666504e-01
4.915473759174346924e-01
-2.206681482493877411e-02
6.374766826629638672e-01
4.933025836944580078e-01
-2.061340212821960449e-02
6.633560657501220703e-01
4.927527308464050293e-01
-1.985449157655239105e-02
