4.337442219257354736e-01
3.909951448440551758e-01
3.060827395984233590e-07
4.543282985687255859e-01
3.670257031917572021e-01
-1.072242623195052147e-03
4.700708091259002686e-01
3.352789580821990967e-01
-3.660542890429496765e-03
4.868822991847991943e-01
3.127629458904266357e-01
-7.638522423803806305e-03
4.990164637565612793e-01
2.962690293788909912e-01
-1.070744823664426804e-02
4.386579692363739014e-01
2.944735884666442871e-01
2.718656556680798531e-03
4.770468473434448242e-01
2.851025462150573730e-01
-7.011234294623136520e-03
5.056763887405395508e-01
2.816963195800781250e-01
-1.683606766164302826e-02
5.287549495697021484e-01
2.834613025188446045e-01
-2.355625480413436890e-02
4.425411820411682129e-01
2.966637611389160156e-01
-1.802386832423508167e-03
4.828956425189971924e-01
2.836703658103942871e-01
-1.040929369628429413e-02
5.116532444953918457e-01
2.818315923213958740e-01
-1.677841320633888245e-02
5.356684327125549316e-01
2.820152342319488525e-01
-2.134486287832260132e-02
4.512701332569122314e-01
3.045673668384552002e-01
-7.527691777795553207e-03
4.909365773200988770e-01
2.903402447700500488e-01
-1.585410721600055695e-02
5.184612870216369629e-01
2.875751256942749023e-01
-1.891305111348628998e-02
5.399752259254455566e-01
2.876614928245544434e-01
-2.041551843285560608e-02
4.638689160346984863e-01
3.165895044803619385e-01
-1.388996932655572891e-02
4.957112073898315430e-01
3.044215440750122070e-01
-1.920830644667148590e-02
5.148279666900634766e-01
3.016922473907470703e-01
-1.989383809268474579e-02
5.309137701988220215e-01
3.008101880550384521e-01
-1.987149193882942200e-02
