4.886997938156127930e-01
3.810980618000030518e-01
2.808367867146444041e-07
5.144326686859130859e-01
3.562448024749755859e-01
1.245484338141977787e-03
5.330961942672729492e-01
3.283776640892028809e-01
-8.041194523684680462e-04
5.513336658477783203e-01
3.099682629108428955e-01
-4.721021745353937149e-03
5.662547945976257324e-01
2.978084087371826172e-01
-7.949806749820709229e-03
4.985215067863464355e-01
2.800776958465576172e-01
3.555802162736654282e-03
5.410923957824707031e-01
2.775408923625946045e-01
-4.318670369684696198e-03
5.704136490821838379e-01
2.780193090438842773e-01
-1.326279807835817337e-02
5.927952527999877930e-01
2.822017371654510498e-01
-1.969245634973049164e-02
5.048642754554748535e-01
2.835466265678405762e-01
-2.118384232744574547e-03
5.476949810981750488e-01
2.769024670124053955e-01
-8.041494525969028473e-03
5.762566924095153809e-01
2.785673141479492188e-01
-1.366580743342638016e-02
5.984146595001220703e-01
2.822616696357727051e-01
-1.845180988311767578e-02
5.156531333923339844e-01
2.948185801506042480e-01
-8.492065593600273132e-03
5.562583208084106445e-01
2.846140265464782715e-01
-1.512782368808984756e-02
5.833178162574768066e-01
2.853266000747680664e-01
-1.784966140985488892e-02
6.029802560806274414e-01
2.889061868190765381e-01
-1.958551257848739624e-02
5.302417278289794922e-01
3.098194301128387451e-01
-1.517379097640514374e-02
5.621672272682189941e-01
3.001137077808380127e-01
-1.944953761994838715e-02
5.806619524955749512e-01
3.003707230091094971e-01
-1.900673285126686096e-02
5.948594212532043457e-01
3.035310506820678711e-01
-1.836910471320152283e-02
