4.361873865127563477e-01
3.989362716674804688e-01
3.428573620567476610e-07
4.543872773647308350e-01
3.705902099609375000e-01
1.438593171769753098e-04
4.707748889923095703e-01
3.367979824542999268e-01
-2.453233348205685616e-03
4.885708689689636230e-01
3.147364854812622070e-01
-6.807925179600715637e-03
5.016616582870483398e-01
2.994502186775207520e-01
-1.036834996193647385e-02
4.385465383529663086e-01
2.967814505100250244e-01
2.979475539177656174e-03
4.801965653896331787e-01
2.845291495323181152e-01
-6.587669253349304199e-03
5.112372040748596191e-01
2.795013487339019775e-01
-1.639980822801589966e-02
5.358017683029174805e-01
2.805302441120147705e-01
-2.310230769217014313e-02
4.431122243404388428e-01
2.996995151042938232e-01
-2.494817599654197693e-03
4.851114749908447266e-01
2.848307192325592041e-01
-1.014390401542186737e-02
5.158181786537170410e-01
2.797324657440185547e-01
-1.656667888164520264e-02
5.407560467720031738e-01
2.779234051704406738e-01
-2.161024697124958038e-02
4.524434506893157959e-01
3.087748885154724121e-01
-8.952214382588863373e-03
4.936237037181854248e-01
2.930536568164825439e-01
-1.699727028608322144e-02
5.225228667259216309e-01
2.896348536014556885e-01
-2.031944505870342255e-02
5.447328686714172363e-01
2.895240485668182373e-01
-2.216929569840431213e-02
4.662891328334808350e-01
3.223619759082794189e-01
-1.589089259505271912e-02
5.002580881118774414e-01
3.101629912853240967e-01
-2.138245105743408203e-02
5.211275815963745117e-01
3.080384731292724609e-01
-2.198765054345130920e-02
5.380111932754516602e-01
3.080094158649444580e-01
-2.180744521319866180e-02
