4.062269330024719238e-01
3.944454193115234375e-01
3.386918763226276496e-07
4.259710609912872314e-01
3.622949421405792236e-01
-1.200607075588777661e-04
4.388989508152008057e-01
3.292309939861297607e-01
-3.307190025225281715e-03
4.525373280048370361e-01
3.057929277420043945e-01
-8.117055520415306091e-03
4.635089933872222900e-01
2.910685837268829346e-01
-1.213329751044511795e-02
4.066931605339050293e-01
2.925029397010803223e-01
-1.983485271921381354e-04
4.508818686008453369e-01
2.781338691711425781e-01
-1.067970972508192062e-02
4.809545576572418213e-01
2.718428671360015869e-01
-2.021072432398796082e-02
5.046710371971130371e-01
2.697160840034484863e-01
-2.643118053674697876e-02
4.110700488090515137e-01
2.953925430774688721e-01
-5.604125093668699265e-03
4.556789696216583252e-01
2.757116258144378662e-01
-1.431585755199193954e-02
4.860850274562835693e-01
2.706155776977539062e-01
-1.957240886986255646e-02
5.103267431259155273e-01
2.682296633720397949e-01
-2.335945889353752136e-02
4.204759001731872559e-01
3.035515546798706055e-01
-1.194144599139690399e-02
4.635720849037170410e-01
2.821090221405029297e-01
-2.001271210610866547e-02
4.922310709953308105e-01
2.765641510486602783e-01
-2.210292778909206390e-02
5.135040879249572754e-01
2.749661803245544434e-01
-2.284892648458480835e-02
4.343370497226715088e-01
3.153892159461975098e-01
-1.880695484578609467e-02
4.670963883399963379e-01
2.965038716793060303e-01
-2.329555898904800415e-02
4.871061146259307861e-01
2.906604409217834473e-01
-2.294570580124855042e-02
5.027194619178771973e-01
2.880073785781860352e-01
-2.216876484453678131e-02
