4.839368462562561035e-01
3.839951753616333008e-01
2.733074211391794961e-07
5.035758018493652344e-01
3.570087850093841553e-01
4.420625919010490179e-05
5.193725824356079102e-01
3.289761543273925781e-01
-4.074890632182359695e-03
5.383780002593994141e-01
3.095641732215881348e-01
-1.002766750752925873e-02
5.545623302459716797e-01
2.972520291805267334e-01
-1.509096752852201462e-02
4.883956909179687500e-01
2.813889682292938232e-01
-9.920130250975489616e-04
5.309842824935913086e-01
2.749362885951995850e-01
-1.169354189187288284e-02
5.597778558731079102e-01
2.771143019199371338e-01
-2.166043594479560852e-02
5.806701183319091797e-01
2.830220758914947510e-01
-2.839458920061588287e-02
4.947727620601654053e-01
2.852984070777893066e-01
-7.333144545555114746e-03
5.369660258293151855e-01
2.759732902050018311e-01
-1.578416489064693451e-02
5.659042000770568848e-01
2.777384817600250244e-01
-2.193213999271392822e-02
5.879873037338256836e-01
2.812852263450622559e-01
-2.678982727229595184e-02
5.061714649200439453e-01
2.968473434448242188e-01
-1.447283755987882614e-02
5.476779341697692871e-01
2.855936288833618164e-01
-2.316112257540225983e-02
5.759633183479309082e-01
2.863430678844451904e-01
-2.584888786077499390e-02
5.964418053627014160e-01
2.889292538166046143e-01
-2.729123644530773163e-02
5.220201015472412109e-01
3.122749626636505127e-01
-2.198344469070434570e-02
5.556198358535766602e-01
3.017143905162811279e-01
-2.771115489304065704e-02
5.750781297683715820e-01
3.016727566719055176e-01
-2.733766660094261169e-02
5.904747247695922852e-01
3.033864498138427734e-01
-2.649858035147190094e-02
