4.058891832828521729e-01
4.060106575489044189e-01
3.178894871780357789e-07
4.303240180015563965e-01
3.771712183952331543e-01
4.344618937466293573e-04
4.455509483814239502e-01
3.430303931236267090e-01
-2.312620868906378746e-03
4.605674147605895996e-01
3.184974789619445801e-01
-6.585535127669572830e-03
4.722160995006561279e-01
3.008028566837310791e-01
-1.020151283591985703e-02
4.084453284740447998e-01
3.021337091922760010e-01
-1.587564009241759777e-03
4.520195126533508301e-01
2.898611426353454590e-01
-1.220844127237796783e-02
4.822439551353454590e-01
2.838899195194244385e-01
-2.179394848644733429e-02
5.060296654701232910e-01
2.818947434425354004e-01
-2.830158546566963196e-02
4.110460579395294189e-01
3.049155175685882568e-01
-7.517302874475717545e-03
4.576712846755981445e-01
2.869475185871124268e-01
-1.655364036560058594e-02
4.885524213314056396e-01
2.826514542102813721e-01
-2.224816940724849701e-02
5.126634836196899414e-01
2.800711989402770996e-01
-2.650616876780986786e-02
4.194285273551940918e-01
3.147448897361755371e-01
-1.416865270584821701e-02
4.639896750450134277e-01
2.954742908477783203e-01
-2.386937104165554047e-02
4.940474331378936768e-01
2.908864319324493408e-01
-2.712065726518630981e-02
5.163236260414123535e-01
2.892494499683380127e-01
-2.856505289673805237e-02
4.328192174434661865e-01
3.286271393299102783e-01
-2.103342674672603607e-02
4.676111042499542236e-01
3.123182654380798340e-01
-2.786801196634769440e-02
4.883249998092651367e-01
3.092213571071624756e-01
-2.861047163605690002e-02
5.045316219329833984e-01
3.086456954479217529e-01
-2.843756601214408875e-02
