5.074097514152526855e-01
6.451374888420104980e-01
4.027082809443527367e-07
5.423184633255004883e-01
6.050562262535095215e-01
7.966705597937107086e-03
5.593535900115966797e-01
5.468317866325378418e-01
9.032628498971462250e-03
5.743544697761535645e-01
5.082768201828002930e-01
6.468934938311576843e-03
5.908501744270324707e-01
4.850465655326843262e-01
4.463119897991418839e-03
5.131494402885437012e-01
4.682211875915527344e-01
1.428631413727998734e-02
5.800255537033081055e-01
4.676170051097869873e-01
6.850602105259895325e-03
6.240069270133972168e-01
4.633458256721496582e-01
-5.477661732584238052e-03
6.559396386146545410e-01
4.630391299724578857e-01
-1.497872360050678253e-02
5.201140046119689941e-01
4.662537276744842529e-01
4.058567341417074203e-03
5.888130664825439453e-01
4.674682319164276123e-01
-1.241053832927718759e-04
6.341283917427062988e-01
4.624074697494506836e-01
-7.171322125941514969e-03
6.707388162612915039e-01
4.593601822853088379e-01
-1.386069878935813904e-02
5.340030193328857422e-01
4.792619943618774414e-01
-6.781352218240499496e-03
5.997429490089416504e-01
4.743495583534240723e-01
-1.142240501940250397e-02
6.411799788475036621e-01
4.690799713134765625e-01
-1.418722700327634811e-02
6.725709438323974609e-01
4.669255912303924561e-01
-1.693852059543132782e-02
5.534514188766479492e-01
5.000577569007873535e-01
-1.809573918581008911e-02
6.053961515426635742e-01
4.887352585792541504e-01
-2.054468356072902679e-02
6.364287137985229492e-01
4.856715500354766846e-01
-1.895862258970737457e-02
6.611208319664001465e-01
4.839048683643341064e-01
-1.774686202406883240e-02
