4.003767669200897217e-01
3.927468359470367432e-01
3.122324585547175957e-07
4.206945300102233887e-01
3.606835901737213135e-01
7.197676459327340126e-04
4.333891868591308594e-01
3.278847634792327881e-01
-1.645918237045407295e-03
4.458439648151397705e-01
3.037708699703216553e-01
-5.701506510376930237e-03
4.571802914142608643e-01
2.885895371437072754e-01
-9.227867238223552704e-03
4.031385183334350586e-01
2.920108139514923096e-01
2.352724404772743583e-04
4.470822513103485107e-01
2.791563272476196289e-01
-9.334701113402843475e-03
4.770972430706024170e-01
2.723065614700317383e-01
-1.816363632678985596e-02
5.001077055931091309e-01
2.696020901203155518e-01
-2.402062341570854187e-02
4.079081714153289795e-01
2.946493923664093018e-01
-5.226715933531522751e-03
4.526949822902679443e-01
2.760880887508392334e-01
-1.280504092574119568e-02
4.826253950595855713e-01
2.704169452190399170e-01
-1.776459254324436188e-02
5.055972337722778320e-01
2.675580382347106934e-01
-2.155517786741256714e-02
4.171575903892517090e-01
3.034221827983856201e-01
-1.143583003431558609e-02
4.595631659030914307e-01
2.831852138042449951e-01
-1.881278865039348602e-02
4.878289699554443359e-01
2.769654691219329834e-01
-2.139120176434516907e-02
5.084853172302246094e-01
2.749492824077606201e-01
-2.261676825582981110e-02
4.300500452518463135e-01
3.166362643241882324e-01
-1.799272000789642334e-02
4.617035090923309326e-01
2.978642284870147705e-01
-2.234696410596370697e-02
4.813832938671112061e-01
2.918690443038940430e-01
-2.227017842233181000e-02
4.968966841697692871e-01
2.899496257305145264e-01
-2.174472063779830933e-02
