3.989486098289489746e-01
4.002517461776733398e-01
3.373470178757997928e-07
4.238987267017364502e-01
3.714347481727600098e-01
-1.944842515513300896e-03
4.389441013336181641e-01
3.373579382896423340e-01
-5.430388264358043671e-03
4.538328647613525391e-01
3.127800524234771729e-01
-1.016533374786376953e-02
4.653962254524230957e-01
2.949768900871276855e-01
-1.401913445442914963e-02
4.025869071483612061e-01
2.967047691345214844e-01
-1.379818189889192581e-03
4.464476704597473145e-01
2.855882048606872559e-01
-1.339044794440269470e-02
4.772245287895202637e-01
2.781149446964263916e-01
-2.428669854998588562e-02
5.017645955085754395e-01
2.749675810337066650e-01
-3.150422871112823486e-02
4.050025939941406250e-01
2.991055846214294434e-01
-6.462383549660444260e-03
4.513888359069824219e-01
2.823805809020996094e-01
-1.714275032281875610e-02
4.822299182415008545e-01
2.773990333080291748e-01
-2.384651079773902893e-02
5.067345499992370605e-01
2.740140259265899658e-01
-2.841232344508171082e-02
4.126253724098205566e-01
3.082424998283386230e-01
-1.270537264645099640e-02
4.572060704231262207e-01
2.903851270675659180e-01
-2.407661266624927521e-02
4.869854748249053955e-01
2.871496677398681641e-01
-2.766467630863189697e-02
5.093359947204589844e-01
2.867533564567565918e-01
-2.879106439650058746e-02
4.248321354389190674e-01
3.222464621067047119e-01
-1.945778355002403259e-02
4.595211744308471680e-01
3.073493838310241699e-01
-2.768730930984020233e-02
4.799889326095581055e-01
3.057066202163696289e-01
-2.879966422915458679e-02
4.962107539176940918e-01
3.065977692604064941e-01
-2.845124527812004089e-02
