4.428285956382751465e-01
3.971048295497894287e-01
2.583122693522454938e-07
4.560980200767517090e-01
3.657504320144653320e-01
1.572100300109013915e-04
4.733348786830902100e-01
3.304491639137268066e-01
-3.917745314538478851e-03
4.939021766185760498e-01
3.063230812549591064e-01
-1.002756319940090179e-02
5.109397768974304199e-01
2.929422855377197266e-01
-1.559640560299158096e-02
4.459309279918670654e-01
2.922742962837219238e-01
2.254254504805430770e-04
4.888918101787567139e-01
2.802326381206512451e-01
-1.080053206533193588e-02
5.190560817718505859e-01
2.766182720661163330e-01
-2.127446793019771576e-02
5.423836708068847656e-01
2.797694802284240723e-01
-2.807666361331939697e-02
4.525590538978576660e-01
2.954612672328948975e-01
-6.182687357068061829e-03
4.934996962547302246e-01
2.791480720043182373e-01
-1.613635942339897156e-02
5.238689184188842773e-01
2.773578464984893799e-01
-2.335065416991710663e-02
5.467061400413513184e-01
2.818926870822906494e-01
-2.777218818664550781e-02
4.638138413429260254e-01
3.048870563507080078e-01
-1.323513314127922058e-02
5.023208856582641602e-01
2.860798239707946777e-01
-2.180431038141250610e-02
5.306715369224548340e-01
2.833372652530670166e-01
-2.426116913557052612e-02
5.511789917945861816e-01
2.859622836112976074e-01
-2.487259171903133392e-02
4.790166020393371582e-01
3.186863362789154053e-01
-2.079465985298156738e-02
5.089083313941955566e-01
3.023076951503753662e-01
-2.594979293644428253e-02
5.291431546211242676e-01
2.992638945579528809e-01
-2.507960610091686249e-02
5.456622838973999023e-01
3.003474771976470947e-01
-2.341705560684204102e-02
