4.955219030380249023e-01
6.424930095672607422e-01
4.127939519094070420e-07
5.287563800811767578e-01
6.025604605674743652e-01
5.912033841013908386e-03
5.434847474098205566e-01
5.464930534362792969e-01
6.253866944462060928e-03
5.572054386138916016e-01
5.102126598358154297e-01
3.417764790356159210e-03
5.728467106819152832e-01
4.898531436920166016e-01
9.131756378337740898e-04
5.009791851043701172e-01
4.710577428340911865e-01
1.160136330872774124e-02
5.675913691520690918e-01
4.702387154102325439e-01
2.617849269881844521e-03
6.127853393554687500e-01
4.647418558597564697e-01
-1.152216922491788864e-02
6.461381316184997559e-01
4.642178118228912354e-01
-2.243652381002902985e-02
5.064615011215209961e-01
4.696691334247589111e-01
2.580525353550910950e-03
5.764243602752685547e-01
4.693907797336578369e-01
-3.051731502637267113e-03
6.221368908882141113e-01
4.628977179527282715e-01
-1.157842017710208893e-02
6.591171026229858398e-01
4.581516087055206299e-01
-1.959626190364360809e-02
5.191092491149902344e-01
4.811307489871978760e-01
-7.125582545995712280e-03
5.868742465972900391e-01
4.758980274200439453e-01
-1.228830590844154358e-02
6.288508176803588867e-01
4.693427085876464844e-01
-1.510586310178041458e-02
6.610760688781738281e-01
4.658575654029846191e-01
-1.806069724261760712e-02
5.375046133995056152e-01
4.995850920677185059e-01
-1.754574850201606750e-02
5.896570086479187012e-01
4.894870221614837646e-01
-2.074783667922019958e-02
6.208431720733642578e-01
4.866276681423187256e-01
-1.946346089243888855e-02
6.460841298103332520e-01
4.841591119766235352e-01
-1.852096058428287506e-02
