5.030174255371093750e-01
6.504639983177185059e-01
3.821189409336511744e-07
5.358393192291259766e-01
6.088103652000427246e-01
1.057018619030714035e-02
5.545515418052673340e-01
5.522610545158386230e-01
1.232601888477802277e-02
5.719225406646728516e-01
5.141397714614868164e-01
9.751507081091403961e-03
5.892875194549560547e-01
4.910105466842651367e-01
7.606370374560356140e-03
5.096008777618408203e-01
4.743770360946655273e-01
1.674315892159938812e-02
5.756084322929382324e-01
4.732751548290252686e-01
9.664729237556457520e-03
6.203950047492980957e-01
4.722466766834259033e-01
-2.639906946569681168e-03
6.534097194671630859e-01
4.754496514797210693e-01
-1.201593130826950073e-02
5.167540311813354492e-01
4.714516401290893555e-01
5.388946738094091415e-03
5.851995348930358887e-01
4.738289415836334229e-01
2.423203084617853165e-03
6.312581896781921387e-01
4.698483347892761230e-01
-4.576327279210090637e-03
6.686532497406005859e-01
4.678026437759399414e-01
-1.172491442412137985e-02
5.309553742408752441e-01
4.830651283264160156e-01
-6.398016121238470078e-03
5.970660448074340820e-01
4.798390865325927734e-01
-1.034014206379652023e-02
6.391868591308593750e-01
4.767717719078063965e-01
-1.389483176171779633e-02
6.715086102485656738e-01
4.772661030292510986e-01
-1.747930608689785004e-02
5.506211519241333008e-01
5.019050836563110352e-01
-1.842408999800682068e-02
6.039459705352783203e-01
4.936853647232055664e-01
-2.084673568606376648e-02
6.368268132209777832e-01
4.938045740127563477e-01
-1.961834169924259186e-02
6.632581949234008789e-01
4.950250387191772461e-01
-1.862894371151924133e-02
