4.764803647994995117e-01
3.781305253505706787e-01
2.995014369844284374e-07
4.994561076164245605e-01
3.517277240753173828e-01
8.534599328413605690e-04
5.175633430480957031e-01
3.256159126758575439e-01
-2.761322539299726486e-03
5.373359322547912598e-01
3.082353770732879639e-01
-8.130355738103389740e-03
5.536243915557861328e-01
2.984924912452697754e-01
-1.293720863759517670e-02
4.861874580383300781e-01
2.821637690067291260e-01
-1.564763137139379978e-03
5.298623442649841309e-01
2.775375843048095703e-01
-1.121781673282384872e-02
5.595242977142333984e-01
2.767267525196075439e-01
-2.021780423820018768e-02
5.823172330856323242e-01
2.802225053310394287e-01
-2.636460587382316589e-02
4.911750555038452148e-01
2.861481904983520508e-01
-7.626831065863370895e-03
5.354223251342773438e-01
2.751060724258422852e-01
-1.588418893516063690e-02
5.647282600402832031e-01
2.757040858268737793e-01
-2.124435454607009888e-02
5.868538022041320801e-01
2.794283330440521240e-01
-2.533258125185966492e-02
5.011968016624450684e-01
2.971722483634948730e-01
-1.421028375625610352e-02
5.430384278297424316e-01
2.818935513496398926e-01
-2.224805764853954315e-02
5.713407397270202637e-01
2.804741561412811279e-01
-2.447466924786567688e-02
5.917274951934814453e-01
2.827522456645965576e-01
-2.551076561212539673e-02
5.157608985900878906e-01
3.119707703590393066e-01
-2.102573961019515991e-02
5.484758019447326660e-01
2.979570925235748291e-01
-2.570920437574386597e-02
5.675518512725830078e-01
2.960851192474365234e-01
-2.499500848352909088e-02
5.822004079818725586e-01
2.976161539554595947e-01
-2.408653125166893005e-02
