4.804640114307403564e-01
6.496495008468627930e-01
4.236809729718515882e-07
5.122864842414855957e-01
6.096913218498229980e-01
3.587149083614349365e-03
5.285715460777282715e-01
5.525313019752502441e-01
3.627309110015630722e-03
5.457080006599426270e-01
5.145062804222106934e-01
1.295072259381413460e-03
5.637754201889038086e-01
4.935371577739715576e-01
-1.983398833544924855e-04
4.851164519786834717e-01
4.785806536674499512e-01
1.041853334754705429e-02
5.507793426513671875e-01
4.748932421207427979e-01
6.936403224244713783e-04
5.948690772056579590e-01
4.676783382892608643e-01
-1.274196337908506393e-02
6.288735270500183105e-01
4.660308361053466797e-01
-2.301731519401073456e-02
4.896941184997558594e-01
4.779202044010162354e-01
2.049772767350077629e-03
5.580722689628601074e-01
4.719130098819732666e-01
-4.276646766811609268e-03
6.023204326629638672e-01
4.657008349895477295e-01
-1.194171886891126633e-02
6.389896869659423828e-01
4.618197083473205566e-01
-1.905139163136482239e-02
5.011715888977050781e-01
4.903823733329772949e-01
-7.587668951600790024e-03
5.687107443809509277e-01
4.796696305274963379e-01
-1.496084220707416534e-02
6.103893518447875977e-01
4.719845652580261230e-01
-1.945306733250617981e-02
6.427762508392333984e-01
4.681824743747711182e-01
-2.305107749998569489e-02
5.187172889709472656e-01
5.109518170356750488e-01
-1.792797818779945374e-02
5.716755390167236328e-01
4.987527132034301758e-01
-2.304704114794731140e-02
6.016023159027099609e-01
4.953458607196807861e-01
-2.386730723083019257e-02
6.246448159217834473e-01
4.925314188003540039e-01
-2.441191487014293671e-02
