5.036473870277404785e-01
6.521807909011840820e-01
3.188790742569835857e-07
5.374558568000793457e-01
6.074932813644409180e-01
1.260740775614976883e-02
5.554357171058654785e-01
5.496718287467956543e-01
1.590889319777488708e-02
5.717438459396362305e-01
5.110139250755310059e-01
1.416146568953990936e-02
5.893003940582275391e-01
4.901917874813079834e-01
1.279135607182979584e-02
5.076258182525634766e-01
4.742421209812164307e-01
2.136113308370113373e-02
5.770832896232604980e-01
4.739321768283843994e-01
1.443155575543642044e-02
6.217710971832275391e-01
4.718300104141235352e-01
1.877804868854582310e-03
6.542091369628906250e-01
4.757425487041473389e-01
-7.711832411587238312e-03
5.155462026596069336e-01
4.729330241680145264e-01
8.509104140102863312e-03
5.850448012351989746e-01
4.742173552513122559e-01
6.421737838536500931e-03
6.302396059036254883e-01
4.710966348648071289e-01
-6.617865874432027340e-04
6.662874221801757812e-01
4.716722965240478516e-01
-7.727216929197311401e-03
5.313623547554016113e-01
4.849368035793304443e-01
-5.018579307943582535e-03
5.980448126792907715e-01
4.826110899448394775e-01
-8.106415160000324249e-03
6.415883898735046387e-01
4.805331826210021973e-01
-1.112779416143894196e-02
6.738901138305664062e-01
4.812732636928558350e-01
-1.436449121683835983e-02
5.524003505706787109e-01
5.043387413024902344e-01
-1.875413022935390472e-02
6.049302220344543457e-01
4.967281222343444824e-01
-2.062922716140747070e-02
6.376509666442871094e-01
4.982571601867675781e-01
-1.880824379622936249e-02
6.629727482795715332e-01
5.002258419990539551e-01
-1.741837896406650543e-02
