4.918678104877471924e-01
6.397402882575988770e-01
4.029934075333585497e-07
5.270004868507385254e-01
5.990046858787536621e-01
7.782438304275274277e-03
5.451776981353759766e-01
5.481716990470886230e-01
8.173935115337371826e-03
5.618991851806640625e-01
5.151284933090209961e-01
4.963928833603858948e-03
5.774112343788146973e-01
4.963032007217407227e-01
2.086307620629668236e-03
5.012840628623962402e-01
4.745389521121978760e-01
1.321216393262147903e-02
5.645483732223510742e-01
4.739435315132141113e-01
5.254377145320177078e-03
6.070412397384643555e-01
4.683430194854736328e-01
-7.604768499732017517e-03
6.396588683128356934e-01
4.684288799762725830e-01
-1.769035123288631439e-02
5.068216919898986816e-01
4.745925366878509521e-01
3.093732753768563271e-03
5.721634030342102051e-01
4.733650684356689453e-01
-1.494623604230582714e-03
6.147675514221191406e-01
4.658980667591094971e-01
-9.386050514876842499e-03
6.505700945854187012e-01
4.608677327632904053e-01
-1.703406311571598053e-02
5.192671418190002441e-01
4.887566268444061279e-01
-7.596679497510194778e-03
5.831817984580993652e-01
4.802297949790954590e-01
-1.257022656500339508e-02
6.233534812927246094e-01
4.720126390457153320e-01
-1.584796234965324402e-02
6.550644636154174805e-01
4.670235812664031982e-01
-1.916334405541419983e-02
5.373632311820983887e-01
5.117179155349731445e-01
-1.865927316248416901e-02
5.886210203170776367e-01
4.992929697036743164e-01
-2.127109654247760773e-02
6.181364059448242188e-01
4.928159415721893311e-01
-2.014572545886039734e-02
6.414358615875244141e-01
4.877539277076721191e-01
-1.964697800576686859e-02
