4.436095952987670898e-01
6.436856985092163086e-01
3.726028978690010263e-07
4.784709215164184570e-01
6.060140728950500488e-01
6.607371848076581955e-03
4.913088083267211914e-01
5.529487729072570801e-01
8.222253061830997467e-03
5.019679069519042969e-01
5.160648822784423828e-01
6.316225044429302216e-03
5.136007666587829590e-01
4.906342029571533203e-01
4.709196742624044418e-03
4.506478905677795410e-01
4.814656972885131836e-01
1.300741359591484070e-02
5.183312892913818359e-01
4.735686480998992920e-01
3.113127546384930611e-03
5.634990334510803223e-01
4.637078344821929932e-01
-9.921800345182418823e-03
5.984772443771362305e-01
4.603281021118164062e-01
-1.957607083022594452e-02
4.543239176273345947e-01
4.775063991546630859e-01
3.531983122229576111e-03
5.258010625839233398e-01
4.669900536537170410e-01
-3.453173208981752396e-03
5.718564987182617188e-01
4.612836837768554688e-01
-1.110671646893024445e-02
6.084519028663635254e-01
4.573530256748199463e-01
-1.765363290905952454e-02
4.654910862445831299e-01
4.855334162712097168e-01
-7.001535966992378235e-03
5.350387096405029297e-01
4.734185039997100830e-01
-1.503248699009418488e-02
5.773636698722839355e-01
4.697161018848419189e-01
-1.964847184717655182e-02
6.091217398643493652e-01
4.689787030220031738e-01
-2.277062274515628815e-02
4.828276932239532471e-01
5.018929839134216309e-01
-1.793796755373477936e-02
5.362405180931091309e-01
4.929164946079254150e-01
-2.307125739753246307e-02
5.670655965805053711e-01
4.930329024791717529e-01
-2.368564717471599579e-02
5.910434126853942871e-01
4.937190115451812744e-01
-2.380269952118396759e-02
