5.101176500320434570e-01
6.321882009506225586e-01
4.185736202089174185e-07
5.393854379653930664e-01
5.936484336853027344e-01
7.235541474074125290e-03
5.565047860145568848e-01
5.405555963516235352e-01
8.275040425360202789e-03
5.753998756408691406e-01
5.051071047782897949e-01
6.052034441381692886e-03
5.935906767845153809e-01
4.859784543514251709e-01
4.507580306380987167e-03
5.113041996955871582e-01
4.673221111297607422e-01
1.404343545436859131e-02
5.776577591896057129e-01
4.667197465896606445e-01
6.900157313793897629e-03
6.205642819404602051e-01
4.623183012008666992e-01
-5.271851085126399994e-03
6.520093083381652832e-01
4.625528454780578613e-01
-1.472952961921691895e-02
5.192934870719909668e-01
4.663850069046020508e-01
4.604260902851819992e-03
5.858138203620910645e-01
4.646691679954528809e-01
8.166532497853040695e-04
6.289724707603454590e-01
4.594179689884185791e-01
-6.403258070349693298e-03
6.642599105834960938e-01
4.575618505477905273e-01
-1.346982549875974655e-02
5.346232652664184570e-01
4.778911769390106201e-01
-5.500060971826314926e-03
5.992637872695922852e-01
4.714750945568084717e-01
-9.842732921242713928e-03
6.395298838615417480e-01
4.660534262657165527e-01
-1.265976577997207642e-02
6.706360578536987305e-01
4.638624191284179688e-01
-1.560661103576421738e-02
5.553020834922790527e-01
4.961140453815460205e-01
-1.603748835623264313e-02
6.068043112754821777e-01
4.861625730991363525e-01
-1.824711821973323822e-02
6.369028091430664062e-01
4.836934506893157959e-01
-1.682959124445915222e-02
6.608560681343078613e-01
4.814763367176055908e-01
-1.598651707172393799e-02
