5.192639827728271484e-01
6.415866613388061523e-01
3.607712528719275724e-07
5.534067749977111816e-01
6.030085086822509766e-01
1.382670365273952484e-03
5.727119445800781250e-01
5.469025969505310059e-01
-3.821409482043236494e-04
5.902978777885437012e-01
5.136590600013732910e-01
-4.278352949768304825e-03
6.050392389297485352e-01
4.964478909969329834e-01
-7.339974865317344666e-03
5.215803384780883789e-01
4.737046360969543457e-01
8.305829949676990509e-03
5.817865729331970215e-01
4.771413505077362061e-01
-5.983007722534239292e-04
6.200705170631408691e-01
4.754644036293029785e-01
-1.434034202247858047e-02
6.456208229064941406e-01
4.766899347305297852e-01
-2.508346736431121826e-02
5.306162238121032715e-01
4.761365056037902832e-01
1.308007398620247841e-03
5.897096395492553711e-01
4.774101972579956055e-01
-3.696847241371870041e-03
6.270598173141479492e-01
4.749623537063598633e-01
-1.194015331566333771e-02
6.566028594970703125e-01
4.735591113567352295e-01
-1.971109956502914429e-02
5.482866764068603516e-01
4.916449487209320068e-01
-6.609373260289430618e-03
6.054368615150451660e-01
4.842419326305389404e-01
-1.255043409764766693e-02
6.431496143341064453e-01
4.774185717105865479e-01
-1.534553896635770798e-02
6.730754971504211426e-01
4.718743264675140381e-01
-1.821511238813400269e-02
5.718966126441955566e-01
5.149653553962707520e-01
-1.523282844573259354e-02
6.199442744255065918e-01
5.057015419006347656e-01
-1.926940307021141052e-02
6.486230492591857910e-01
5.016194581985473633e-01
-1.779686473309993744e-02
6.723738908767700195e-01
4.976918697357177734e-01
-1.662480086088180542e-02
