4.776799976825714111e-01
6.440671682357788086e-01
3.939391888252430363e-07
5.090711116790771484e-01
6.028304100036621094e-01
5.473455879837274551e-03
5.262656211853027344e-01
5.448323488235473633e-01
5.847571417689323425e-03
5.448893308639526367e-01
5.072280168533325195e-01
2.800890244543552399e-03
5.624256730079650879e-01
4.835723340511322021e-01
1.029190025292336941e-04
4.819295406341552734e-01
4.685000181198120117e-01
1.380440499633550644e-02
5.500065684318542480e-01
4.695758521556854248e-01
3.961021080613136292e-03
5.969028472900390625e-01
4.684410691261291504e-01
-1.030368078500032425e-02
6.321381330490112305e-01
4.725489616394042969e-01
-2.087259851396083832e-02
4.876754581928253174e-01
4.666374325752258301e-01
4.351651296019554138e-03
5.593799948692321777e-01
4.704521596431732178e-01
-2.013452118262648582e-03
6.074835658073425293e-01
4.705105125904083252e-01
-1.036314293742179871e-02
6.467316746711730957e-01
4.714326858520507812e-01
-1.767390966415405273e-02
4.996686279773712158e-01
4.788881242275238037e-01
-6.334831006824970245e-03
5.696935057640075684e-01
4.792511761188507080e-01
-1.395735144615173340e-02
6.147513389587402344e-01
4.796639382839202881e-01
-1.847399212419986725e-02
6.489603519439697266e-01
4.828358590602874756e-01
-2.158712595701217651e-02
5.170147418975830078e-01
4.986459612846374512e-01
-1.769141107797622681e-02
5.705602169036865234e-01
4.929423630237579346e-01
-2.311139367520809174e-02
6.023123860359191895e-01
4.964659214019775391e-01
-2.289273589849472046e-02
6.272652149200439453e-01
5.008835792541503906e-01
-2.199939824640750885e-02
