4.539540112018585205e-01
3.846645653247833252e-01
2.730584469645691570e-07
4.697369635105133057e-01
3.564029335975646973e-01
7.049440755508840084e-04
4.863952696323394775e-01
3.269079923629760742e-01
-2.936208620667457581e-03
5.065809488296508789e-01
3.077299594879150391e-01
-8.393058553338050842e-03
5.230709910392761230e-01
2.973586022853851318e-01
-1.302800234407186508e-02
4.599923789501190186e-01
2.857900857925415039e-01
-2.701917546801269054e-04
5.030411481857299805e-01
2.773795127868652344e-01
-1.007823273539543152e-02
5.322490334510803223e-01
2.783738672733306885e-01
-1.898562535643577576e-02
5.535741448402404785e-01
2.835971415042877197e-01
-2.483657374978065491e-02
4.668728709220886230e-01
2.899518013000488281e-01
-6.251106038689613342e-03
5.099036097526550293e-01
2.771877348423004150e-01
-1.394536998122930527e-02
5.384384989738464355e-01
2.785709500312805176e-01
-1.910875737667083740e-02
5.593448877334594727e-01
2.815986275672912598e-01
-2.301071956753730774e-02
4.780859351158142090e-01
3.003735542297363281e-01
-1.290711294859647751e-02
5.191091299057006836e-01
2.851652204990386963e-01
-2.018845267593860626e-02
5.467166304588317871e-01
2.845681905746459961e-01
-2.191725000739097595e-02
5.667543411254882812e-01
2.858869135379791260e-01
-2.273754961788654327e-02
4.932866692543029785e-01
3.152007162570953369e-01
-1.990609802305698395e-02
5.256684422492980957e-01
3.026163280010223389e-01
-2.409719675779342651e-02
5.443782806396484375e-01
3.012948036193847656e-01
-2.299990877509117126e-02
5.590291619300842285e-01
3.018653094768524170e-01
-2.175251394510269165e-02
