4.628671407699584961e-01
3.843343853950500488e-01
2.805834924402006436e-07
4.797970652580261230e-01
3.584751188755035400e-01
4.747019556816667318e-04
4.968459010124206543e-01
3.310098350048065186e-01
-3.227398265153169632e-03
5.186575055122375488e-01
3.138819038867950439e-01
-8.970141410827636719e-03
5.366556644439697266e-01
3.037264347076416016e-01
-1.388918142765760422e-02
4.661670029163360596e-01
2.867448031902313232e-01
2.100820885971188545e-03
5.082854628562927246e-01
2.790467143058776855e-01
-7.569226436316967010e-03
5.377351045608520508e-01
2.801007628440856934e-01
-1.754220202565193176e-02
5.595312714576721191e-01
2.859746515750885010e-01
-2.441339939832687378e-02
4.739113450050354004e-01
2.890979051589965820e-01
-4.038476850837469101e-03
5.151848793029785156e-01
2.771357297897338867e-01
-1.168510224670171738e-02
5.438500642776489258e-01
2.792938649654388428e-01
-1.811119355261325836e-02
5.651435256004333496e-01
2.838185429573059082e-01
-2.296563610434532166e-02
4.863622188568115234e-01
2.983675897121429443e-01
-1.092119701206684113e-02
5.257080793380737305e-01
2.839971184730529785e-01
-1.794824749231338501e-02
5.529978871345520020e-01
2.850936651229858398e-01
-1.986602880060672760e-02
5.726880431175231934e-01
2.882204949855804443e-01
-2.093626931309700012e-02
5.027611255645751953e-01
3.127602338790893555e-01
-1.829406432807445526e-02
5.338355898857116699e-01
3.013097345829010010e-01
-2.252529747784137726e-02
5.526488423347473145e-01
3.018773496150970459e-01
-2.113462984561920166e-02
5.674768686294555664e-01
3.048792779445648193e-01
-1.964574679732322693e-02
