4.422695636749267578e-01
6.425994634628295898e-01
3.821814686943980632e-07
4.790060818195343018e-01
6.040569543838500977e-01
5.535077303647994995e-03
4.938977360725402832e-01
5.488486886024475098e-01
6.586885079741477966e-03
5.075070261955261230e-01
5.098844766616821289e-01
4.437704570591449738e-03
5.247376561164855957e-01
4.831551313400268555e-01
3.068036632612347603e-03
4.502140283584594727e-01
4.795762002468109131e-01
1.187058631330728531e-02
5.126875042915344238e-01
4.699340462684631348e-01
1.274084788747131824e-03
5.558567643165588379e-01
4.621966481208801270e-01
-1.124008744955062866e-02
5.896566510200500488e-01
4.605622887611389160e-01
-2.055384963750839233e-02
4.508554339408874512e-01
4.769367277622222900e-01
2.753026084974408150e-03
5.189805030822753906e-01
4.642241001129150391e-01
-5.531767848879098892e-03
5.638021230697631836e-01
4.595877826213836670e-01
-1.267683971673250198e-02
6.003901958465576172e-01
4.567707479000091553e-01
-1.863489858806133270e-02
4.593487381935119629e-01
4.869709312915802002e-01
-7.690299768000841141e-03
5.254842638969421387e-01
4.707025587558746338e-01
-1.702310517430305481e-02
5.680952072143554688e-01
4.646174609661102295e-01
-2.187023311853408813e-02
6.011599302291870117e-01
4.623671472072601318e-01
-2.505877800285816193e-02
4.749204814434051514e-01
5.069060921669006348e-01
-1.853587105870246887e-02
5.267411470413208008e-01
4.937649071216583252e-01
-2.477900683879852295e-02
5.568781495094299316e-01
4.911020994186401367e-01
-2.619175985455513000e-02
5.805804133415222168e-01
4.906078577041625977e-01
-2.697806246578693390e-02
