4.193764626979827881e-01
6.105543971061706543e-01
4.021466963877173839e-07
4.732263684272766113e-01
6.017599701881408691e-01
5.754823330789804459e-03
5.071188211441040039e-01
5.694261789321899414e-01
2.398335607722401619e-03
5.349900126457214355e-01
5.483422875404357910e-01
-5.973236635327339172e-03
5.618012547492980957e-01
5.316040515899658203e-01
-1.421391870826482773e-02
4.614419937133789062e-01
4.541859030723571777e-01
1.049373112618923187e-02
4.973057210445404053e-01
3.992837667465209961e-01
-1.588423503562808037e-03
5.352017879486083984e-01
3.755785226821899414e-01
-1.310173422098159790e-02
5.661954283714294434e-01
3.658099174499511719e-01
-2.038952335715293884e-02
4.535229802131652832e-01
4.492256045341491699e-01
-2.767664613202214241e-03
4.969398379325866699e-01
3.827822804450988770e-01
-1.524182036519050598e-02
5.408455133438110352e-01
3.669571876525878906e-01
-2.567299455404281616e-02
5.749731659889221191e-01
3.695360422134399414e-01
-3.146482259035110474e-02
4.560559391975402832e-01
4.569340050220489502e-01
-1.714803837239742279e-02
4.991932809352874756e-01
3.937009274959564209e-01
-2.773251570761203766e-02
5.420269966125488281e-01
3.753327131271362305e-01
-3.458844870328903198e-02
5.746585726737976074e-01
3.744648098945617676e-01
-3.796172142028808594e-02
4.677076041698455811e-01
4.753568470478057861e-01
-3.180949017405509949e-02
5.019780993461608887e-01
4.266969561576843262e-01
-3.861346095800399780e-02
5.306231379508972168e-01
4.073229432106018066e-01
-4.055635258555412292e-02
5.544833540916442871e-01
4.003328382968902588e-01
-4.099199548363685608e-02
