4.324577748775482178e-01
3.507791161537170410e-01
2.443671576202177675e-07
4.581646621227264404e-01
3.299534320831298828e-01
3.186622867360711098e-03
4.753509759902954102e-01
3.036610782146453857e-01
9.049873333424329758e-04
4.910161793231964111e-01
2.849581837654113770e-01
-3.928740974515676498e-03
5.053293704986572266e-01
2.735841870307922363e-01
-8.496127091348171234e-03
4.548935294151306152e-01
2.648458480834960938e-01
8.830016013234853745e-04
4.936935603618621826e-01
2.475055158138275146e-01
-8.295214734971523285e-03
5.208956003189086914e-01
2.458364814519882202e-01
-1.574547216296195984e-02
5.405396819114685059e-01
2.484461963176727295e-01
-2.036028727889060974e-02
4.577264189720153809e-01
2.662631571292877197e-01
-6.271200254559516907e-03
5.004452466964721680e-01
2.429477870464324951e-01
-1.413616538047790527e-02
5.279514193534851074e-01
2.429881244897842407e-01
-1.902398280799388885e-02
5.469328761100769043e-01
2.473340928554534912e-01
-2.200202085077762604e-02
4.647807478904724121e-01
2.743525803089141846e-01
-1.391684170812368393e-02
5.025404691696166992e-01
2.495061606168746948e-01
-1.961562782526016235e-02
5.284656286239624023e-01
2.470661401748657227e-01
-2.178585343062877655e-02
5.468096733093261719e-01
2.498125582933425903e-01
-2.314019761979579926e-02
4.753356873989105225e-01
2.882833480834960938e-01
-2.178816311061382294e-02
5.015976428985595703e-01
2.690777480602264404e-01
-2.418740279972553253e-02
5.181573033332824707e-01
2.619208693504333496e-01
-2.376129291951656342e-02
5.311395525932312012e-01
2.598384618759155273e-01
-2.347693219780921936e-02
