3.999356031417846680e-01
6.191164851188659668e-01
3.416087679397605825e-07
4.685778915882110596e-01
5.905320644378662109e-01
1.547157391905784607e-02
5.020450353622436523e-01
5.445201992988586426e-01
1.402700785547494888e-02
5.283568501472473145e-01
5.179302692413330078e-01
5.560004152357578278e-03
5.583568215370178223e-01
5.004487037658691406e-01
-3.852964611724019051e-03
4.536982774734497070e-01
4.437851011753082275e-01
6.701236125081777573e-03
5.034664869308471680e-01
3.929004967212677002e-01
-8.850359357893466949e-03
5.461207628250122070e-01
3.781841993331909180e-01
-2.143669500946998596e-02
5.785474181175231934e-01
3.729852139949798584e-01
-3.054917603731155396e-02
4.467686414718627930e-01
4.462836682796478271e-01
-1.409577298909425735e-02
5.064549446105957031e-01
3.760537207126617432e-01
-3.187168389558792114e-02
5.557618141174316406e-01
3.641845881938934326e-01
-4.249693825840950012e-02
5.923001766204833984e-01
3.634983897209167480e-01
-4.877003654837608337e-02
4.515213072299957275e-01
4.650030732154846191e-01
-3.506166115403175354e-02
5.059931874275207520e-01
3.926919400691986084e-01
-5.131627246737480164e-02
5.535243749618530273e-01
3.776566386222839355e-01
-5.789136886596679688e-02
5.885180234909057617e-01
3.750637173652648926e-01
-6.132512912154197693e-02
4.664512574672698975e-01
4.965888857841491699e-01
-5.517983809113502502e-02
5.071403384208679199e-01
4.450674355030059814e-01
-6.792336702346801758e-02
5.398421883583068848e-01
4.232520163059234619e-01
-7.227320969104766846e-02
5.670756697654724121e-01
4.124813377857208252e-01
-7.493658363819122314e-02
