3.975139260292053223e-01
6.477819085121154785e-01
3.092324050157913007e-07
4.623139202594757080e-01
6.300628185272216797e-01
1.610025949776172638e-02
4.993787109851837158e-01
5.918219685554504395e-01
1.631857454776763916e-02
5.301194190979003906e-01
5.745021700859069824e-01
9.555184282362461090e-03
5.606933832168579102e-01
5.671657323837280273e-01
3.083064919337630272e-03
4.464641511440277100e-01
4.779812991619110107e-01
1.639364846050739288e-02
4.899510145187377930e-01
4.239384829998016357e-01
5.031270440667867661e-03
5.306312441825866699e-01
4.104120433330535889e-01
-4.734371788799762726e-03
5.631467700004577637e-01
4.102939665317535400e-01
-1.100002415478229523e-02
4.378485977649688721e-01
4.773985445499420166e-01
-2.382538979873061180e-03
4.930957555770874023e-01
4.099873602390289307e-01
-1.424032729119062424e-02
5.403467416763305664e-01
4.014683961868286133e-01
-2.059955336153507233e-02
5.764504075050354004e-01
4.068134427070617676e-01
-2.384142391383647919e-02
4.416527152061462402e-01
4.894545972347259521e-01
-2.190539054572582245e-02
4.950402677059173584e-01
4.220770895481109619e-01
-3.168315812945365906e-02
5.414702892303466797e-01
4.092853069305419922e-01
-3.481968864798545837e-02
5.757918953895568848e-01
4.108549058437347412e-01
-3.634927049279212952e-02
4.571949243545532227e-01
5.112525820732116699e-01
-4.113532602787017822e-02
4.987711906433105469e-01
4.607721567153930664e-01
-4.749310761690139771e-02
5.306538343429565430e-01
4.405428171157836914e-01
-4.823126271367073059e-02
5.565887689590454102e-01
4.316284656524658203e-01
-4.854768142104148865e-02
