3.977378010749816895e-01
6.266813278198242188e-01
3.209188150776753901e-07
4.709001779556274414e-01
5.951665639877319336e-01
1.813018321990966797e-02
5.063858032226562500e-01
5.461544394493103027e-01
1.777355186641216278e-02
5.346652865409851074e-01
5.186324119567871094e-01
9.493562392890453339e-03
5.665893554687500000e-01
4.981969892978668213e-01
5.154767422936856747e-04
4.580007195472717285e-01
4.459879398345947266e-01
1.170333940535783768e-02
5.069121122360229492e-01
3.924326002597808838e-01
-4.169829189777374268e-03
5.501815080642700195e-01
3.740018606185913086e-01
-1.750567555427551270e-02
5.837692618370056152e-01
3.661020696163177490e-01
-2.700560912489891052e-02
4.490646421909332275e-01
4.477670192718505859e-01
-1.087277662009000778e-02
5.074642896652221680e-01
3.761229813098907471e-01
-2.969803661108016968e-02
5.577290654182434082e-01
3.635109066963195801e-01
-4.156006500124931335e-02
5.945170521736145020e-01
3.640726804733276367e-01
-4.854554682970046997e-02
4.510585069656372070e-01
4.646129012107849121e-01
-3.367969021201133728e-02
5.068933963775634766e-01
3.927037119865417480e-01
-5.009258538484573364e-02
5.564759373664855957e-01
3.797093331813812256e-01
-5.666290596127510071e-02
5.923701524734497070e-01
3.797754049301147461e-01
-6.004966422915458679e-02
4.636052846908569336e-01
4.930649995803833008e-01
-5.558164045214653015e-02
5.072532296180725098e-01
4.402971267700195312e-01
-6.719434261322021484e-02
5.423308014869689941e-01
4.199089109897613525e-01
-7.050248235464096069e-02
5.705101490020751953e-01
4.104430377483367920e-01
-7.253016531467437744e-02
