4.371196627616882324e-01
3.683571219444274902e-01
3.297105877209105529e-07
4.727981984615325928e-01
3.604581058025360107e-01
-7.992184255272150040e-04
4.962837696075439453e-01
3.474714159965515137e-01
-7.074603345245122910e-03
5.166991949081420898e-01
3.457976579666137695e-01
-1.620656810700893402e-02
5.360748767852783203e-01
3.492465317249298096e-01
-2.475174330174922943e-02
4.607999324798583984e-01
2.693951725959777832e-01
2.996220486238598824e-03
4.965515732765197754e-01
2.486150711774826050e-01
-7.207831367850303650e-03
5.240534543991088867e-01
2.437272667884826660e-01
-1.721564494073390961e-02
5.446631908416748047e-01
2.446619719266891479e-01
-2.373405173420906067e-02
4.583858847618103027e-01
2.670336663722991943e-01
-4.188388120383024216e-03
4.984140396118164062e-01
2.392542362213134766e-01
-1.199135556817054749e-02
5.269290208816528320e-01
2.356148511171340942e-01
-1.854240708053112030e-02
5.480964779853820801e-01
2.387622296810150146e-01
-2.305525168776512146e-02
4.626923501491546631e-01
2.730365097522735596e-01
-1.263558305799961090e-02
5.013265609741210938e-01
2.443710863590240479e-01
-1.876615732908248901e-02
5.281125903129577637e-01
2.390605509281158447e-01
-2.174302563071250916e-02
5.477796792984008789e-01
2.407958209514617920e-01
-2.355359122157096863e-02
4.736292958259582520e-01
2.864662408828735352e-01
-2.196965925395488739e-02
5.039513707160949707e-01
2.662378549575805664e-01
-2.461483702063560486e-02
5.226798653602600098e-01
2.571691572666168213e-01
-2.383919060230255127e-02
5.374198555946350098e-01
2.533518075942993164e-01
-2.321375906467437744e-02
