3.969900608062744141e-01
6.467444896697998047e-01
3.148964538013387937e-07
4.605451524257659912e-01
6.297765374183654785e-01
1.472628209739923477e-02
4.980728626251220703e-01
5.919188857078552246e-01
1.394205167889595032e-02
5.293133854866027832e-01
5.744041800498962402e-01
6.414386909455060959e-03
5.597507953643798828e-01
5.661103725433349609e-01
-8.688175003044307232e-04
4.456028044223785400e-01
4.784835278987884521e-01
1.481353584676980972e-02
4.889462590217590332e-01
4.228233993053436279e-01
3.605012549087405205e-03
5.297850966453552246e-01
4.097872078418731689e-01
-6.241949275135993958e-03
5.619239211082458496e-01
4.107820987701416016e-01
-1.248599495738744736e-02
4.374172091484069824e-01
4.783025681972503662e-01
-3.170426934957504272e-03
4.921748042106628418e-01
4.095534384250640869e-01
-1.452164445072412491e-02
5.394431948661804199e-01
4.015451371669769287e-01
-2.115128375589847565e-02
5.749581456184387207e-01
4.078626036643981934e-01
-2.473586238920688629e-02
4.416342079639434814e-01
4.899253547191619873e-01
-2.184858359396457672e-02
4.946889579296112061e-01
4.209910929203033447e-01
-3.109811805188655853e-02
5.407778620719909668e-01
4.092545509338378906e-01
-3.440356254577636719e-02
5.743674039840698242e-01
4.121782183647155762e-01
-3.624216839671134949e-02
4.574626684188842773e-01
5.107307434082031250e-01
-4.031148925423622131e-02
4.987960755825042725e-01
4.594634175300598145e-01
-4.607281833887100220e-02
5.300322175025939941e-01
4.400414526462554932e-01
-4.648293182253837585e-02
5.549796819686889648e-01
4.321520328521728516e-01
-4.666236042976379395e-02
