4.360550940036773682e-01
3.727864027023315430e-01
2.874971869459841400e-07
4.676020741462707520e-01
3.619552552700042725e-01
-3.404295130167156458e-04
4.881593585014343262e-01
3.502957820892333984e-01
-7.991725578904151917e-03
5.080562233924865723e-01
3.484885990619659424e-01
-1.873652637004852295e-02
5.274296998977661133e-01
3.520703315734863281e-01
-2.899812534451484680e-02
4.584363400936126709e-01
2.769222259521484375e-01
3.238780191168189049e-04
4.964330494403839111e-01
2.541432380676269531e-01
-1.027730200439691544e-02
5.229867100715637207e-01
2.543720602989196777e-01
-1.966789737343788147e-02
5.410562753677368164e-01
2.591852843761444092e-01
-2.574515901505947113e-02
4.588923454284667969e-01
2.761239707469940186e-01
-7.414990570396184921e-03
4.999629557132720947e-01
2.471881508827209473e-01
-1.640120521187782288e-02
5.280814766883850098e-01
2.496584653854370117e-01
-2.298508211970329285e-02
5.479729771614074707e-01
2.566789090633392334e-01
-2.749335393309593201e-02
4.653011262416839600e-01
2.827016115188598633e-01
-1.623203605413436890e-02
5.029539465904235840e-01
2.510649859905242920e-01
-2.315489761531352997e-02
5.297100543975830078e-01
2.508785426616668701e-01
-2.612591534852981567e-02
5.486462712287902832e-01
2.570011317729949951e-01
-2.811627648770809174e-02
4.772414565086364746e-01
2.958627939224243164e-01
-2.574879489839076996e-02
5.040517449378967285e-01
2.724259793758392334e-01
-2.886024676263332367e-02
5.212644338607788086e-01
2.645938098430633545e-01
-2.845240011811256409e-02
5.347494482994079590e-01
2.619289159774780273e-01
-2.836619503796100616e-02
