4.330668151378631592e-01
3.771830201148986816e-01
2.901351194850576576e-07
4.654971361160278320e-01
3.651154935359954834e-01
2.237441018223762512e-03
4.868740141391754150e-01
3.523257970809936523e-01
-3.710996825248003006e-03
5.088579654693603516e-01
3.492898941040039062e-01
-1.332346443086862564e-02
5.299358367919921875e-01
3.519722819328308105e-01
-2.253978140652179718e-02
4.569981992244720459e-01
2.773174941539764404e-01
4.874425008893013000e-03
4.955576062202453613e-01
2.547337710857391357e-01
-3.882397199049592018e-03
5.224410295486450195e-01
2.547171711921691895e-01
-1.225724536925554276e-02
5.412787199020385742e-01
2.591379582881927490e-01
-1.776951737701892853e-02
4.578370451927185059e-01
2.761279046535491943e-01
-3.719522617757320404e-03
4.990639388561248779e-01
2.484607249498367310e-01
-1.056211348623037338e-02
5.267341732978820801e-01
2.496020942926406860e-01
-1.631186716258525848e-02
5.470601320266723633e-01
2.552009820938110352e-01
-2.064294926822185516e-02
4.648997783660888672e-01
2.826655209064483643e-01
-1.331943087279796600e-02
5.033454895019531250e-01
2.522593140602111816e-01
-1.850932650268077850e-02
5.297056436538696289e-01
2.514744102954864502e-01
-2.095543034374713898e-02
5.490798354148864746e-01
2.576133012771606445e-01
-2.280037663877010345e-02
4.776797592639923096e-01
2.956401407718658447e-01
-2.351532317698001862e-02
5.056118965148925781e-01
2.715109288692474365e-01
-2.536409161984920502e-02
5.240266919136047363e-01
2.632096111774444580e-01
-2.434247918426990509e-02
5.390110015869140625e-01
2.606166005134582520e-01
-2.386224456131458282e-02
