4.111979007720947266e-01
6.092231869697570801e-01
3.496443810035998467e-07
4.643220603466033936e-01
6.058019399642944336e-01
6.267417222261428833e-03
5.095502734184265137e-01
5.756135582923889160e-01
8.748294785618782043e-03
5.455086827278137207e-01
5.568537712097167969e-01
5.873228423297405243e-03
5.790556669235229492e-01
5.493444800376892090e-01
3.651207545772194862e-03
4.763669073581695557e-01
4.672573208808898926e-01
3.120794333517551422e-02
5.054981708526611328e-01
4.182770848274230957e-01
2.589188888669013977e-02
5.368778705596923828e-01
3.924165964126586914e-01
1.682886108756065369e-02
5.646804571151733398e-01
3.787586688995361328e-01
1.034000609070062637e-02
4.680829644203186035e-01
4.564545452594757080e-01
1.919935457408428192e-02
5.006579160690307617e-01
3.967212736606597900e-01
1.371989771723747253e-02
5.366848111152648926e-01
3.728443086147308350e-01
4.407376516610383987e-03
5.679646134376525879e-01
3.648547530174255371e-01
-1.797365373931825161e-03
4.636661410331726074e-01
4.547067284584045410e-01
4.456182476133108139e-03
4.955146014690399170e-01
3.934836983680725098e-01
-3.160736290737986565e-03
5.324734449386596680e-01
3.721151351928710938e-01
-1.021680794656276703e-02
5.633195638656616211e-01
3.661514520645141602e-01
-1.382500864565372467e-02
4.645044207572937012e-01
4.588306546211242676e-01
-1.096148137003183365e-02
4.941473305225372314e-01
4.096563160419464111e-01
-1.676681451499462128e-02
5.223056077957153320e-01
3.900848031044006348e-01
-1.907365955412387848e-02
5.486331582069396973e-01
3.813201189041137695e-01
-1.994105614721775055e-02
