3.868474960327148438e-01
6.269236207008361816e-01
3.120019584912370192e-07
4.580641984939575195e-01
5.917443037033081055e-01
2.023825794458389282e-02
4.912250339984893799e-01
5.415400266647338867e-01
2.118658646941184998e-02
5.164973139762878418e-01
5.118920803070068359e-01
1.423826906830072403e-02
5.452323555946350098e-01
4.910807013511657715e-01
6.747236941009759903e-03
4.405952394008636475e-01
4.434836804866790771e-01
1.098734606057405472e-02
4.928239583969116211e-01
3.902951478958129883e-01
-4.646120592951774597e-03
5.368876457214355469e-01
3.765454590320587158e-01
-1.746018789708614349e-02
5.702021121978759766e-01
3.720103502273559570e-01
-2.666106075048446655e-02
4.316108524799346924e-01
4.468861222267150879e-01
-1.181365735828876495e-02
4.946063160896301270e-01
3.758949041366577148e-01
-3.050193004310131073e-02
5.463439226150512695e-01
3.682855963706970215e-01
-4.141095280647277832e-02
5.827655792236328125e-01
3.720344901084899902e-01
-4.770854488015174866e-02
4.341605007648468018e-01
4.644722342491149902e-01
-3.434747084975242615e-02
4.922102093696594238e-01
3.919720053672790527e-01
-5.110054835677146912e-02
5.429153442382812500e-01
3.855386376380920410e-01
-5.632943287491798401e-02
5.778124332427978516e-01
3.899866044521331787e-01
-5.853672698140144348e-02
4.469702541828155518e-01
4.940067827701568604e-01
-5.568014457821846008e-02
4.931737184524536133e-01
4.429020285606384277e-01
-6.734280288219451904e-02
5.289551019668579102e-01
4.297956824302673340e-01
-6.930790841579437256e-02
5.559993386268615723e-01
4.274149239063262939e-01
-7.020010054111480713e-02
