4.432170987129211426e-01
3.792999386787414551e-01
2.771683114133338677e-07
4.747340083122253418e-01
3.848542571067810059e-01
-8.176968432962894440e-03
5.065112113952636719e-01
3.797203600406646729e-01
-1.079237274825572968e-02
5.341481566429138184e-01
3.753633201122283936e-01
-1.444145478308200836e-02
5.589173436164855957e-01
3.771541118621826172e-01
-1.752298325300216675e-02
5.044143199920654297e-01
3.193527758121490479e-01
1.360932551324367523e-02
5.278449654579162598e-01
3.038347363471984863e-01
7.456581108272075653e-03
5.467337965965270996e-01
2.960674762725830078e-01
-9.714383049868047237e-04
5.627312660217285156e-01
2.912177443504333496e-01
-6.686348002403974533e-03
4.995515346527099609e-01
3.065612018108367920e-01
1.203045621514320374e-02
5.244447588920593262e-01
2.854006290435791016e-01
7.337507791817188263e-03
5.439243316650390625e-01
2.739350497722625732e-01
-8.858418004820123315e-05
5.621893405914306641e-01
2.666702568531036377e-01
-5.250216927379369736e-03
4.919252395629882812e-01
2.960241734981536865e-01
7.300906814634799957e-03
5.156667828559875488e-01
2.722053825855255127e-01
1.275451737456023693e-03
5.351223349571228027e-01
2.621560692787170410e-01
-2.959582954645156860e-03
5.533573031425476074e-01
2.576859593391418457e-01
-4.996075760573148727e-03
4.814996719360351562e-01
2.874245047569274902e-01
1.068862620741128922e-03
5.007108449935913086e-01
2.670744359493255615e-01
-2.846156246960163116e-03
5.164116621017456055e-01
2.575612664222717285e-01
-3.363840980455279350e-03
5.319738388061523438e-01
2.526809871196746826e-01
-3.241868689656257629e-03
