4.347978830337524414e-01
3.839769661426544189e-01
2.192745114371064119e-07
4.673877954483032227e-01
3.836372792720794678e-01
-2.254010032629594207e-04
4.974139034748077393e-01
3.731578886508941650e-01
-2.572863595560193062e-03
5.243434906005859375e-01
3.691497743129730225e-01
-8.576012216508388519e-03
5.500012040138244629e-01
3.713729977607727051e-01
-1.473420672118663788e-02
4.882991313934326172e-01
3.056631684303283691e-01
1.626166515052318573e-02
5.124025344848632812e-01
2.797823548316955566e-01
9.684748016297817230e-03
5.335900187492370605e-01
2.702595889568328857e-01
8.735370938666164875e-04
5.516780018806457520e-01
2.658923268318176270e-01
-5.099013447761535645e-03
4.840912818908691406e-01
2.965753078460693359e-01
8.824957534670829773e-03
5.100519657135009766e-01
2.666803896427154541e-01
3.264477942138910294e-03
5.331615805625915527e-01
2.585180997848510742e-01
-4.523486364632844925e-03
5.535198450088500977e-01
2.576841711997985840e-01
-9.976241737604141235e-03
4.789827466011047363e-01
2.902150750160217285e-01
-1.038811751641333103e-03
5.052993297576904297e-01
2.590794265270233154e-01
-7.812286727130413055e-03
5.282886028289794922e-01
2.519319653511047363e-01
-1.347622461616992950e-02
5.481824278831481934e-01
2.526194453239440918e-01
-1.646862179040908813e-02
4.748001396656036377e-01
2.869550287723541260e-01
-1.181948184967041016e-02
4.975887537002563477e-01
2.607845962047576904e-01
-1.608060300350189209e-02
5.155152678489685059e-01
2.515308260917663574e-01
-1.720224507153034210e-02
5.316950678825378418e-01
2.494481503963470459e-01
-1.756294444203376770e-02
