4.366110563278198242e-01
3.845770955085754395e-01
3.562806796253426000e-07
4.669894576072692871e-01
3.816723227500915527e-01
-5.938932765275239944e-03
4.971386194229125977e-01
3.685416281223297119e-01
-1.342317275702953339e-02
5.253146290779113770e-01
3.658941984176635742e-01
-2.238834649324417114e-02
5.508756041526794434e-01
3.657979071140289307e-01
-3.100816532969474792e-02
4.705822467803955078e-01
2.894468903541564941e-01
4.054458258906379342e-05
5.042076110839843750e-01
2.645407617092132568e-01
-1.053833402693271637e-02
5.317953824996948242e-01
2.579207420349121094e-01
-2.090060524642467499e-02
5.538482069969177246e-01
2.583096325397491455e-01
-2.746895514428615570e-02
4.650778472423553467e-01
2.827122807502746582e-01
-4.428600426763296127e-03
5.022708177566528320e-01
2.546298205852508545e-01
-1.336234249174594879e-02
5.310651659965515137e-01
2.490975707769393921e-01
-2.127623185515403748e-02
5.538765788078308105e-01
2.513034641742706299e-01
-2.633585967123508453e-02
4.643386304378509521e-01
2.842346131801605225e-01
-1.054093707352876663e-02
4.987457096576690674e-01
2.533763051033020020e-01
-1.831789501011371613e-02
5.260197520256042480e-01
2.465143799781799316e-01
-2.257328480482101440e-02
5.478214621543884277e-01
2.480837106704711914e-01
-2.463120408356189728e-02
4.680948853492736816e-01
2.932768464088439941e-01
-1.779093407094478607e-02
4.926005899906158447e-01
2.663620114326477051e-01
-2.258281409740447998e-02
5.114873051643371582e-01
2.554305791854858398e-01
-2.295480296015739441e-02
5.278539061546325684e-01
2.521626055240631104e-01
-2.249582670629024506e-02
