4.389354288578033447e-01
3.668032288551330566e-01
2.734981592311669374e-07
4.655885994434356689e-01
3.582382202148437500e-01
-6.953121046535670757e-04
4.862569272518157959e-01
3.441308438777923584e-01
-6.718161981552839279e-03
5.055171251296997070e-01
3.408024907112121582e-01
-1.564411446452140808e-02
5.235797762870788574e-01
3.429219126701354980e-01
-2.395237237215042114e-02
4.589557647705078125e-01
2.751514315605163574e-01
2.059522783383727074e-03
4.956029653549194336e-01
2.551034092903137207e-01
-7.793102879077196121e-03
5.222083330154418945e-01
2.545341551303863525e-01
-1.727108098566532135e-02
5.414509773254394531e-01
2.584144175052642822e-01
-2.369222231209278107e-02
4.622818231582641602e-01
2.731496095657348633e-01
-4.930400755256414413e-03
4.992409050464630127e-01
2.458642870187759399e-01
-1.378900464624166489e-02
5.273336768150329590e-01
2.483835965394973755e-01
-2.105987444519996643e-02
5.477530360221862793e-01
2.572450041770935059e-01
-2.599683590233325958e-02
4.709846675395965576e-01
2.794779241085052490e-01
-1.297338213771581650e-02
5.064849853515625000e-01
2.482763230800628662e-01
-2.074615471065044403e-02
5.337491035461425781e-01
2.489637434482574463e-01
-2.461147122085094452e-02
5.533924102783203125e-01
2.562139928340911865e-01
-2.688997425138950348e-02
4.852508008480072021e-01
2.931227385997772217e-01
-2.166076377034187317e-02
5.142474174499511719e-01
2.726024091243743896e-01
-2.588469162583351135e-02
5.324323773384094238e-01
2.671997547149658203e-01
-2.605833485722541809e-02
5.465108156204223633e-01
2.670880854129791260e-01
-2.617120929062366486e-02
