4.244099259376525879e-01
3.673951327800750732e-01
2.561007761414657580e-07
4.573146700859069824e-01
3.577533960342407227e-01
-3.927933983504772186e-03
4.805211424827575684e-01
3.363790214061737061e-01
-1.161882095038890839e-02
5.004339814186096191e-01
3.242901563644409180e-01
-2.103355526924133301e-02
5.177409648895263672e-01
3.171349465847015381e-01
-2.996480278670787811e-02
4.446357190608978271e-01
2.714482247829437256e-01
-9.099496528506278992e-03
4.804812967777252197e-01
2.423194795846939087e-01
-2.230013534426689148e-02
5.074204206466674805e-01
2.367308139801025391e-01
-3.254162892699241638e-02
5.282897949218750000e-01
2.367686033248901367e-01
-3.895627334713935852e-02
4.417583048343658447e-01
2.729050815105438232e-01
-1.526021119207143784e-02
4.812884032726287842e-01
2.379155009984970093e-01
-2.680055610835552216e-02
5.099831819534301758e-01
2.330788969993591309e-01
-3.396365419030189514e-02
5.325238108634948730e-01
2.351375520229339600e-01
-3.842861205339431763e-02
4.460022449493408203e-01
2.825981974601745605e-01
-2.223118022084236145e-02
4.813980460166931152e-01
2.481082379817962646e-01
-3.212770447134971619e-02
5.097842216491699219e-01
2.409017682075500488e-01
-3.532893210649490356e-02
5.323395729064941406e-01
2.410749942064285278e-01
-3.684843331575393677e-02
4.567555785179138184e-01
2.983989119529724121e-01
-2.991820126771926880e-02
4.837018251419067383e-01
2.727693021297454834e-01
-3.538681566715240479e-02
5.026873350143432617e-01
2.639970779418945312e-01
-3.509222716093063354e-02
5.187458395957946777e-01
2.615135908126831055e-01
-3.460381180047988892e-02
