4.236775636672973633e-01
6.151599287986755371e-01
3.239264287913101725e-07
4.746447205543518066e-01
6.131379604339599609e-01
1.146349217742681503e-02
5.127458572387695312e-01
5.839242339134216309e-01
1.289014145731925964e-02
5.430554151535034180e-01
5.616826415061950684e-01
8.273665793240070343e-03
5.743092298507690430e-01
5.501070618629455566e-01
4.038000013679265976e-03
4.657914042472839355e-01
4.677245914936065674e-01
2.563259378075599670e-02
5.004480481147766113e-01
4.187902808189392090e-01
1.992740109562873840e-02
5.362271666526794434e-01
4.001590609550476074e-01
1.175676938146352768e-02
5.659825801849365234e-01
3.941335976123809814e-01
6.182814016938209534e-03
4.585950672626495361e-01
4.575718343257904053e-01
1.191925629973411560e-02
5.014157891273498535e-01
3.978562057018280029e-01
6.489410065114498138e-03
5.426261425018310547e-01
3.823538124561309814e-01
-6.318145437944622245e-07
5.752947330474853516e-01
3.832155466079711914e-01
-4.195711575448513031e-03
4.605716764926910400e-01
4.588357806205749512e-01
-3.270819783210754395e-03
5.029591321945190430e-01
3.989316821098327637e-01
-8.647502399981021881e-03
5.446470379829406738e-01
3.827546834945678711e-01
-1.330134831368923187e-02
5.768236517906188965e-01
3.839123249053955078e-01
-1.609978452324867249e-02
4.714842736721038818e-01
4.676368534564971924e-01
-1.857849583029747009e-02
5.076097249984741211e-01
4.213715195655822754e-01
-2.126016654074192047e-02
5.380553603172302246e-01
4.074228405952453613e-01
-2.132296189665794373e-02
5.637332797050476074e-01
4.064147770404815674e-01
-2.112100459635257721e-02
