4.062068760395050049e-01
6.196337938308715820e-01
3.245412756314181024e-07
4.751107096672058105e-01
5.965582728385925293e-01
1.463107857853174210e-02
5.090905427932739258e-01
5.532916784286499023e-01
1.384816505014896393e-02
5.357057452201843262e-01
5.292280912399291992e-01
6.003806367516517639e-03
5.672492980957031250e-01
5.171138048171997070e-01
-2.020895713940262794e-03
4.638600945472717285e-01
4.478147625923156738e-01
1.235793251544237137e-02
5.135865211486816406e-01
3.975991308689117432e-01
-1.899932278320193291e-03
5.560482740402221680e-01
3.846398591995239258e-01
-1.402123086154460907e-02
5.886132717132568359e-01
3.811328113079071045e-01
-2.246578782796859741e-02
4.543696641921997070e-01
4.474177956581115723e-01
-6.922440603375434875e-03
5.156000256538391113e-01
3.819488883018493652e-01
-2.236378937959671021e-02
5.641822814941406250e-01
3.734577298164367676e-01
-3.176463395357131958e-02
5.996686816215515137e-01
3.764299154281616211e-01
-3.726383298635482788e-02
4.569830894470214844e-01
4.611630737781524658e-01
-2.691033855080604553e-02
5.157684087753295898e-01
3.958474993705749512e-01
-3.994202613830566406e-02
5.624217987060546875e-01
3.843535184860229492e-01
-4.438043758273124695e-02
5.961714982986450195e-01
3.844589889049530029e-01
-4.660743847489356995e-02
4.700732231140136719e-01
4.859281778335571289e-01
-4.658949375152587891e-02
5.133737325668334961e-01
4.372160732746124268e-01
-5.536397546529769897e-02
5.462862253189086914e-01
4.176736474037170410e-01
-5.701881274580955505e-02
5.727683901786804199e-01
4.083681404590606689e-01
-5.795956030488014221e-02
