4.362692534923553467e-01
3.517778217792510986e-01
2.955033266971440753e-07
4.552803933620452881e-01
3.271156847476959229e-01
1.066407887265086174e-03
4.741536676883697510e-01
3.014675378799438477e-01
-2.720493590459227562e-03
4.945212900638580322e-01
2.866963744163513184e-01
-8.742043748497962952e-03
5.104539990425109863e-01
2.786748409271240234e-01
-1.428450830280780792e-02
4.565651714801788330e-01
2.634878158569335938e-01
-2.347421599552035332e-03
4.930781722068786621e-01
2.406011372804641724e-01
-1.329656131565570831e-02
5.200326442718505859e-01
2.361823916435241699e-01
-2.194206789135932922e-02
5.402144193649291992e-01
2.373732030391693115e-01
-2.698232419788837433e-02
4.611707031726837158e-01
2.668271958827972412e-01
-8.946352638304233551e-03
4.975331425666809082e-01
2.340628355741500854e-01
-1.787573657929897308e-02
5.249923467636108398e-01
2.297768592834472656e-01
-2.361926063895225525e-02
5.451702475547790527e-01
2.319101691246032715e-01
-2.711273543536663055e-02
4.697479307651519775e-01
2.768956422805786133e-01
-1.612277142703533173e-02
5.031789541244506836e-01
2.426357567310333252e-01
-2.381568402051925659e-02
5.300754904747009277e-01
2.392490506172180176e-01
-2.654035389423370361e-02
5.499619245529174805e-01
2.413680851459503174e-01
-2.773373946547508240e-02
4.822773635387420654e-01
2.924325168132781982e-01
-2.359795011579990387e-02
5.081160068511962891e-01
2.711225152015686035e-01
-2.810442447662353516e-02
5.254228115081787109e-01
2.629330158233642578e-01
-2.841058932244777679e-02
5.397965312004089355e-01
2.592031061649322510e-01
-2.822248265147209167e-02
