4.359637498855590820e-01
3.713413774967193604e-01
2.505931320229137782e-07
4.653986692428588867e-01
3.652097284793853760e-01
-4.905028734356164932e-03
4.925044178962707520e-01
3.445444107055664062e-01
-6.030747666954994202e-03
5.158016681671142578e-01
3.290376961231231689e-01
-8.647176437079906464e-03
5.370361208915710449e-01
3.206341862678527832e-01
-1.077551580965518951e-02
4.764504134654998779e-01
2.773400247097015381e-01
1.414272561669349670e-02
4.926849305629730225e-01
2.468119114637374878e-01
8.448616601526737213e-03
5.103785395622253418e-01
2.319057285785675049e-01
4.525386320892721415e-04
5.260751247406005859e-01
2.234110087156295776e-01
-4.743103869259357452e-03
4.695595502853393555e-01
2.716795206069946289e-01
1.105387881398200989e-02
4.868642389774322510e-01
2.379787415266036987e-01
6.936571095138788223e-03
5.061159729957580566e-01
2.223750352859497070e-01
2.256249942433896649e-08
5.247334837913513184e-01
2.135263085365295410e-01
-4.824562929570674896e-03
4.620803296566009521e-01
2.689389884471893311e-01
5.275058094412088394e-03
4.790219664573669434e-01
2.339281737804412842e-01
-1.239874836755916476e-04
4.984779655933380127e-01
2.186484634876251221e-01
-4.265002440661191940e-03
5.164645314216613770e-01
2.117315232753753662e-01
-6.138736847788095474e-03
4.536550045013427734e-01
2.696298062801361084e-01
-1.776467775925993919e-03
4.684204459190368652e-01
2.376391589641571045e-01
-5.582389887422323227e-03
4.844497144222259521e-01
2.235784977674484253e-01
-6.165855564177036285e-03
5.002626776695251465e-01
2.163473963737487793e-01
-5.804731044918298721e-03
