4.245333969593048096e-01
6.203456521034240723e-01
3.026069634870509617e-07
4.767005145549774170e-01
6.117381453514099121e-01
1.893900148570537567e-02
5.166260004043579102e-01
5.810016393661499023e-01
2.473926544189453125e-02
5.469650030136108398e-01
5.625769495964050293e-01
2.285108342766761780e-02
5.781914591789245605e-01
5.536895990371704102e-01
2.093993499875068665e-02
4.701342582702636719e-01
4.676456749439239502e-01
3.683538362383842468e-02
5.051955580711364746e-01
4.202240705490112305e-01
3.361186385154724121e-02
5.402687191963195801e-01
3.985745608806610107e-01
2.649699337780475616e-02
5.701041221618652344e-01
3.892881572246551514e-01
2.139247767627239227e-02
4.616159796714782715e-01
4.564002752304077148e-01
1.913082413375377655e-02
5.030981302261352539e-01
3.979141116142272949e-01
1.601137779653072357e-02
5.435322523117065430e-01
3.815667629241943359e-01
9.517344646155834198e-03
5.767843127250671387e-01
3.813725709915161133e-01
4.823604598641395569e-03
4.616482853889465332e-01
4.560208916664123535e-01
3.967608790844678879e-06
5.044198632240295410e-01
3.982682228088378906e-01
-4.090669564902782440e-03
5.446417927742004395e-01
3.827940821647644043e-01
-9.207439608871936798e-03
5.760324001312255859e-01
3.836961388587951660e-01
-1.279009412974119186e-02
4.708740413188934326e-01
4.625121951103210449e-01
-1.875187456607818604e-02
5.070475339889526367e-01
4.161239266395568848e-01
-2.090517804026603699e-02
5.369327664375305176e-01
4.003675580024719238e-01
-2.128214389085769653e-02
5.625216364860534668e-01
3.963444828987121582e-01
-2.169604785740375519e-02
