4.353458285331726074e-01
3.845033645629882812e-01
2.738018167747213738e-07
4.721589386463165283e-01
3.699985742568969727e-01
1.221821992658078671e-03
4.959691166877746582e-01
3.511654436588287354e-01
-3.919512964785099030e-03
5.179721713066101074e-01
3.435844182968139648e-01
-1.172910537570714951e-02
5.387836098670959473e-01
3.434876203536987305e-01
-1.905776746571063995e-02
4.529576301574707031e-01
2.781772911548614502e-01
1.177173340693116188e-03
4.852957427501678467e-01
2.511184215545654297e-01
-9.621389210224151611e-03
5.114412307739257812e-01
2.477940022945404053e-01
-1.908469200134277344e-02
5.308996438980102539e-01
2.504477202892303467e-01
-2.517177909612655640e-02
4.484717547893524170e-01
2.773067355155944824e-01
-6.942415144294500351e-03
4.900771975517272949e-01
2.469998747110366821e-01
-1.629695110023021698e-02
5.196334123611450195e-01
2.441372871398925781e-01
-2.280932292342185974e-02
5.416694283485412598e-01
2.480803728103637695e-01
-2.708945982158184052e-02
4.505210816860198975e-01
2.847053408622741699e-01
-1.605412177741527557e-02
4.904786944389343262e-01
2.553222179412841797e-01
-2.372995018959045410e-02
5.184170007705688477e-01
2.496309280395507812e-01
-2.717221900820732117e-02
5.392916202545166016e-01
2.517367601394653320e-01
-2.911663986742496490e-02
4.587099552154541016e-01
2.981926202774047852e-01
-2.564902789890766144e-02
4.862959086894989014e-01
2.735051214694976807e-01
-3.040114045143127441e-02
5.043992996215820312e-01
2.617363631725311279e-01
-3.111506439745426178e-02
5.193677544593811035e-01
2.565252780914306641e-01
-3.131568431854248047e-02
