3.927009701728820801e-01
6.245155930519104004e-01
3.264449901507759932e-07
4.621392190456390381e-01
5.899767875671386719e-01
1.865599676966667175e-02
4.942850768566131592e-01
5.425855517387390137e-01
1.904777437448501587e-02
5.196475982666015625e-01
5.147247314453125000e-01
1.182061061263084412e-02
5.488569140434265137e-01
4.959589838981628418e-01
4.507391247898340225e-03
4.419211745262145996e-01
4.421379566192626953e-01
1.414926163852214813e-02
4.947253167629241943e-01
3.897875547409057617e-01
1.703498710412532091e-04
5.374290347099304199e-01
3.757286667823791504e-01
-1.158108562231063843e-02
5.704599618911743164e-01
3.719927966594696045e-01
-1.993272639811038971e-02
4.327118396759033203e-01
4.438548088073730469e-01
-7.451511453837156296e-03
4.957750737667083740e-01
3.740417063236236572e-01
-2.438920736312866211e-02
5.451617240905761719e-01
3.647212684154510498e-01
-3.415955975651741028e-02
5.814412832260131836e-01
3.682116866111755371e-01
-3.958520665764808655e-02
4.352976083755493164e-01
4.585460424423217773e-01
-2.931675314903259277e-02
4.933902621269226074e-01
3.886062204837799072e-01
-4.395395889878273010e-02
5.425262451171875000e-01
3.792914748191833496e-01
-4.883318021893501282e-02
5.783076882362365723e-01
3.819456398487091064e-01
-5.109069496393203735e-02
4.488883614540100098e-01
4.839411377906799316e-01
-5.034534633159637451e-02
4.932616651058197021e-01
4.332948327064514160e-01
-6.030008941888809204e-02
5.274330377578735352e-01
4.150488078594207764e-01
-6.255938857793807983e-02
5.552452206611633301e-01
4.064559340476989746e-01
-6.386923789978027344e-02
