4.244650602340698242e-01
6.121030449867248535e-01
3.396203567263000878e-07
4.745958149433135986e-01
6.120821237564086914e-01
1.015987806022167206e-02
5.130313634872436523e-01
5.827001333236694336e-01
1.045780535787343979e-02
5.435837507247924805e-01
5.605239272117614746e-01
5.380292423069477081e-03
5.740012526512145996e-01
5.496861934661865234e-01
6.610176642425358295e-04
4.643492698669433594e-01
4.653058350086212158e-01
1.972866989672183990e-02
5.005263090133666992e-01
4.157158434391021729e-01
1.261058263480663300e-02
5.373875498771667480e-01
3.976612985134124756e-01
3.947461023926734924e-03
5.677374601364135742e-01
3.919891119003295898e-01
-1.912742387503385544e-03
4.573372900485992432e-01
4.558187127113342285e-01
6.716332864016294479e-03
5.021536350250244141e-01
3.967801928520202637e-01
-3.980438341386616230e-04
5.442124605178833008e-01
3.814799487590789795e-01
-7.165017072111368179e-03
5.770368576049804688e-01
3.818915486335754395e-01
-1.143917068839073181e-02
4.598880410194396973e-01
4.580144286155700684e-01
-7.435914129018783569e-03
5.037072896957397461e-01
3.989656269550323486e-01
-1.415134780108928680e-02
5.453932881355285645e-01
3.820549845695495605e-01
-1.887969486415386200e-02
5.771090984344482422e-01
3.817908465862274170e-01
-2.158121019601821899e-02
4.713365435600280762e-01
4.683916270732879639e-01
-2.162341959774494171e-02
5.079636573791503906e-01
4.231026172637939453e-01
-2.478321455419063568e-02
5.372098088264465332e-01
4.085893034934997559e-01
-2.477819286286830902e-02
5.615298151969909668e-01
4.065759479999542236e-01
-2.452765405178070068e-02
