4.122790694236755371e-01
6.209561824798583984e-01
2.833944847679958912e-07
4.794107675552368164e-01
5.974531769752502441e-01
1.625411398708820343e-02
5.136466026306152344e-01
5.583665370941162109e-01
1.553401537239551544e-02
5.412117242813110352e-01
5.391584634780883789e-01
7.501778192818164825e-03
5.710316896438598633e-01
5.277752876281738281e-01
-8.756263996474444866e-04
4.650674164295196533e-01
4.502385258674621582e-01
1.126838289201259613e-02
5.132518410682678223e-01
3.995624780654907227e-01
-3.001189557835459709e-03
5.550957918167114258e-01
3.903501331806182861e-01
-1.493918057531118393e-02
5.878947377204895020e-01
3.917111456394195557e-01
-2.331734634935855865e-02
4.570604860782623291e-01
4.508105218410491943e-01
-9.049248881638050079e-03
5.159626603126525879e-01
3.854827284812927246e-01
-2.428690902888774872e-02
5.632026791572570801e-01
3.793489933013916016e-01
-3.327246010303497314e-02
5.984066128730773926e-01
3.852146565914154053e-01
-3.890739008784294128e-02
4.607534110546112061e-01
4.652774333953857422e-01
-2.984796091914176941e-02
5.164661407470703125e-01
3.988871276378631592e-01
-4.247883707284927368e-02
5.617891550064086914e-01
3.898974359035491943e-01
-4.678917676210403442e-02
5.946114063262939453e-01
3.944905698299407959e-01
-4.935942590236663818e-02
4.751173257827758789e-01
4.908143281936645508e-01
-5.022107809782028198e-02
5.158241987228393555e-01
4.408566951751708984e-01
-5.921209231019020081e-02
5.474215745925903320e-01
4.210830032825469971e-01
-6.141510233283042908e-02
5.735120773315429688e-01
4.130179584026336670e-01
-6.304573267698287964e-02
