4.270760118961334229e-01
3.946740031242370605e-01
3.017173355601698859e-07
4.593577980995178223e-01
3.863810002803802490e-01
-2.079092198982834816e-03
4.894821941852569580e-01
3.683983683586120605e-01
-7.913606241345405579e-03
5.163878202438354492e-01
3.609020709991455078e-01
-1.649870164692401886e-02
5.415348410606384277e-01
3.569940924644470215e-01
-2.476755902171134949e-02
4.585508108139038086e-01
2.913177311420440674e-01
6.587545387446880341e-03
4.875466525554656982e-01
2.596577703952789307e-01
-2.908656140789389610e-03
5.140032172203063965e-01
2.516456246376037598e-01
-1.274933107197284698e-02
5.350415110588073730e-01
2.516156136989593506e-01
-1.902587711811065674e-02
4.522849917411804199e-01
2.865784168243408203e-01
-3.670566657092422247e-04
4.858000874519348145e-01
2.499322742223739624e-01
-9.262231178581714630e-03
5.146286487579345703e-01
2.434475719928741455e-01
-1.751971617341041565e-02
5.369648337364196777e-01
2.474448829889297485e-01
-2.252525649964809418e-02
4.510148465633392334e-01
2.874940335750579834e-01
-9.012275375425815582e-03
4.832259714603424072e-01
2.488462328910827637e-01
-1.635784469544887543e-02
5.106561183929443359e-01
2.407332211732864380e-01
-2.054674737155437469e-02
5.320183634757995605e-01
2.434861660003662109e-01
-2.246311306953430176e-02
4.551690220832824707e-01
2.933504581451416016e-01
-1.863605901598930359e-02
4.798196256160736084e-01
2.610398828983306885e-01
-2.230201102793216705e-02
4.984391629695892334e-01
2.491638660430908203e-01
-2.213585190474987030e-02
5.138521194458007812e-01
2.466418445110321045e-01
-2.140038833022117615e-02
