3.938407599925994873e-01
6.476272940635681152e-01
3.269049102527787909e-07
4.585231542587280273e-01
6.285426616668701172e-01
1.819112338125705719e-02
4.964559376239776611e-01
5.907541513442993164e-01
1.861604303121566772e-02
5.282279849052429199e-01
5.731273293495178223e-01
1.145225390791893005e-02
5.595073103904724121e-01
5.653147697448730469e-01
4.122234415262937546e-03
4.444393515586853027e-01
4.794598817825317383e-01
1.963498070836067200e-02
4.885596930980682373e-01
4.251353740692138672e-01
9.518897160887718201e-03
5.294927358627319336e-01
4.103212654590606689e-01
-1.657923712627962232e-04
5.621325969696044922e-01
4.091911613941192627e-01
-6.510346196591854095e-03
4.361574351787567139e-01
4.792285561561584473e-01
-4.683655279222875834e-04
4.921690225601196289e-01
4.109515845775604248e-01
-1.153839379549026489e-02
5.399127006530761719e-01
4.009265601634979248e-01
-1.899932511150836945e-02
5.760559439659118652e-01
4.063726067543029785e-01
-2.310496009886264801e-02
4.400546848773956299e-01
4.909157752990722656e-01
-2.107174508273601532e-02
4.941709935665130615e-01
4.224437475204467773e-01
-2.978612110018730164e-02
5.409154891967773438e-01
4.088776707649230957e-01
-3.339351713657379150e-02
5.751689076423645020e-01
4.103018641471862793e-01
-3.549663349986076355e-02
4.562198221683502197e-01
5.123625993728637695e-01
-4.118022695183753967e-02
4.985396564006805420e-01
4.600639939308166504e-01
-4.602947831153869629e-02
5.304864645004272461e-01
4.393693208694458008e-01
-4.592194035649299622e-02
5.562769770622253418e-01
4.305575788021087646e-01
-4.583022743463516235e-02
