4.320309460163116455e-01
3.503195643424987793e-01
2.521563260415859986e-07
4.493353068828582764e-01
3.278662562370300293e-01
5.375968175940215588e-04
4.684149622917175293e-01
3.000555932521820068e-01
-2.759629860520362854e-03
4.885032773017883301e-01
2.835586667060852051e-01
-8.190966211259365082e-03
5.043286085128784180e-01
2.719574272632598877e-01
-1.298045925796031952e-02
4.526273012161254883e-01
2.607172727584838867e-01
-2.308211289346218109e-03
4.913965463638305664e-01
2.418695837259292603e-01
-1.333710271865129471e-02
5.190821290016174316e-01
2.400563955307006836e-01
-2.193482592701911926e-02
5.392768383026123047e-01
2.431988567113876343e-01
-2.691668458282947540e-02
4.575752019882202148e-01
2.641195058822631836e-01
-8.721234276890754700e-03
4.975227117538452148e-01
2.361884713172912598e-01
-1.815506443381309509e-02
5.262289047241210938e-01
2.362075150012969971e-01
-2.372927032411098480e-02
5.471579432487487793e-01
2.422857135534286499e-01
-2.676020748913288116e-02
4.666608870029449463e-01
2.739599049091339111e-01
-1.586463674902915955e-02
5.025844573974609375e-01
2.427843660116195679e-01
-2.370195835828781128e-02
5.297420024871826172e-01
2.418888807296752930e-01
-2.597526833415031433e-02
5.500100255012512207e-01
2.465256154537200928e-01
-2.670272625982761383e-02
4.798744022846221924e-01
2.894384264945983887e-01
-2.343794703483581543e-02
5.064330697059631348e-01
2.682353854179382324e-01
-2.751407772302627563e-02
5.239043235778808594e-01
2.621925473213195801e-01
-2.723922021687030792e-02
5.382803082466125488e-01
2.611661553382873535e-01
-2.661059051752090454e-02
