4.207166433334350586e-01
3.738949298858642578e-01
3.074402741276571760e-07
4.586286842823028564e-01
3.579253554344177246e-01
-5.503110587596893311e-04
4.805766940116882324e-01
3.354333043098449707e-01
-7.402923889458179474e-03
4.971066117286682129e-01
3.216381967067718506e-01
-1.686680130660533905e-02
5.164262056350708008e-01
3.139778077602386475e-01
-2.613322995603084564e-02
4.448180496692657471e-01
2.696692645549774170e-01
-1.845608814619481564e-03
4.795974195003509521e-01
2.448572665452957153e-01
-1.368538010865449905e-02
5.076129436492919922e-01
2.382373809814453125e-01
-2.423959597945213318e-02
5.288291573524475098e-01
2.378426492214202881e-01
-3.121832758188247681e-02
4.412440359592437744e-01
2.717403471469879150e-01
-9.733679704368114471e-03
4.816695451736450195e-01
2.391624450683593750e-01
-1.983086578547954559e-02
5.111325979232788086e-01
2.334296405315399170e-01
-2.766254171729087830e-02
5.333208441734313965e-01
2.339248359203338623e-01
-3.295549750328063965e-02
4.444252252578735352e-01
2.810473442077636719e-01
-1.845340430736541748e-02
4.815603494644165039e-01
2.473689615726470947e-01
-2.711175568401813507e-02
5.103077888488769531e-01
2.403684854507446289e-01
-3.065524064004421234e-02
5.317919850349426270e-01
2.403581142425537109e-01
-3.273249790072441101e-02
4.539117217063903809e-01
2.971251010894775391e-01
-2.769000455737113953e-02
4.817218184471130371e-01
2.715835869312286377e-01
-3.270747140049934387e-02
5.011584758758544922e-01
2.628864943981170654e-01
-3.255833685398101807e-02
5.169156789779663086e-01
2.606520652770996094e-01
-3.223086148500442505e-02
