4.002498984336853027e-01
6.249400973320007324e-01
3.196721252152201487e-07
4.691211581230163574e-01
5.915372371673583984e-01
1.928671449422836304e-02
5.015382766723632812e-01
5.464778542518615723e-01
1.957195065915584564e-02
5.278165936470031738e-01
5.216193795204162598e-01
1.209728885442018509e-02
5.579020977020263672e-01
5.029673576354980469e-01
4.210987128317356110e-03
4.530067145824432373e-01
4.419979155063629150e-01
1.269502472132444382e-02
5.031329989433288574e-01
3.921907842159271240e-01
-2.650853013619780540e-03
5.444839000701904297e-01
3.795606791973114014e-01
-1.585780270397663116e-02
5.774762630462646484e-01
3.747650384902954102e-01
-2.569670043885707855e-02
4.452627003192901611e-01
4.450569152832031250e-01
-9.968542493879795074e-03
5.060468912124633789e-01
3.771664202213287354e-01
-2.708210609853267670e-02
5.554193854331970215e-01
3.662359714508056641e-01
-3.756998851895332336e-02
5.942553281784057617e-01
3.657848536968231201e-01
-4.428386688232421875e-02
4.495563507080078125e-01
4.638907015323638916e-01
-3.301589563488960266e-02
5.061561465263366699e-01
3.936853706836700439e-01
-4.816053435206413269e-02
5.531381368637084961e-01
3.788266181945800781e-01
-5.396661162376403809e-02
5.899793505668640137e-01
3.746435642242431641e-01
-5.756567046046257019e-02
4.644083678722381592e-01
4.951734840869903564e-01
-5.514260381460189819e-02
5.065279006958007812e-01
4.470154047012329102e-01
-6.664431840181350708e-02
5.391205549240112305e-01
4.254316091537475586e-01
-7.042843103408813477e-02
5.676111578941345215e-01
4.123650193214416504e-01
-7.319750636816024780e-02
