4.334481060504913330e-01
3.849142789840698242e-01
2.736171609285520390e-07
4.704691171646118164e-01
3.698532581329345703e-01
-1.917979243444278836e-04
4.952141940593719482e-01
3.510590791702270508e-01
-6.968479603528976440e-03
5.172892212867736816e-01
3.428368866443634033e-01
-1.624472253024578094e-02
5.388916730880737305e-01
3.431393504142761230e-01
-2.523759379982948303e-02
4.525125622749328613e-01
2.790407538414001465e-01
-1.438973005861043930e-03
4.856089949607849121e-01
2.505505681037902832e-01
-1.241330988705158234e-02
5.119045376777648926e-01
2.481295317411422729e-01
-2.219313196837902069e-02
5.314773321151733398e-01
2.515900135040283203e-01
-2.857108972966670990e-02
4.483092427253723145e-01
2.784447371959686279e-01
-9.128967300057411194e-03
4.899967610836029053e-01
2.476217448711395264e-01
-1.816837303340435028e-02
5.191071033477783203e-01
2.444320172071456909e-01
-2.488797716796398163e-02
5.403914451599121094e-01
2.478181868791580200e-01
-2.962912991642951965e-02
4.502732455730438232e-01
2.854882776737213135e-01
-1.767104864120483398e-02
4.902554452419281006e-01
2.546793818473815918e-01
-2.474736049771308899e-02
5.179561376571655273e-01
2.484661191701889038e-01
-2.787254750728607178e-02
5.382509827613830566e-01
2.503681480884552002e-01
-2.986032702028751373e-02
4.581270813941955566e-01
2.986051440238952637e-01
-2.680339850485324860e-02
4.853252470493316650e-01
2.725871503353118896e-01
-3.025607578456401825e-02
5.025851726531982422e-01
2.606517374515533447e-01
-2.991539426147937775e-02
5.167030692100524902e-01
2.552166283130645752e-01
-2.957174740731716156e-02
