3.983333706855773926e-01
6.389766931533813477e-01
4.397216741836018628e-07
4.575237631797790527e-01
6.236861944198608398e-01
1.911548711359500885e-02
4.936615228652954102e-01
5.884875059127807617e-01
2.044958434998989105e-02
5.256422758102416992e-01
5.699786543846130371e-01
1.316008809953927994e-02
5.605253577232360840e-01
5.614592432975769043e-01
5.763903725892305374e-03
4.463142454624176025e-01
4.779975712299346924e-01
2.649203874170780182e-02
4.932278394699096680e-01
4.298582673072814941e-01
1.616821065545082092e-02
5.355243086814880371e-01
4.155645966529846191e-01
7.033726666122674942e-03
5.705291032791137695e-01
4.130368828773498535e-01
1.740326406434178352e-03
4.394219219684600830e-01
4.722984135150909424e-01
5.625147838145494461e-03
4.964591264724731445e-01
4.107576906681060791e-01
-4.910034593194723129e-03
5.455482602119445801e-01
4.010587334632873535e-01
-1.166564039885997772e-02
5.840368866920471191e-01
4.076657593250274658e-01
-1.427808497101068497e-02
4.426127076148986816e-01
4.835569262504577637e-01
-1.633577793836593628e-02
4.978858232498168945e-01
4.176025390625000000e-01
-2.515933103859424591e-02
5.448381900787353516e-01
4.054957628250122070e-01
-2.700484171509742737e-02
5.799427032470703125e-01
4.087496995925903320e-01
-2.665012329816818237e-02
4.574037194252014160e-01
5.079064965248107910e-01
-3.789603710174560547e-02
5.009425878524780273e-01
4.521249532699584961e-01
-4.320869967341423035e-02
5.350460410118103027e-01
4.343014359474182129e-01
-4.142714291810989380e-02
5.633934736251831055e-01
4.280557632446289062e-01
-3.892517089843750000e-02
