3.995040059089660645e-01
6.098983883857727051e-01
3.182118462063954212e-07
4.619483947753906250e-01
5.714433193206787109e-01
1.898134313523769379e-02
4.923245608806610107e-01
5.208372473716735840e-01
1.830089837312698364e-02
5.170407891273498535e-01
4.919455349445343018e-01
1.043237745761871338e-02
5.432425737380981445e-01
4.712299108505249023e-01
2.150359563529491425e-03
4.508145749568939209e-01
4.266684949398040771e-01
8.226872421801090240e-03
5.041157007217407227e-01
3.769460320472717285e-01
-7.469911128282546997e-03
5.460392832756042480e-01
3.695611655712127686e-01
-2.124008722603321075e-02
5.772684216499328613e-01
3.698661029338836670e-01
-3.093410283327102661e-02
4.480041265487670898e-01
4.343042969703674316e-01
-1.342513319104909897e-02
5.114822387695312500e-01
3.761025369167327881e-01
-2.750739641487598419e-02
5.597074627876281738e-01
3.707824051380157471e-01
-3.774575144052505493e-02
5.947442054748535156e-01
3.738823235034942627e-01
-4.542030766606330872e-02
4.534741640090942383e-01
4.562176167964935303e-01
-3.468365222215652466e-02
5.117995142936706543e-01
4.022886157035827637e-01
-4.535149782896041870e-02
5.564548969268798828e-01
3.966065049171447754e-01
-4.859837517142295837e-02
5.886040925979614258e-01
3.976665735244750977e-01
-5.183767899870872498e-02
4.664981961250305176e-01
4.882987141609191895e-01
-5.510053783655166626e-02
5.070764422416687012e-01
4.468511044979095459e-01
-6.057718768715858459e-02
5.369058251380920410e-01
4.329697489738464355e-01
-5.892069265246391296e-02
5.609623193740844727e-01
4.263805449008941650e-01
-5.851675570011138916e-02
