4.287794828414916992e-01
3.673842549324035645e-01
2.882814840177161386e-07
4.601104557514190674e-01
3.698879182338714600e-01
-5.532397422939538956e-03
4.886976182460784912e-01
3.641017079353332520e-01
-1.461998187005519867e-02
5.157881975173950195e-01
3.646888732910156250e-01
-2.530848234891891479e-02
5.388496518135070801e-01
3.653005361557006836e-01
-3.571569547057151794e-02
4.617095887660980225e-01
2.850777506828308105e-01
-6.885817740112543106e-03
4.933945536613464355e-01
2.571663260459899902e-01
-1.968588121235370636e-02
5.203289985656738281e-01
2.518038451671600342e-01
-3.007136844098567963e-02
5.409076213836669922e-01
2.530112266540527344e-01
-3.614262118935585022e-02
4.571477770805358887e-01
2.810196578502655029e-01
-1.162713021039962769e-02
4.939003288745880127e-01
2.511988580226898193e-01
-2.303038723766803741e-02
5.226914286613464355e-01
2.468588054180145264e-01
-3.083355724811553955e-02
5.431861877441406250e-01
2.506635189056396484e-01
-3.532775864005088806e-02
4.578915238380432129e-01
2.840102016925811768e-01
-1.748944632709026337e-02
4.929736256599426270e-01
2.525432705879211426e-01
-2.563285455107688904e-02
5.202926397323608398e-01
2.461751401424407959e-01
-2.952167950570583344e-02
5.400663018226623535e-01
2.492541223764419556e-01
-3.115947917103767395e-02
4.637966454029083252e-01
2.931847274303436279e-01
-2.433882839977741241e-02
4.905018806457519531e-01
2.674620449542999268e-01
-2.816047705709934235e-02
5.096790194511413574e-01
2.567709386348724365e-01
-2.816796302795410156e-02
5.244011878967285156e-01
2.542596161365509033e-01
-2.757547423243522644e-02
