3.979890942573547363e-01
6.108042001724243164e-01
3.432808171055512503e-07
4.598911702632904053e-01
5.726484060287475586e-01
1.714030839502811432e-02
4.910160899162292480e-01
5.213932991027832031e-01
1.538752950727939606e-02
5.159422159194946289e-01
4.914367198944091797e-01
6.856368388980627060e-03
5.423510074615478516e-01
4.712731838226318359e-01
-2.145751146599650383e-03
4.507177770137786865e-01
4.264488518238067627e-01
4.955793265253305435e-03
5.045972466468811035e-01
3.767527937889099121e-01
-1.180780399590730667e-02
5.472227334976196289e-01
3.690149784088134766e-01
-2.660039439797401428e-02
5.791205167770385742e-01
3.689690232276916504e-01
-3.707170858979225159e-02
4.472888708114624023e-01
4.356705546379089355e-01
-1.584652997553348541e-02
5.105950832366943359e-01
3.767636418342590332e-01
-3.028417751193046570e-02
5.599492788314819336e-01
3.709222972393035889e-01
-4.104778543114662170e-02
5.963816046714782715e-01
3.732576966285705566e-01
-4.940842464566230774e-02
4.521831274032592773e-01
4.593759775161743164e-01
-3.620946034789085388e-02
5.101754069328308105e-01
4.056157469749450684e-01
-4.703975096344947815e-02
5.537627339363098145e-01
4.002714455127716064e-01
-5.004050210118293762e-02
5.850226283073425293e-01
4.011524021625518799e-01
-5.339011922478675842e-02
4.643424749374389648e-01
4.927292168140411377e-01
-5.587517842650413513e-02
5.044209957122802734e-01
4.520604312419891357e-01
-6.176585704088211060e-02
5.333351492881774902e-01
4.360773563385009766e-01
-6.029584258794784546e-02
5.568696260452270508e-01
4.261848628520965576e-01
-6.015073880553245544e-02
