4.433980286121368408e-01
3.924984335899353027e-01
3.301525168808439048e-07
4.724909961223602295e-01
3.886190652847290039e-01
-1.961379777640104294e-03
4.995107650756835938e-01
3.764484822750091553e-01
-5.750915501266717911e-03
5.255816578865051270e-01
3.724822700023651123e-01
-1.196253113448619843e-02
5.493223667144775391e-01
3.764544129371643066e-01
-1.740562729537487030e-02
4.705178141593933105e-01
3.013943135738372803e-01
1.106260810047388077e-02
4.975937008857727051e-01
2.752594947814941406e-01
3.962734248489141464e-03
5.220934152603149414e-01
2.659774422645568848e-01
-4.027529153972864151e-03
5.410518050193786621e-01
2.628517150878906250e-01
-9.032330475747585297e-03
4.649979472160339355e-01
2.947155237197875977e-01
5.607568193227052689e-03
4.965541958808898926e-01
2.633454203605651855e-01
-8.236990543082356453e-04
5.229744911193847656e-01
2.549881339073181152e-01
-7.234705612063407898e-03
5.442731380462646484e-01
2.548844218254089355e-01
-1.113563030958175659e-02
4.642438292503356934e-01
2.942408025264739990e-01
-1.874975045211613178e-03
4.956009685993194580e-01
2.619726359844207764e-01
-8.344134315848350525e-03
5.216515660285949707e-01
2.532285153865814209e-01
-1.213561091572046280e-02
5.419047474861145020e-01
2.537850737571716309e-01
-1.349502243101596832e-02
4.684837460517883301e-01
2.984815537929534912e-01
-1.030469499528408051e-02
4.941394627094268799e-01
2.715515792369842529e-01
-1.372315734624862671e-02
5.138901472091674805e-01
2.615013420581817627e-01
-1.380666531622409821e-02
5.304358601570129395e-01
2.583382129669189453e-01
-1.313991378992795944e-02
