4.326379299163818359e-01
3.477559089660644531e-01
2.563900523000484100e-07
4.486365318298339844e-01
3.198793232440948486e-01
3.128853277303278446e-04
4.670173823833465576e-01
2.922996580600738525e-01
-4.358008503913879395e-03
4.886884391307830811e-01
2.778362035751342773e-01
-1.110010221600532532e-02
5.062062144279479980e-01
2.696796953678131104e-01
-1.712944917380809784e-02
4.542502462863922119e-01
2.594885230064392090e-01
-4.607594572007656097e-03
4.937409460544586182e-01
2.402267456054687500e-01
-1.648740470409393311e-02
5.206353664398193359e-01
2.412918359041213989e-01
-2.521198987960815430e-02
5.395539999008178711e-01
2.468824982643127441e-01
-3.012837842106819153e-02
4.596087336540222168e-01
2.646880447864532471e-01
-1.126347202807664871e-02
5.009404420852661133e-01
2.353230714797973633e-01
-2.178769558668136597e-02
5.297147035598754883e-01
2.374378442764282227e-01
-2.738335914909839630e-02
5.496396422386169434e-01
2.450773119926452637e-01
-3.018683567643165588e-02
4.684116542339324951e-01
2.759319245815277100e-01
-1.855430752038955688e-02
5.062038302421569824e-01
2.429374605417251587e-01
-2.712477929890155792e-02
5.351156592369079590e-01
2.431049793958663940e-01
-2.929662913084030151e-02
5.561695098876953125e-01
2.485108077526092529e-01
-2.975676767528057098e-02
4.811341464519500732e-01
2.929773032665252686e-01
-2.619210630655288696e-02
5.097779035568237305e-01
2.716960012912750244e-01
-3.037937171757221222e-02
5.290129184722900391e-01
2.657657265663146973e-01
-2.985818684101104736e-02
5.444388389587402344e-01
2.643043994903564453e-01
-2.904140017926692963e-02
