4.376887083053588867e-01
3.660470247268676758e-01
2.635505325088161044e-07
4.667101204395294189e-01
3.551292121410369873e-01
1.217545475810766220e-03
4.887980818748474121e-01
3.376255631446838379e-01
-3.725774353370070457e-03
5.095341801643371582e-01
3.314044177532196045e-01
-1.155641488730907440e-02
5.262480378150939941e-01
3.293902277946472168e-01
-1.883660443127155304e-02
4.598586261272430420e-01
2.735756039619445801e-01
-4.163777630310505629e-04
4.976887404918670654e-01
2.509489059448242188e-01
-1.091396901756525040e-02
5.253062844276428223e-01
2.519269585609436035e-01
-2.009595744311809540e-02
5.454415082931518555e-01
2.570728659629821777e-01
-2.629781700670719147e-02
4.623418450355529785e-01
2.733656764030456543e-01
-8.309267461299896240e-03
5.020905137062072754e-01
2.427916228771209717e-01
-1.774998940527439117e-02
5.322620868682861328e-01
2.474537491798400879e-01
-2.481774985790252686e-02
5.539954900741577148e-01
2.583990395069122314e-01
-2.955277822911739349e-02
4.702789187431335449e-01
2.828193604946136475e-01
-1.679226197302341461e-02
5.067216157913208008e-01
2.487104386091232300e-01
-2.525612153112888336e-02
5.349149703979492188e-01
2.506981492042541504e-01
-2.872615307569503784e-02
5.549088716506958008e-01
2.585498094558715820e-01
-3.076009824872016907e-02
4.836562275886535645e-01
2.993593215942382812e-01
-2.560374513268470764e-02
5.110138654708862305e-01
2.782603502273559570e-01
-3.105132468044757843e-02
5.292918682098388672e-01
2.713604271411895752e-01
-3.173445537686347961e-02
5.439391136169433594e-01
2.696436643600463867e-01
-3.215269371867179871e-02
