4.426035284996032715e-01
3.647118210792541504e-01
2.453554657222412061e-07
4.739756882190704346e-01
3.608265221118927002e-01
-6.055259611457586288e-03
5.007234811782836914e-01
3.429514467716217041e-01
-5.703975912183523178e-03
5.237799882888793945e-01
3.293607831001281738e-01
-6.631221156567335129e-03
5.441764593124389648e-01
3.241261243820190430e-01
-6.751029752194881439e-03
4.868337512016296387e-01
2.875003516674041748e-01
1.657937467098236084e-02
5.035561919212341309e-01
2.607414126396179199e-01
1.212951261550188065e-02
5.206362605094909668e-01
2.445577532052993774e-01
5.449133459478616714e-03
5.349056124687194824e-01
2.331391572952270508e-01
1.154664787463843822e-03
4.813152253627777100e-01
2.801320850849151611e-01
1.497677061706781387e-02
5.006389617919921875e-01
2.534414827823638916e-01
1.146037504076957703e-02
5.174902081489562988e-01
2.376065254211425781e-01
4.997572395950555801e-03
5.341206789016723633e-01
2.251822501420974731e-01
7.711232756264507771e-04
4.752419590950012207e-01
2.722702324390411377e-01
1.035786885768175125e-02
4.942319393157958984e-01
2.454145848751068115e-01
5.161745008081197739e-03
5.115754604339599609e-01
2.293128520250320435e-01
9.447311167605221272e-04
5.278002619743347168e-01
2.192330509424209595e-01
-6.267697899602353573e-04
4.678359031677246094e-01
2.639340460300445557e-01
4.272753372788429260e-03
4.862084090709686279e-01
2.387509644031524658e-01
6.135498406365513802e-04
5.019927024841308594e-01
2.250964641571044922e-01
-3.933224652428179979e-04
5.176335573196411133e-01
2.166349887847900391e-01
-1.529983273940160871e-04
