4.384332895278930664e-01
3.915107548236846924e-01
2.754431989160366356e-07
4.685488939285278320e-01
3.868585526943206787e-01
-1.533414353616535664e-03
4.971443712711334229e-01
3.725425302982330322e-01
-4.005852155387401581e-03
5.236616134643554688e-01
3.694600462913513184e-01
-9.204496629536151886e-03
5.473493933677673340e-01
3.721203207969665527e-01
-1.412519626319408417e-02
4.786053597927093506e-01
3.062228560447692871e-01
1.474281027913093567e-02
5.015606284141540527e-01
2.800172865390777588e-01
8.365095593035221100e-03
5.234799981117248535e-01
2.702909409999847412e-01
-9.664436220191419125e-05
5.417580008506774902e-01
2.670910656452178955e-01
-5.738560575991868973e-03
4.735688567161560059e-01
2.994205355644226074e-01
8.958755992352962494e-03
4.985961019992828369e-01
2.670003771781921387e-01
3.321044612675905228e-03
5.221133232116699219e-01
2.563900649547576904e-01
-4.162870813161134720e-03
5.423269271850585938e-01
2.551495432853698730e-01
-9.041550569236278534e-03
4.693097174167633057e-01
2.965816259384155273e-01
8.828442660160362720e-04
4.933874905109405518e-01
2.614306509494781494e-01
-5.456638988107442856e-03
5.167306065559387207e-01
2.508406937122344971e-01
-1.034060772508382797e-02
5.363920927047729492e-01
2.505167424678802490e-01
-1.256013941019773483e-02
4.667321145534515381e-01
2.974122464656829834e-01
-8.150675334036350250e-03
4.879128932952880859e-01
2.696868777275085449e-01
-1.229947060346603394e-02
5.059489607810974121e-01
2.585116326808929443e-01
-1.334134489297866821e-02
5.219183564186096191e-01
2.552449703216552734e-01
-1.336340978741645813e-02
