3.925433456897735596e-01
6.488143801689147949e-01
3.267667523232375970e-07
4.582939743995666504e-01
6.294679641723632812e-01
1.819706708192825317e-02
4.961747825145721436e-01
5.911639332771301270e-01
1.947209052741527557e-02
5.279918313026428223e-01
5.733230710029602051e-01
1.325177308171987534e-02
5.599814057350158691e-01
5.660659074783325195e-01
7.089919876307249069e-03
4.428900778293609619e-01
4.802148640155792236e-01
2.098852396011352539e-02
4.879895746707916260e-01
4.262820780277252197e-01
1.082997396588325500e-02
5.291002392768859863e-01
4.114027917385101318e-01
1.214613555930554867e-03
5.622000694274902344e-01
4.100881516933441162e-01
-5.078830290585756302e-03
4.350844621658325195e-01
4.793651700019836426e-01
1.234096591360867023e-03
4.921325743198394775e-01
4.111493825912475586e-01
-1.052794139832258224e-02
5.398412346839904785e-01
4.009356200695037842e-01
-1.824190281331539154e-02
5.764440298080444336e-01
4.061783850193023682e-01
-2.222276106476783752e-02
4.397964477539062500e-01
4.909970164299011230e-01
-1.913868635892868042e-02
4.939704835414886475e-01
4.227094948291778564e-01
-2.843716181814670563e-02
5.411427617073059082e-01
4.081646800041198730e-01
-3.257990628480911255e-02
5.762659907341003418e-01
4.089246392250061035e-01
-3.474521264433860779e-02
4.568125605583190918e-01
5.124126672744750977e-01
-3.902643546462059021e-02
4.990421235561370850e-01
4.602337181568145752e-01
-4.446640238165855408e-02
5.312170982360839844e-01
4.388363957405090332e-01
-4.506095871329307556e-02
5.578241348266601562e-01
4.295415282249450684e-01
-4.531359672546386719e-02
