4.427906870841979980e-01
3.802894651889801025e-01
2.966872614251769846e-07
4.721770584583282471e-01
3.805246949195861816e-01
-7.283651735633611679e-03
5.020772814750671387e-01
3.706522583961486816e-01
-9.764254093170166016e-03
5.294914841651916504e-01
3.670484125614166260e-01
-1.365682296454906464e-02
5.521302223205566406e-01
3.678637444972991943e-01
-1.687496155500411987e-02
4.917340874671936035e-01
3.059657812118530273e-01
1.463226135820150375e-02
5.103880167007446289e-01
2.793517112731933594e-01
9.139927104115486145e-03
5.288605093955993652e-01
2.666731178760528564e-01
1.177704427391290665e-03
5.454109907150268555e-01
2.603065073490142822e-01
-4.017599858343601227e-03
4.863277673721313477e-01
2.980018854141235352e-01
1.258260477334260941e-02
5.059718489646911621e-01
2.690310478210449219e-01
8.123869076371192932e-03
5.254915952682495117e-01
2.566958963871002197e-01
4.586529103107750416e-04
5.448517203330993652e-01
2.514356374740600586e-01
-4.652718547731637955e-03
4.798835515975952148e-01
2.911999523639678955e-01
7.496727164834737778e-03
4.998954832553863525e-01
2.614668309688568115e-01
1.322341151535511017e-03
5.202317833900451660e-01
2.506051659584045410e-01
-4.014910198748111725e-03
5.392963886260986328e-01
2.478776276111602783e-01
-6.318274419754743576e-03
4.728830456733703613e-01
2.857778668403625488e-01
9.375710505992174149e-04
4.928225874900817871e-01
2.605296373367309570e-01
-3.237677738070487976e-03
5.101495981216430664e-01
2.501820921897888184e-01
-4.504874814301729202e-03
5.270783901214599609e-01
2.465468943119049072e-01
-4.520262591540813446e-03
