4.174390733242034912e-01
6.278282403945922852e-01
2.121998505799638224e-07
4.756639301776885986e-01
6.198809742927551270e-01
2.086216025054454803e-02
5.185716152191162109e-01
5.910948514938354492e-01
2.809040807187557220e-02
5.501329302787780762e-01
5.696229934692382812e-01
2.718324027955532074e-02
5.811990499496459961e-01
5.560046434402465820e-01
2.609216980636119843e-02
4.783479571342468262e-01
4.810759425163269043e-01
4.075330495834350586e-02
5.176454186439514160e-01
4.375136792659759521e-01
3.795771300792694092e-02
5.552434325218200684e-01
4.246397018432617188e-01
3.025290183722972870e-02
5.845225453376770020e-01
4.225488901138305664e-01
2.462997660040855408e-02
4.698872268199920654e-01
4.671794772148132324e-01
2.251419238746166229e-02
5.153946280479431152e-01
4.105609655380249023e-01
2.000956237316131592e-02
5.565089583396911621e-01
4.005849957466125488e-01
1.302817184478044510e-02
5.880701541900634766e-01
4.052520096302032471e-01
7.732576224952936172e-03
4.692874550819396973e-01
4.649861156940460205e-01
2.813447732478380203e-03
5.145288109779357910e-01
4.079309403896331787e-01
-8.541141287423670292e-04
5.554744005203247070e-01
3.982233405113220215e-01
-6.063345819711685181e-03
5.851752758026123047e-01
4.044888615608215332e-01
-9.899941273033618927e-03
4.775611162185668945e-01
4.710367619991302490e-01
-1.635006442666053772e-02
5.165066719055175781e-01
4.262463152408599854e-01
-1.775322295725345612e-02
5.474572777748107910e-01
4.150141477584838867e-01
-1.747031509876251221e-02
5.726007223129272461e-01
4.163995981216430664e-01
-1.758081652224063873e-02
