3.910934329032897949e-01
6.236227154731750488e-01
3.264677843617391773e-07
4.601251482963562012e-01
5.870618820190429688e-01
1.830431260168552399e-02
4.924378991127014160e-01
5.398812294006347656e-01
1.704799197614192963e-02
5.180525779724121094e-01
5.121862888336181641e-01
8.196695707738399506e-03
5.472266674041748047e-01
4.931379258632659912e-01
-7.245703600347042084e-04
4.394569993019104004e-01
4.394446909427642822e-01
8.069196715950965881e-03
4.927279949188232422e-01
3.849204778671264648e-01
-8.739093318581581116e-03
5.364412665367126465e-01
3.740739822387695312e-01
-2.216500230133533478e-02
5.696455240249633789e-01
3.725533485412597656e-01
-3.145590052008628845e-02
4.307667613029479980e-01
4.437865018844604492e-01
-1.418452989310026169e-02
4.951910972595214844e-01
3.735474944114685059e-01
-3.332293778657913208e-02
5.458853840827941895e-01
3.664750456809997559e-01
-4.395438358187675476e-02
5.814607143402099609e-01
3.702293038368225098e-01
-5.011520162224769592e-02
4.344355762004852295e-01
4.611196517944335938e-01
-3.636154159903526306e-02
4.933226406574249268e-01
3.899820446968078613e-01
-5.236501246690750122e-02
5.428792834281921387e-01
3.836464881896972656e-01
-5.657812207937240601e-02
5.770485401153564453e-01
3.883625566959381104e-01
-5.831258371472358704e-02
4.487932622432708740e-01
4.892601668834686279e-01
-5.768673866987228394e-02
4.937270283699035645e-01
4.379068613052368164e-01
-6.792744994163513184e-02
5.278794765472412109e-01
4.219095110893249512e-01
-6.904102116823196411e-02
5.544822812080383301e-01
4.160409867763519287e-01
-6.951200962066650391e-02
