4.029194116592407227e-01
6.174448132514953613e-01
2.785521644455002388e-07
4.743773937225341797e-01
5.886029601097106934e-01
2.043535560369491577e-02
5.068747997283935547e-01
5.444907546043395996e-01
2.189252525568008423e-02
5.326344370841979980e-01
5.200288891792297363e-01
1.498379185795783997e-02
5.628169775009155273e-01
5.048620700836181641e-01
7.468306925147771835e-03
4.617702662944793701e-01
4.409283101558685303e-01
1.582973264157772064e-02
5.110271573066711426e-01
3.925159573554992676e-01
7.535746553912758827e-04
5.546652078628540039e-01
3.831692934036254883e-01
-1.208341494202613831e-02
5.868071317672729492e-01
3.841483592987060547e-01
-2.091796323657035828e-02
4.532384276390075684e-01
4.422222971916198730e-01
-6.844230927526950836e-03
5.123356580734252930e-01
3.762837052345275879e-01
-2.367391809821128845e-02
5.614452362060546875e-01
3.688783347606658936e-01
-3.400929272174835205e-02
5.960786342620849609e-01
3.728297948837280273e-01
-4.009385406970977783e-02
4.555467367172241211e-01
4.582844674587249756e-01
-2.979586087167263031e-02
5.107199549674987793e-01
3.907248675823211670e-01
-4.512503370642662048e-02
5.580999851226806641e-01
3.824658989906311035e-01
-5.050285533070564270e-02
5.913901329040527344e-01
3.859681487083435059e-01
-5.291605740785598755e-02
4.685876667499542236e-01
4.865963459014892578e-01
-5.173580348491668701e-02
5.124569535255432129e-01
4.375438392162322998e-01
-6.280809640884399414e-02
5.464518070220947266e-01
4.207046329975128174e-01
-6.517780572175979614e-02
5.732239484786987305e-01
4.148602783679962158e-01
-6.628857553005218506e-02
