3.974556624889373779e-01
6.277323365211486816e-01
3.775413688344997354e-07
4.664045274257659912e-01
5.856060981750488281e-01
1.722111925482749939e-02
4.983106851577758789e-01
5.351784229278564453e-01
1.415150519460439682e-02
5.240563154220581055e-01
5.051629543304443359e-01
3.766334615647792816e-03
5.547150373458862305e-01
4.838430285453796387e-01
-7.197129074484109879e-03
4.503972232341766357e-01
4.371792972087860107e-01
3.289929591119289398e-03
5.010492801666259766e-01
3.801583349704742432e-01
-1.641685143113136292e-02
5.457798838615417480e-01
3.695382475852966309e-01
-3.303788602352142334e-02
5.798870325088500977e-01
3.676379024982452393e-01
-4.468555003404617310e-02
4.438393712043762207e-01
4.459385573863983154e-01
-1.941687986254692078e-02
5.090701580047607422e-01
3.787550628185272217e-01
-3.865733370184898376e-02
5.612896680831909180e-01
3.709929883480072021e-01
-5.204917863011360168e-02
5.987144708633422852e-01
3.730795681476593018e-01
-6.111031398177146912e-02
4.476826786994934082e-01
4.705467224121093750e-01
-4.176566377282142639e-02
5.070188641548156738e-01
4.044365584850311279e-01
-5.780162662267684937e-02
5.573363304138183594e-01
3.961600065231323242e-01
-6.330195069313049316e-02
5.941315293312072754e-01
3.967179656028747559e-01
-6.692405790090560913e-02
4.600273072719573975e-01
5.073536634445190430e-01
-6.317931413650512695e-02
5.030479431152343750e-01
4.618924260139465332e-01
-7.303679734468460083e-02
5.363737940788269043e-01
4.456344246864318848e-01
-7.322116941213607788e-02
5.637396574020385742e-01
4.376581907272338867e-01
-7.343279570341110229e-02
