4.397501349449157715e-01
3.848463296890258789e-01
3.609336829413223313e-07
4.678168594837188721e-01
3.821875751018524170e-01
-9.111222811043262482e-03
4.979931116104125977e-01
3.700889647006988525e-01
-1.554341241717338562e-02
5.267300605773925781e-01
3.670032322406768799e-01
-2.242726832628250122e-02
5.501846075057983398e-01
3.677712976932525635e-01
-2.848355472087860107e-02
4.724206924438476562e-01
2.969732880592346191e-01
-1.732842065393924713e-03
4.977341294288635254e-01
2.661404907703399658e-01
-1.416755001991987228e-02
5.243611335754394531e-01
2.552170753479003906e-01
-2.493829652667045593e-02
5.460186004638671875e-01
2.523102760314941406e-01
-3.113159164786338806e-02
4.661948084831237793e-01
2.902074456214904785e-01
-3.950158134102821350e-03
4.962877631187438965e-01
2.582470774650573730e-01
-1.536580547690391541e-02
5.261040925979614258e-01
2.487694919109344482e-01
-2.448760345578193665e-02
5.515577197074890137e-01
2.482775300741195679e-01
-2.963898144662380219e-02
4.640577733516693115e-01
2.906873524188995361e-01
-8.285534568130970001e-03
4.932993650436401367e-01
2.576664388179779053e-01
-1.890453137457370758e-02
5.209088921546936035e-01
2.463059723377227783e-01
-2.464656531810760498e-02
5.435950756072998047e-01
2.461920380592346191e-01
-2.645264007151126862e-02
4.646479785442352295e-01
2.959706783294677734e-01
-1.387387793511152267e-02
4.870670735836029053e-01
2.666807174682617188e-01
-2.088595926761627197e-02
5.077835321426391602e-01
2.530218064785003662e-01
-2.336432039737701416e-02
5.256051421165466309e-01
2.483506202697753906e-01
-2.373832277953624725e-02
