4.294176995754241943e-01
6.120054721832275391e-01
3.156141588078753557e-07
4.774639308452606201e-01
6.129751205444335938e-01
1.237683556973934174e-02
5.155941247940063477e-01
5.852061510086059570e-01
1.487605739384889603e-02
5.457261800765991211e-01
5.634758472442626953e-01
1.160752307623624802e-02
5.762540102005004883e-01
5.523568987846374512e-01
8.725580759346485138e-03
4.675832688808441162e-01
4.690099656581878662e-01
2.639513649046421051e-02
5.026046633720397949e-01
4.239081740379333496e-01
2.197439409792423248e-02
5.369718670845031738e-01
4.027094542980194092e-01
1.500962674617767334e-02
5.658863782882690430e-01
3.933717012405395508e-01
1.022403128445148468e-02
4.600880146026611328e-01
4.569461643695831299e-01
1.310487557202577591e-02
5.027571320533752441e-01
4.015118181705474854e-01
9.084686636924743652e-03
5.415947437286376953e-01
3.848497271537780762e-01
3.877676324918866158e-03
5.737980008125305176e-01
3.823375403881072998e-01
2.776726905722171068e-04
4.616222977638244629e-01
4.556928873062133789e-01
-1.529891276732087135e-03
5.050290226936340332e-01
4.001211822032928467e-01
-6.524909287691116333e-03
5.438299179077148438e-01
3.832923471927642822e-01
-1.087124086916446686e-02
5.742861628532409668e-01
3.818529248237609863e-01
-1.345409452915191650e-02
4.718337059020996094e-01
4.613266885280609131e-01
-1.609029620885848999e-02
5.090162158012390137e-01
4.170475006103515625e-01
-1.843207143247127533e-02
5.374158024787902832e-01
4.018613100051879883e-01
-1.848401129245758057e-02
5.616838335990905762e-01
3.984772264957427979e-01
-1.833928190171718597e-02
