4.160382747650146484e-01
6.062092781066894531e-01
3.275086726262088632e-07
4.693156480789184570e-01
6.039019823074340820e-01
1.226455555297434330e-03
5.130389332771301270e-01
5.754243135452270508e-01
4.760150797665119171e-03
5.501239895820617676e-01
5.564821958541870117e-01
3.896151203662157059e-03
5.849326252937316895e-01
5.507224798202514648e-01
4.045267589390277863e-03
4.934967160224914551e-01
4.774233996868133545e-01
3.431245312094688416e-02
5.205128788948059082e-01
4.341686964035034180e-01
2.984936907887458801e-02
5.472695827484130859e-01
4.079275131225585938e-01
2.045734412968158722e-02
5.710858106613159180e-01
3.888218402862548828e-01
1.327836979180574417e-02
4.858894646167755127e-01
4.656235277652740479e-01
2.466683648526668549e-02
5.141810178756713867e-01
4.141241908073425293e-01
2.006406150758266449e-02
5.446434020996093750e-01
3.878616690635681152e-01
1.014550682157278061e-02
5.730346441268920898e-01
3.714498877525329590e-01
2.927404129877686501e-03
4.769810438156127930e-01
4.584226608276367188e-01
1.107733324170112610e-02
5.050887465476989746e-01
4.038300216197967529e-01
2.949651563540101051e-03
5.375096797943115234e-01
3.809060156345367432e-01
-4.599809646606445312e-03
5.665023326873779297e-01
3.699301779270172119e-01
-8.557683788239955902e-03
4.695166945457458496e-01
4.539600312709808350e-01
-3.815334290266036987e-03
4.982251226902008057e-01
4.095588922500610352e-01
-1.061069685965776443e-02
5.262642502784729004e-01
3.889903426170349121e-01
-1.373049803078174591e-02
5.536758303642272949e-01
3.769681453704833984e-01
-1.526492834091186523e-02
