4.074615836143493652e-01
6.181752681732177734e-01
3.117339133495988790e-07
4.668572843074798584e-01
6.072514057159423828e-01
1.098836027085781097e-02
5.130416154861450195e-01
5.767165422439575195e-01
1.626231521368026733e-02
5.509198307991027832e-01
5.603743195533752441e-01
1.444808393716812134e-02
5.869303345680236816e-01
5.558499693870544434e-01
1.279667019844055176e-02
4.871632754802703857e-01
4.778808951377868652e-01
4.349451512098312378e-02
5.142595767974853516e-01
4.304555654525756836e-01
3.983596712350845337e-02
5.443923473358154297e-01
4.052253663539886475e-01
3.036411106586456299e-02
5.719224810600280762e-01
3.901562094688415527e-01
2.303313650190830231e-02
4.798976778984069824e-01
4.671556949615478516e-01
2.781973034143447876e-02
5.106840133666992188e-01
4.133332073688507080e-01
2.440036460757255554e-02
5.449919700622558594e-01
3.902729749679565430e-01
1.433726958930492401e-02
5.752444267272949219e-01
3.800346851348876953e-01
6.739905104041099548e-03
4.732469916343688965e-01
4.627339839935302734e-01
8.680614642798900604e-03
5.040199756622314453e-01
4.058455228805541992e-01
2.662044018507003784e-03
5.393150448799133301e-01
3.846410214900970459e-01
-3.832490183413028717e-03
5.698446035385131836e-01
3.769646286964416504e-01
-7.871927693486213684e-03
4.692651033401489258e-01
4.632222056388854980e-01
-1.124691683799028397e-02
5.002672076225280762e-01
4.157338142395019531e-01
-1.593629270792007446e-02
5.293064117431640625e-01
3.930683135986328125e-01
-1.753254234790802002e-02
5.565606951713562012e-01
3.793308138847351074e-01
-1.860044151544570923e-02
