4.207443594932556152e-01
3.737405538558959961e-01
3.174786229465098586e-07
4.573153555393218994e-01
3.576858937740325928e-01
-1.085672993212938309e-03
4.794681072235107422e-01
3.359592258930206299e-01
-8.299679495394229889e-03
4.974556863307952881e-01
3.222472667694091797e-01
-1.825196482241153717e-02
5.172790288925170898e-01
3.136064708232879639e-01
-2.777778916060924530e-02
4.435356259346008301e-01
2.681797742843627930e-01
-1.141881584771908820e-04
4.782723784446716309e-01
2.427873462438583374e-01
-1.239198073744773865e-02
5.066155195236206055e-01
2.364268004894256592e-01
-2.364398539066314697e-02
5.281443595886230469e-01
2.364566177129745483e-01
-3.088059276342391968e-02
4.402414560317993164e-01
2.698203623294830322e-01
-7.832517847418785095e-03
4.799416363239288330e-01
2.362484335899353027e-01
-1.814066991209983826e-02
5.091317892074584961e-01
2.306950688362121582e-01
-2.608761936426162720e-02
5.312123894691467285e-01
2.316091358661651611e-01
-3.124653548002243042e-02
4.439852237701416016e-01
2.784580290317535400e-01
-1.664076000452041626e-02
4.810601472854614258e-01
2.445064038038253784e-01
-2.510885521769523621e-02
5.094101428985595703e-01
2.378997802734375000e-01
-2.807403728365898132e-02
5.306466221809387207e-01
2.381940186023712158e-01
-2.963176183402538300e-02
4.542519450187683105e-01
2.938953042030334473e-01
-2.618120983242988586e-02
4.827401041984558105e-01
2.683641314506530762e-01
-3.078393638134002686e-02
5.018326640129089355e-01
2.601265311241149902e-01
-2.993328683078289032e-02
5.169454216957092285e-01
2.578303515911102295e-01
-2.896601893007755280e-02
