4.446324110031127930e-01
3.819316029548645020e-01
2.631777817896363558e-07
4.747090637683868408e-01
3.832332789897918701e-01
-2.768582897260785103e-03
5.043802261352539062e-01
3.722520470619201660e-01
-1.350184902548789978e-03
5.307948589324951172e-01
3.650943636894226074e-01
-2.191984094679355621e-03
5.531513690948486328e-01
3.642183840274810791e-01
-2.396644558757543564e-03
4.921901822090148926e-01
3.168362975120544434e-01
2.528598718345165253e-02
5.127708911895751953e-01
3.039187490940093994e-01
2.345408871769905090e-02
5.329445004463195801e-01
2.987036406993865967e-01
1.703858003020286560e-02
5.488791465759277344e-01
2.966500818729400635e-01
1.272073574364185333e-02
4.884899854660034180e-01
3.048580288887023926e-01
2.229206450283527374e-02
5.108831524848937988e-01
2.828785181045532227e-01
2.173079364001750946e-02
5.314527153968811035e-01
2.725763916969299316e-01
1.554413512349128723e-02
5.501499176025390625e-01
2.658408284187316895e-01
1.107819192111492157e-02
4.832712709903717041e-01
2.932464182376861572e-01
1.608150824904441833e-02
5.047330856323242188e-01
2.669591307640075684e-01
1.261525508016347885e-02
5.257558226585388184e-01
2.567089796066284180e-01
7.734162267297506332e-03
5.442780852317810059e-01
2.524117827415466309e-01
5.382230971008539200e-03
4.777514636516571045e-01
2.816883325576782227e-01
8.683179505169391632e-03
4.982110559940338135e-01
2.578953504562377930e-01
6.284363102167844772e-03
5.165093541145324707e-01
2.486231327056884766e-01
5.479000508785247803e-03
5.343909263610839844e-01
2.462553530931472778e-01
5.498059093952178955e-03
