4.277047812938690186e-01
6.128391623497009277e-01
3.515852426971832756e-07
4.806358218193054199e-01
6.079371571540832520e-01
7.192582357674837112e-03
5.140184760093688965e-01
5.750783681869506836e-01
6.731670349836349487e-03
5.409979820251464844e-01
5.537257790565490723e-01
1.207980792969465256e-03
5.652067661285400391e-01
5.368701815605163574e-01
-3.676382359117269516e-03
4.676624238491058350e-01
4.602198600769042969e-01
1.607394404709339142e-02
5.069333314895629883e-01
4.101490378379821777e-01
5.973067600280046463e-03
5.460266470909118652e-01
3.947796821594238281e-01
-4.607372451573610306e-03
5.764551162719726562e-01
3.931212425231933594e-01
-1.114221848547458649e-02
4.606255888938903809e-01
4.548545479774475098e-01
3.730647265911102295e-03
5.071573257446289062e-01
3.939353227615356445e-01
-5.973746534436941147e-03
5.508475899696350098e-01
3.814937174320220947e-01
-1.420793216675519943e-02
5.839108228683471680e-01
3.847113251686096191e-01
-1.884604804217815399e-02
4.640012085437774658e-01
4.604628384113311768e-01
-1.011552568525075912e-02
5.094526410102844238e-01
3.993272185325622559e-01
-1.965412497520446777e-02
5.528700351715087891e-01
3.852994740009307861e-01
-2.558960020542144775e-02
5.849003791809082031e-01
3.873208463191986084e-01
-2.829821035265922546e-02
4.762952625751495361e-01
4.753976166248321533e-01
-2.419958449900150299e-02
5.135118961334228516e-01
4.291055798530578613e-01
-3.075567074120044708e-02
5.429720282554626465e-01
4.156240820884704590e-01
-3.207929432392120361e-02
5.664938688278198242e-01
4.139975011348724365e-01
-3.193885460495948792e-02
