3.970057070255279541e-01
6.117948293685913086e-01
3.471782576980331214e-07
4.615077376365661621e-01
5.724782943725585938e-01
1.943382248282432556e-02
4.921858012676239014e-01
5.224310755729675293e-01
1.821617782115936279e-02
5.164922475814819336e-01
4.939212799072265625e-01
9.819855913519859314e-03
5.426502227783203125e-01
4.730429351329803467e-01
7.485557580366730690e-04
4.512213766574859619e-01
4.270315170288085938e-01
4.871853161603212357e-03
5.063684582710266113e-01
3.785281181335449219e-01
-1.265695970505475998e-02
5.490698218345642090e-01
3.694310486316680908e-01
-2.724407240748405457e-02
5.819679498672485352e-01
3.676721751689910889e-01
-3.755101189017295837e-02
4.469831883907318115e-01
4.363983869552612305e-01
-1.767730154097080231e-02
5.119047760963439941e-01
3.771609663963317871e-01
-3.452097997069358826e-02
5.608177781105041504e-01
3.702121973037719727e-01
-4.565061256289482117e-02
5.969960689544677734e-01
3.713484108448028564e-01
-5.350774899125099182e-02
4.507000744342803955e-01
4.605154991149902344e-01
-3.961733356118202209e-02
5.100758075714111328e-01
4.057309627532958984e-01
-5.296062678098678589e-02
5.554471015930175781e-01
3.979477882385253906e-01
-5.668849498033523560e-02
5.888182520866394043e-01
3.956857919692993164e-01
-5.974807217717170715e-02
4.623661637306213379e-01
4.956586360931396484e-01
-6.046542152762413025e-02
5.041549801826477051e-01
4.544026553630828857e-01
-6.787674874067306519e-02
5.337085127830505371e-01
4.381834864616394043e-01
-6.678985804319381714e-02
5.579975247383117676e-01
4.281107187271118164e-01
-6.654217094182968140e-02
