4.402890205383300781e-01
3.731367290019989014e-01
2.706676127672835719e-07
4.679313302040100098e-01
3.673163056373596191e-01
-5.874444264918565750e-03
4.943663179874420166e-01
3.469072580337524414e-01
-8.044693619012832642e-03
5.189214348793029785e-01
3.332558274269104004e-01
-1.122618280351161957e-02
5.384402871131896973e-01
3.241953551769256592e-01
-1.333388220518827438e-02
4.688589572906494141e-01
2.803224027156829834e-01
9.992761537432670593e-03
4.880930483341217041e-01
2.505359649658203125e-01
3.754210891202092171e-03
5.070960521697998047e-01
2.349115759134292603e-01
-3.493951633572578430e-03
5.222951769828796387e-01
2.251307964324951172e-01
-7.958412170410156250e-03
4.620581269264221191e-01
2.740589678287506104e-01
7.876615971326828003e-03
4.851060807704925537e-01
2.425662577152252197e-01
2.613360993564128876e-03
5.055251121520996094e-01
2.269119918346405029e-01
-3.483298234641551971e-03
5.237855911254882812e-01
2.171076983213424683e-01
-7.146332412958145142e-03
4.584107995033264160e-01
2.723620533943176270e-01
3.399842884391546249e-03
4.813809692859649658e-01
2.404642552137374878e-01
-2.258077263832092285e-03
5.017193555831909180e-01
2.246151864528656006e-01
-5.378769244998693466e-03
5.193582177162170410e-01
2.165681719779968262e-01
-6.134733557701110840e-03
4.568771123886108398e-01
2.745170891284942627e-01
-2.363010309636592865e-03
4.772096276283264160e-01
2.462820708751678467e-01
-5.850717425346374512e-03
4.933035671710968018e-01
2.309806197881698608e-01
-6.031604018062353134e-03
5.076999664306640625e-01
2.220944464206695557e-01
-5.118785426020622253e-03
