4.122703969478607178e-01
6.318241953849792480e-01
3.097830756360053783e-07
4.798409640789031982e-01
6.061471700668334961e-01
1.595220714807510376e-02
5.164440274238586426e-01
5.657500624656677246e-01
1.472980529069900513e-02
5.458163619041442871e-01
5.447899699211120605e-01
5.942487157881259918e-03
5.738805532455444336e-01
5.295330882072448730e-01
-2.970501082018017769e-03
4.633056223392486572e-01
4.501272439956665039e-01
1.577955111861228943e-02
5.094768404960632324e-01
3.993310332298278809e-01
3.038809634745121002e-03
5.497468709945678711e-01
3.867720365524291992e-01
-9.042715653777122498e-03
5.818147063255310059e-01
3.850887715816497803e-01
-1.751130819320678711e-02
4.537104964256286621e-01
4.499892592430114746e-01
-5.029782187193632126e-03
5.118945240974426270e-01
3.857477009296417236e-01
-1.780617609620094299e-02
5.589748024940490723e-01
3.740645051002502441e-01
-2.714351005852222443e-02
5.946252346038818359e-01
3.759090602397918701e-01
-3.331099823117256165e-02
4.560573995113372803e-01
4.624296128749847412e-01
-2.656847052276134491e-02
5.122793912887573242e-01
4.004769921302795410e-01
-3.686999529600143433e-02
5.588630437850952148e-01
3.868162631988525391e-01
-4.142824187874794006e-02
5.935600399971008301e-01
3.877349197864532471e-01
-4.451254755258560181e-02
4.697858095169067383e-01
4.851812422275543213e-01
-4.797706380486488342e-02
5.106584429740905762e-01
4.350486397743225098e-01
-5.447115749120712280e-02
5.431901812553405762e-01
4.156605005264282227e-01
-5.498041957616806030e-02
5.706030130386352539e-01
4.088253378868103027e-01
-5.540495365858078003e-02
