4.384667575359344482e-01
3.922964334487915039e-01
2.828304559443495236e-07
4.693554043769836426e-01
3.897390663623809814e-01
-2.032983349636197090e-03
4.995835423469543457e-01
3.787339329719543457e-01
-4.733457230031490326e-03
5.265410542488098145e-01
3.754628896713256836e-01
-1.032574288547039032e-02
5.509317517280578613e-01
3.753157258033752441e-01
-1.546522974967956543e-02
4.835539758205413818e-01
3.120057582855224609e-01
1.728355884552001953e-02
5.060811638832092285e-01
2.871612906455993652e-01
1.188752893358469009e-02
5.273886919021606445e-01
2.754864096641540527e-01
3.875041613355278969e-03
5.452289581298828125e-01
2.696183323860168457e-01
-1.446845009922981262e-03
4.792550802230834961e-01
3.040168881416320801e-01
1.166916545480489731e-02
5.028915405273437500e-01
2.736286520957946777e-01
7.240060251206159592e-03
5.255900025367736816e-01
2.624171078205108643e-01
1.320693263551220298e-04
5.459401011466979980e-01
2.592180371284484863e-01
-4.652745556086301804e-03
4.755133688449859619e-01
2.984060049057006836e-01
3.489861963316798210e-03
4.989345371723175049e-01
2.656651735305786133e-01
-1.853718655183911324e-03
5.219481587409973145e-01
2.556444406509399414e-01
-6.576194427907466888e-03
5.421949028968811035e-01
2.551715970039367676e-01
-8.845345117151737213e-03
4.737052917480468750e-01
2.949817776679992676e-01
-5.813938565552234650e-03
4.956362843513488770e-01
2.688730955123901367e-01
-8.790823630988597870e-03
5.144649147987365723e-01
2.587166428565979004e-01
-9.320717304944992065e-03
5.316309928894042969e-01
2.559566795825958252e-01
-9.148692712187767029e-03
