4.345434308052062988e-01
3.661313354969024658e-01
3.079927637372747995e-07
4.693446755409240723e-01
3.604465723037719727e-01
-9.624139056541025639e-04
4.936167895793914795e-01
3.478011488914489746e-01
-6.990258581936359406e-03
5.150777101516723633e-01
3.456166982650756836e-01
-1.573691703379154205e-02
5.346647500991821289e-01
3.478160202503204346e-01
-2.388010360300540924e-02
4.609977602958679199e-01
2.695030272006988525e-01
1.971783814951777458e-03
4.968261718750000000e-01
2.490180581808090210e-01
-8.710981346666812897e-03
5.243718028068542480e-01
2.435952574014663696e-01
-1.876830309629440308e-02
5.448831915855407715e-01
2.442409098148345947e-01
-2.525921165943145752e-02
4.588233828544616699e-01
2.674833536148071289e-01
-4.948551300913095474e-03
4.974409937858581543e-01
2.407590746879577637e-01
-1.393611449748277664e-02
5.259664058685302734e-01
2.381688505411148071e-01
-2.073556184768676758e-02
5.476004481315612793e-01
2.421521246433258057e-01
-2.524258568882942200e-02
4.627693295478820801e-01
2.734742462635040283e-01
-1.314066722989082336e-02
4.999611377716064453e-01
2.448442876338958740e-01
-2.061839587986469269e-02
5.264136791229248047e-01
2.399232536554336548e-01
-2.377352304756641388e-02
5.463384985923767090e-01
2.416165173053741455e-01
-2.548079192638397217e-02
4.730541408061981201e-01
2.863245904445648193e-01
-2.212583273649215698e-02
5.022550821304321289e-01
2.663161754608154297e-01
-2.568680606782436371e-02
5.204375386238098145e-01
2.570022344589233398e-01
-2.532440796494483948e-02
5.352741479873657227e-01
2.527916729450225830e-01
-2.491282485425472260e-02
