4.216375946998596191e-01
3.762133121490478516e-01
2.902110622926556971e-07
4.598793685436248779e-01
3.592851161956787109e-01
2.217260334873571992e-04
4.809336066246032715e-01
3.357938826084136963e-01
-5.632471293210983276e-03
4.976915717124938965e-01
3.215636610984802246e-01
-1.433311123400926590e-02
5.168176293373107910e-01
3.139883577823638916e-01
-2.261156961321830750e-02
4.441321790218353271e-01
2.705515921115875244e-01
8.354229503311216831e-04
4.783862233161926270e-01
2.461254298686981201e-01
-1.086365245282649994e-02
5.058484077453613281e-01
2.394461035728454590e-01
-2.141290530562400818e-02
5.265865921974182129e-01
2.390134930610656738e-01
-2.828946895897388458e-02
4.409841597080230713e-01
2.725724279880523682e-01
-7.234817370772361755e-03
4.807198643684387207e-01
2.396705597639083862e-01
-1.745022460818290710e-02
5.090401768684387207e-01
2.338769733905792236e-01
-2.515526674687862396e-02
5.306687355041503906e-01
2.348040193319320679e-01
-3.009021468460559845e-02
4.446941018104553223e-01
2.814767658710479736e-01
-1.630106568336486816e-02
4.815028607845306396e-01
2.488823682069778442e-01
-2.481119707226753235e-02
5.090137124061584473e-01
2.415733337402343750e-01
-2.811673656105995178e-02
5.300142168998718262e-01
2.412201166152954102e-01
-2.984549291431903839e-02
4.547062814235687256e-01
2.968668639659881592e-01
-2.594264224171638489e-02
4.825854897499084473e-01
2.723283767700195312e-01
-3.065968118607997894e-02
5.014408230781555176e-01
2.631243765354156494e-01
-3.044603578746318817e-02
5.170839428901672363e-01
2.599599957466125488e-01
-3.000209853053092957e-02
