4.317052662372589111e-01
3.889217078685760498e-01
3.086523463480261853e-07
4.658381938934326172e-01
3.834409117698669434e-01
-9.695233893580734730e-05
4.952996373176574707e-01
3.700778484344482422e-01
-5.543755833059549332e-03
5.222471952438354492e-01
3.670819699764251709e-01
-1.433675084263086319e-02
5.483152866363525391e-01
3.699806928634643555e-01
-2.305254712700843811e-02
4.679250121116638184e-01
2.897494733333587646e-01
8.260791189968585968e-03
5.008462667465209961e-01
2.656264901161193848e-01
-1.127180410549044609e-03
5.289301872253417969e-01
2.605592608451843262e-01
-1.122457720339298248e-02
5.509662032127380371e-01
2.620397508144378662e-01
-1.783701963722705841e-02
4.628459513187408447e-01
2.835175693035125732e-01
3.742899280041456223e-04
5.007883906364440918e-01
2.538878023624420166e-01
-7.955483160912990570e-03
5.302763581275939941e-01
2.513098716735839844e-01
-1.543660275638103485e-02
5.524988174438476562e-01
2.566713392734527588e-01
-2.022977732121944427e-02
4.624741077423095703e-01
2.849967479705810547e-01
-9.208321571350097656e-03
4.999578893184661865e-01
2.525597810745239258e-01
-1.663984544575214386e-02
5.284278392791748047e-01
2.480884492397308350e-01
-2.057836018502712250e-02
5.500375628471374512e-01
2.527800500392913818e-01
-2.240136824548244476e-02
4.672364592552185059e-01
2.930904328823089600e-01
-1.960142143070697784e-02
4.973088800907135010e-01
2.665559053421020508e-01
-2.343823574483394623e-02
5.178850889205932617e-01
2.574990093708038330e-01
-2.321559004485607147e-02
5.343510508537292480e-01
2.560456991195678711e-01
-2.257852070033550262e-02
