3.988001346588134766e-01
6.241387128829956055e-01
3.534294705787033308e-07
4.714301526546478271e-01
5.935559272766113281e-01
1.951412856578826904e-02
5.058233141899108887e-01
5.456029772758483887e-01
1.895354315638542175e-02
5.348367094993591309e-01
5.171343088150024414e-01
1.016966346651315689e-02
5.669653415679931641e-01
4.970897436141967773e-01
1.178497332148253918e-03
4.559918642044067383e-01
4.447157979011535645e-01
1.480987668037414551e-02
5.054184198379516602e-01
3.925124406814575195e-01
4.161378456046804786e-05
5.475004911422729492e-01
3.737916648387908936e-01
-1.247283257544040680e-02
5.809518694877624512e-01
3.648991286754608154e-01
-2.127627469599246979e-02
4.481615424156188965e-01
4.469240605831146240e-01
-7.964857853949069977e-03
5.095762610435485840e-01
3.760769963264465332e-01
-2.523902617394924164e-02
5.593326091766357422e-01
3.640713691711425781e-01
-3.528144955635070801e-02
5.962210297584533691e-01
3.652182817459106445e-01
-4.070381075143814087e-02
4.514994919300079346e-01
4.635277688503265381e-01
-3.097729757428169250e-02
5.087686181068420410e-01
3.936623334884643555e-01
-4.490417987108230591e-02
5.572504997253417969e-01
3.812626600265502930e-01
-4.858757928013801575e-02
5.926581025123596191e-01
3.814785778522491455e-01
-5.011353269219398499e-02
4.654332101345062256e-01
4.910740554332733154e-01
-5.326234921813011169e-02
5.092691183090209961e-01
4.410517513751983643e-01
-6.133305281400680542e-02
5.434725284576416016e-01
4.234960675239562988e-01
-6.161674484610557556e-02
5.712888836860656738e-01
4.160846173763275146e-01
-6.164561957120895386e-02
