4.187608957290649414e-01
6.248895525932312012e-01
2.818426025896769715e-07
4.760055541992187500e-01
6.118786334991455078e-01
1.736459508538246155e-02
5.130154490470886230e-01
5.785230398178100586e-01
2.104774489998817444e-02
5.431807637214660645e-01
5.572885870933532715e-01
1.684684678912162781e-02
5.752943158149719238e-01
5.480555295944213867e-01
1.279424969106912613e-02
4.671665430068969727e-01
4.613665640354156494e-01
3.329686447978019714e-02
5.031015276908874512e-01
4.130677282810211182e-01
2.628434635698795319e-02
5.406218767166137695e-01
3.970256745815277100e-01
1.601392403244972229e-02
5.714966058731079102e-01
3.927268385887145996e-01
8.888982236385345459e-03
4.587504565715789795e-01
4.527572393417358398e-01
1.516554597765207291e-02
5.020231604576110840e-01
3.933172821998596191e-01
8.986838161945343018e-03
5.443547964096069336e-01
3.783063292503356934e-01
9.671935113146901131e-04
5.782968997955322266e-01
3.798216581344604492e-01
-4.793423693627119064e-03
4.589856863021850586e-01
4.547490775585174561e-01
-4.609457217156887054e-03
5.039934515953063965e-01
3.964595198631286621e-01
-1.084652263671159744e-02
5.464930534362792969e-01
3.820807337760925293e-01
-1.586409471929073334e-02
5.794306993484497070e-01
3.843562901020050049e-01
-1.922380924224853516e-02
4.689807593822479248e-01
4.647671282291412354e-01
-2.431815862655639648e-02
5.084692835807800293e-01
4.194369614124298096e-01
-2.799927815794944763e-02
5.407283902168273926e-01
4.032372832298278809e-01
-2.811858989298343658e-02
5.682243108749389648e-01
3.990237116813659668e-01
-2.815964631736278534e-02
