4.477716386318206787e-01
3.745167553424835205e-01
2.778956513793673366e-07
4.770134091377258301e-01
3.801904618740081787e-01
-9.502309374511241913e-03
5.070640444755554199e-01
3.735899627208709717e-01
-1.351301651448011398e-02
5.344241857528686523e-01
3.702072799205780029e-01
-1.813863962888717651e-02
5.584329366683959961e-01
3.746451437473297119e-01
-2.246743254363536835e-02
5.040012598037719727e-01
3.157261013984680176e-01
6.643725093454122543e-03
5.261475443840026855e-01
2.942991554737091064e-01
-1.609482569620013237e-03
5.459811687469482422e-01
2.829980850219726562e-01
-1.048689149320125580e-02
5.627814531326293945e-01
2.764785587787628174e-01
-1.634554192423820496e-02
4.983706474304199219e-01
3.047288060188293457e-01
5.362155847251415253e-03
5.218851566314697266e-01
2.818360924720764160e-01
-1.848296960815787315e-03
5.421046018600463867e-01
2.701383829116821289e-01
-9.921931661665439606e-03
5.612996220588684082e-01
2.632429599761962891e-01
-1.522907055914402008e-02
4.905706644058227539e-01
2.957320809364318848e-01
1.291549648158252239e-03
5.133077502250671387e-01
2.710601389408111572e-01
-6.851547863334417343e-03
5.332011580467224121e-01
2.604822814464569092e-01
-1.209095306694507599e-02
5.516821146011352539e-01
2.557302117347717285e-01
-1.456343010067939758e-02
4.801638126373291016e-01
2.884294688701629639e-01
-4.202580079436302185e-03
4.979009330272674561e-01
2.672289013862609863e-01
-1.011400297284126282e-02
5.131820440292358398e-01
2.579021751880645752e-01
-1.201499812304973602e-02
5.282506942749023438e-01
2.534416317939758301e-01
-1.265986170619726181e-02
