3.935194909572601318e-01
6.443147659301757812e-01
3.285442744527244940e-07
4.605553448200225830e-01
6.253964900970458984e-01
2.074087969958782196e-02
5.004947781562805176e-01
5.914850234985351562e-01
2.128856256604194641e-02
5.335474014282226562e-01
5.748863220214843750e-01
1.319754030555486679e-02
5.676451921463012695e-01
5.672385692596435547e-01
4.900834523141384125e-03
4.499770700931549072e-01
4.711614847183227539e-01
2.522893622517585754e-02
4.914022684097290039e-01
4.183899164199829102e-01
1.582863554358482361e-02
5.315226912498474121e-01
4.026901721954345703e-01
6.047861650586128235e-03
5.643112659454345703e-01
3.989363908767700195e-01
-8.826244156807661057e-04
4.412498772144317627e-01
4.682005345821380615e-01
3.069427562877535820e-03
4.943099021911621094e-01
4.015913307666778564e-01
-7.083115633577108383e-03
5.420237779617309570e-01
3.915851116180419922e-01
-1.411966886371374130e-02
5.787658691406250000e-01
3.986269831657409668e-01
-1.807990483939647675e-02
4.436155855655670166e-01
4.788612127304077148e-01
-1.971292495727539062e-02
4.958249628543853760e-01
4.139777421951293945e-01
-2.666075155138969421e-02
5.418914556503295898e-01
3.990208208560943604e-01
-2.844713442027568817e-02
5.767599940299987793e-01
3.995069265365600586e-01
-2.975368872284889221e-02
4.573826789855957031e-01
5.002144575119018555e-01
-4.220744967460632324e-02
4.964009523391723633e-01
4.516462087631225586e-01
-4.627969115972518921e-02
5.277549028396606445e-01
4.298231303691864014e-01
-4.551862180233001709e-02
5.546928644180297852e-01
4.197819828987121582e-01
-4.498347267508506775e-02
