4.404665827751159668e-01
3.907728791236877441e-01
3.144199069993192097e-07
4.696842432022094727e-01
3.875323832035064697e-01
-4.332866985350847244e-03
4.974046647548675537e-01
3.740467131137847900e-01
-1.071424968540668488e-02
5.233989953994750977e-01
3.705584406852722168e-01
-1.942704059183597565e-02
5.474795699119567871e-01
3.736438453197479248e-01
-2.780055440962314606e-02
4.673569202423095703e-01
2.988052070140838623e-01
4.492242354899644852e-03
4.966202378273010254e-01
2.713751196861267090e-01
-5.021128803491592407e-03
5.223476290702819824e-01
2.630895078182220459e-01
-1.464492268860340118e-02
5.428470969200134277e-01
2.626514434814453125e-01
-2.071345224976539612e-02
4.627308547496795654e-01
2.933471500873565674e-01
-6.687912973575294018e-04
4.961890876293182373e-01
2.617141902446746826e-01
-9.138895198702812195e-03
5.230641961097717285e-01
2.556231021881103516e-01
-1.665551774203777313e-02
5.439854860305786133e-01
2.583377361297607422e-01
-2.125697210431098938e-02
4.633405208587646484e-01
2.938335537910461426e-01
-7.613009773194789886e-03
4.959459900856018066e-01
2.602441906929016113e-01
-1.495219394564628601e-02
5.220482349395751953e-01
2.530786097049713135e-01
-1.926117949187755585e-02
5.424292683601379395e-01
2.554573416709899902e-01
-2.114554122090339661e-02
4.688279628753662109e-01
2.996226847171783447e-01
-1.567856967449188232e-02
4.947330057621002197e-01
2.723342776298522949e-01
-1.953591965138912201e-02
5.138594508171081543e-01
2.624453604221343994e-01
-1.975908875465393066e-02
5.297885537147521973e-01
2.602272927761077881e-01
-1.924448646605014801e-02
