4.199276864528656006e-01
3.966404199600219727e-01
2.621865178298321553e-07
4.547296166419982910e-01
3.880713582038879395e-01
-9.340440155938267708e-04
4.873604476451873779e-01
3.688642382621765137e-01
-4.343851935118436813e-03
5.153276324272155762e-01
3.624942302703857422e-01
-1.088764052838087082e-02
5.418859124183654785e-01
3.619579970836639404e-01
-1.768560521304607391e-02
4.707474112510681152e-01
3.020096421241760254e-01
1.202924083918333054e-02
4.979471564292907715e-01
2.716270089149475098e-01
4.616944119334220886e-03
5.211127400398254395e-01
2.603232860565185547e-01
-4.526774864643812180e-03
5.405428409576416016e-01
2.551568746566772461e-01
-1.090025063604116440e-02
4.645787775516510010e-01
2.950765192508697510e-01
4.569138865917921066e-03
4.932927191257476807e-01
2.595493793487548828e-01
-2.061017556115984917e-03
5.181913971900939941e-01
2.488893717527389526e-01
-1.061825547367334366e-02
5.392056703567504883e-01
2.480873167514801025e-01
-1.655116863548755646e-02
4.594277143478393555e-01
2.928958237171173096e-01
-4.888084717094898224e-03
4.851487576961517334e-01
2.546937763690948486e-01
-1.082471944391727448e-02
5.091981291770935059e-01
2.423444092273712158e-01
-1.603450626134872437e-02
5.302211046218872070e-01
2.398048639297485352e-01
-1.931852288544178009e-02
4.569288492202758789e-01
2.954356968402862549e-01
-1.535133086144924164e-02
4.767591059207916260e-01
2.632301747798919678e-01
-1.858853362500667572e-02
4.940254092216491699e-01
2.486221641302108765e-01
-1.943797059357166290e-02
5.099351406097412109e-01
2.428923547267913818e-01
-2.004048787057399750e-02
