4.518060684204101562e-01
5.806969404220581055e-01
8.259251416120605427e-08
4.622487127780914307e-01
5.463122725486755371e-01
-1.418083906173706055e-02
4.698618352413177490e-01
5.170274376869201660e-01
-3.012226335704326630e-02
4.873158335685729980e-01
5.039649605751037598e-01
-4.553632438182830811e-02
5.070838928222656250e-01
5.029045343399047852e-01
-6.002539396286010742e-02
4.159623980522155762e-01
4.786513149738311768e-01
-2.691594883799552917e-02
4.422227740287780762e-01
4.639144539833068848e-01
-4.875177890062332153e-02
4.610955417156219482e-01
4.737951159477233887e-01
-6.260171532630920410e-02
4.680435359477996826e-01
4.885857701301574707e-01
-7.084383815526962280e-02
4.088155627250671387e-01
5.132258534431457520e-01
-3.141811490058898926e-02
4.416646063327789307e-01
5.080053806304931641e-01
-5.082810670137405396e-02
4.654884040355682373e-01
5.131679177284240723e-01
-5.789625644683837891e-02
4.726790785789489746e-01
5.169932246208190918e-01
-6.207650154829025269e-02
4.130259752273559570e-01
5.511676073074340820e-01
-3.750256076455116272e-02
4.520492553710937500e-01
5.497176051139831543e-01
-5.309968814253807068e-02
4.696570634841918945e-01
5.507955551147460938e-01
-5.191490054130554199e-02
4.694575965404510498e-01
5.524150133132934570e-01
-4.999769106507301331e-02
4.251661300659179688e-01
5.848820805549621582e-01
-4.526818543672561646e-02
4.616323709487915039e-01
5.829116106033325195e-01
-5.392521619796752930e-02
4.741153120994567871e-01
5.778610110282897949e-01
-5.185917019844055176e-02
4.722724556922912598e-01
5.739775896072387695e-01
-4.961777478456497192e-02
