4.481976628303527832e-01
5.807279348373413086e-01
4.501009787105658688e-09
4.599385559558868408e-01
5.466521978378295898e-01
-1.282653864473104477e-02
4.690698981285095215e-01
5.180345773696899414e-01
-2.773235738277435303e-02
4.849981665611267090e-01
5.009607672691345215e-01
-4.229592531919479370e-02
5.028370618820190430e-01
4.930188655853271484e-01
-5.640950053930282593e-02
4.137691855430603027e-01
4.760511219501495361e-01
-2.495135180652141571e-02
4.446216821670532227e-01
4.659110903739929199e-01
-4.641620069742202759e-02
4.648912250995635986e-01
4.783629477024078369e-01
-6.022258847951889038e-02
4.721066355705261230e-01
4.910937249660491943e-01
-6.799564510583877563e-02
4.063952267169952393e-01
5.082108378410339355e-01
-2.975771762430667877e-02
4.420969486236572266e-01
5.024492144584655762e-01
-4.740208014845848083e-02
4.660566151142120361e-01
5.129110217094421387e-01
-5.353780090808868408e-02
4.728921055793762207e-01
5.197591185569763184e-01
-5.690755695104598999e-02
4.078270494937896729e-01
5.454162359237670898e-01
-3.615434467792510986e-02
4.443566501140594482e-01
5.448518395423889160e-01
-5.163221806287765503e-02
4.639432132244110107e-01
5.466845035552978516e-01
-5.219924822449684143e-02
4.666269421577453613e-01
5.473660826683044434e-01
-5.119620636105537415e-02
4.160291850566864014e-01
5.808568000793457031e-01
-4.374393448233604431e-02
4.468519389629364014e-01
5.805422067642211914e-01
-5.109988152980804443e-02
4.625946581363677979e-01
5.771174430847167969e-01
-4.843037948012351990e-02
4.660229086875915527e-01
5.734487175941467285e-01
-4.579142108559608459e-02
