4.500636160373687744e-01
8.218495845794677734e-01
-5.172229933236849320e-08
4.680998623371124268e-01
7.665591835975646973e-01
-4.622805491089820862e-02
4.853920638561248779e-01
7.145916223526000977e-01
-9.048368036746978760e-02
5.085300803184509277e-01
6.827249526977539062e-01
-1.316961348056793213e-01
5.277572870254516602e-01
6.800576448440551758e-01
-1.707669049501419067e-01
3.666582107543945312e-01
6.905589103698730469e-01
-9.037752449512481689e-02
4.038056135177612305e-01
6.588293313980102539e-01
-1.523580104112625122e-01
4.570139348506927490e-01
6.692225337028503418e-01
-1.861219853162765503e-01
4.829455316066741943e-01
6.892893314361572266e-01
-2.021946310997009277e-01
3.588182330131530762e-01
7.588372230529785156e-01
-9.305813908576965332e-02
4.110120534896850586e-01
7.265543937683105469e-01
-1.466657370328903198e-01
4.640865027904510498e-01
7.188369631767272949e-01
-1.578451395034790039e-01
4.819358885288238525e-01
7.258423566818237305e-01
-1.607262939214706421e-01
3.704694211483001709e-01
8.272492289543151855e-01
-1.005642712116241455e-01
4.276160895824432373e-01
7.993876934051513672e-01
-1.426597237586975098e-01
4.643266797065734863e-01
7.839400768280029297e-01
-1.365401893854141235e-01
4.695633649826049805e-01
7.854319810867309570e-01
-1.272979974746704102e-01
3.941216468811035156e-01
8.874770402908325195e-01
-1.129113063216209412e-01
4.363662898540496826e-01
8.707619309425354004e-01
-1.386200934648513794e-01
4.562206268310546875e-01
8.489408493041992188e-01
-1.365964710712432861e-01
4.546750187873840332e-01
8.380801081657409668e-01
-1.318193227052688599e-01
