4.187423288822174072e-01
8.333656191825866699e-01
7.313646221973613137e-08
4.405067861080169678e-01
7.531851530075073242e-01
-5.020790919661521912e-02
4.706458151340484619e-01
7.040367722511291504e-01
-9.735433012247085571e-02
5.047423243522644043e-01
6.846311688423156738e-01
-1.382157355546951294e-01
5.156823396682739258e-01
7.164760231971740723e-01
-1.761095672845840454e-01
3.655852377414703369e-01
6.851501464843750000e-01
-1.088227331638336182e-01
4.468027055263519287e-01
6.626306772232055664e-01
-1.623388081789016724e-01
4.731228053569793701e-01
6.802000403404235840e-01
-1.872095614671707153e-01
4.682992100715637207e-01
7.040905356407165527e-01
-2.004667073488235474e-01
3.646706342697143555e-01
7.540176510810852051e-01
-1.085249334573745728e-01
4.725705385208129883e-01
7.269455790519714355e-01
-1.517458409070968628e-01
4.834300577640533447e-01
7.359719872474670410e-01
-1.509708613157272339e-01
4.582344293594360352e-01
7.419844269752502441e-01
-1.503266543149948120e-01
3.814387619495391846e-01
8.216565847396850586e-01
-1.115882843732833862e-01
4.806732237339019775e-01
7.927291393280029297e-01
-1.426343470811843872e-01
4.753916859626770020e-01
7.925566434860229492e-01
-1.207641661167144775e-01
4.448302388191223145e-01
7.962613105773925781e-01
-1.043551564216613770e-01
4.041382372379302979e-01
8.809787631034851074e-01
-1.212754547595977783e-01
4.684669375419616699e-01
8.687499761581420898e-01
-1.471439152956008911e-01
4.578860700130462646e-01
8.577567934989929199e-01
-1.406820416450500488e-01
4.306522905826568604e-01
8.532336354255676270e-01
-1.324543058872222900e-01
