4.164372980594635010e-01
8.239130973815917969e-01
4.935964170726947486e-07
4.403402209281921387e-01
7.372352480888366699e-01
-2.147172391414642334e-02
4.666984975337982178e-01
6.826036572456359863e-01
-6.267367303371429443e-02
5.057864189147949219e-01
6.530588865280151367e-01
-1.025165691971778870e-01
5.426428318023681641e-01
6.279819607734680176e-01
-1.434308588504791260e-01
3.808033168315887451e-01
6.682704091072082520e-01
-1.184121519327163696e-01
3.935910761356353760e-01
6.145867705345153809e-01
-1.770886778831481934e-01
4.347050487995147705e-01
6.063873171806335449e-01
-2.050831764936447144e-01
4.639483392238616943e-01
6.110680699348449707e-01
-2.212319523096084595e-01
3.738063871860504150e-01
7.254046797752380371e-01
-1.377877891063690186e-01
4.057985246181488037e-01
6.749105453491210938e-01
-2.068914324045181274e-01
4.526136517524719238e-01
6.607679128646850586e-01
-2.324343919754028320e-01
4.821137189865112305e-01
6.574149727821350098e-01
-2.479958236217498779e-01
3.840804100036621094e-01
7.817827463150024414e-01
-1.547795832157135010e-01
4.330726563930511475e-01
7.488180398941040039e-01
-2.149116396903991699e-01
4.773695766925811768e-01
7.314195632934570312e-01
-2.302547395229339600e-01
5.024076700210571289e-01
7.249693274497985840e-01
-2.370465397834777832e-01
4.055784046649932861e-01
8.336340785026550293e-01
-1.714013218879699707e-01
4.437943994998931885e-01
8.136185407638549805e-01
-2.158045619726181030e-01
4.750855267047882080e-01
7.940536141395568848e-01
-2.285826057195663452e-01
4.951308667659759521e-01
7.817906737327575684e-01
-2.363673746585845947e-01
