3.991693556308746338e-01
8.329215049743652344e-01
1.121148542893024569e-07
4.142478108406066895e-01
7.562631368637084961e-01
-3.505447134375572205e-02
4.486556351184844971e-01
7.051703929901123047e-01
-7.209734618663787842e-02
4.896042048931121826e-01
6.833069324493408203e-01
-1.048803701996803284e-01
5.039124488830566406e-01
7.110335826873779297e-01
-1.351235359907150269e-01
3.621340394020080566e-01
6.781293153762817383e-01
-8.900661766529083252e-02
4.559877514839172363e-01
6.594080924987792969e-01
-1.304929554462432861e-01
4.706842303276062012e-01
6.871553063392639160e-01
-1.490748077630996704e-01
4.549526870250701904e-01
7.139942049980163574e-01
-1.599578708410263062e-01
3.616508841514587402e-01
7.533194422721862793e-01
-9.309672564268112183e-02
4.725790619850158691e-01
7.313710451126098633e-01
-1.277332603931427002e-01
4.687095880508422852e-01
7.483413815498352051e-01
-1.273556798696517944e-01
4.433963894844055176e-01
7.551463246345520020e-01
-1.296754926443099976e-01
3.764824867248535156e-01
8.235925436019897461e-01
-9.876234084367752075e-02
4.799727201461791992e-01
7.948863506317138672e-01
-1.215982884168624878e-01
4.629439115524291992e-01
8.027430772781372070e-01
-1.031434834003448486e-01
4.325950145721435547e-01
8.061276078224182129e-01
-9.209090471267700195e-02
3.956191539764404297e-01
8.821015357971191406e-01
-1.094834059476852417e-01
4.676991701126098633e-01
8.596275448799133301e-01
-1.293796151876449585e-01
4.482540786266326904e-01
8.560128808021545410e-01
-1.237233057618141174e-01
4.179171621799468994e-01
8.574256300926208496e-01
-1.186997070908546448e-01
