4.011889398097991943e-01
8.442569375038146973e-01
1.789682642083789688e-07
4.188264310359954834e-01
7.684404850006103516e-01
-3.375790640711784363e-02
4.534138739109039307e-01
7.078472971916198730e-01
-6.986416131258010864e-02
4.985964894294738770e-01
6.828081607818603516e-01
-1.014185026288032532e-01
5.091933012008666992e-01
7.139387726783752441e-01
-1.293761581182479858e-01
3.662944436073303223e-01
6.831432580947875977e-01
-8.960396051406860352e-02
4.602076411247253418e-01
6.582521200180053711e-01
-1.303383857011795044e-01
4.770734012126922607e-01
6.920592188835144043e-01
-1.473779678344726562e-01
4.670615792274475098e-01
7.221721410751342773e-01
-1.568109244108200073e-01
3.658987283706665039e-01
7.546034455299377441e-01
-9.289320558309555054e-02
4.738550782203674316e-01
7.282776236534118652e-01
-1.290265023708343506e-01
4.724851846694946289e-01
7.445123791694641113e-01
-1.300449073314666748e-01
4.556769132614135742e-01
7.502825260162353516e-01
-1.322001963853836060e-01
3.814720213413238525e-01
8.177906274795532227e-01
-9.710229933261871338e-02
4.884928166866302490e-01
7.832272648811340332e-01
-1.179512292146682739e-01
4.719550609588623047e-01
7.940003871917724609e-01
-9.939675033092498779e-02
4.446973800659179688e-01
7.984344959259033203e-01
-8.818244934082031250e-02
4.022770226001739502e-01
8.693499565124511719e-01
-1.062084734439849854e-01
4.867238402366638184e-01
8.315849900245666504e-01
-1.210399419069290161e-01
4.706706404685974121e-01
8.312463164329528809e-01
-1.130178719758987427e-01
4.432480335235595703e-01
8.333902359008789062e-01
-1.069877818226814270e-01
