4.462383389472961426e-01
5.780649185180664062e-01
1.422073978574189823e-07
4.593610763549804688e-01
5.375635027885437012e-01
-1.352109201252460480e-02
4.666711688041687012e-01
4.981044232845306396e-01
-3.009586967527866364e-02
4.842059314250946045e-01
4.758214056491851807e-01
-4.783362895250320435e-02
5.015266537666320801e-01
4.640489816665649414e-01
-6.571961194276809692e-02
4.205127656459808350e-01
4.858128130435943604e-01
-3.013390675187110901e-02
3.958417475223541260e-01
4.528982341289520264e-01
-5.704919993877410889e-02
4.196936190128326416e-01
4.505289196968078613e-01
-7.347865402698516846e-02
4.414620101451873779e-01
4.567912817001342773e-01
-8.174403756856918335e-02
4.121247828006744385e-01
5.100260376930236816e-01
-3.689350187778472900e-02
3.866424560546875000e-01
4.771369993686676025e-01
-6.297397613525390625e-02
4.149926304817199707e-01
4.693022668361663818e-01
-7.454353570938110352e-02
4.379843473434448242e-01
4.710675477981567383e-01
-7.966882735490798950e-02
4.095777869224548340e-01
5.401448011398315430e-01
-4.555490612983703613e-02
3.918929696083068848e-01
5.151500105857849121e-01
-7.087903469800949097e-02
4.229470193386077881e-01
5.079002976417541504e-01
-7.725803554058074951e-02
4.455252289772033691e-01
5.087032318115234375e-01
-7.804463058710098267e-02
4.146789908409118652e-01
5.726394653320312500e-01
-5.500331893563270569e-02
4.135861396789550781e-01
5.582705736160278320e-01
-7.532925903797149658e-02
4.406054019927978516e-01
5.472542643547058105e-01
-8.004587143659591675e-02
4.634701907634735107e-01
5.435101389884948730e-01
-8.110501617193222046e-02
