4.050709605216979980e-01
8.041486740112304688e-01
4.525777228536753682e-07
4.286110103130340576e-01
7.244126796722412109e-01
-2.538782358169555664e-02
4.542224705219268799e-01
6.653911471366882324e-01
-5.833656713366508484e-02
4.918128252029418945e-01
6.211639046669006348e-01
-8.837115764617919922e-02
5.272276997566223145e-01
5.794525742530822754e-01
-1.200363487005233765e-01
3.715403974056243896e-01
6.474898457527160645e-01
-9.560066461563110352e-02
4.490825533866882324e-01
6.283424496650695801e-01
-1.401496976613998413e-01
4.796685576438903809e-01
6.378884315490722656e-01
-1.637333631515502930e-01
4.942099452018737793e-01
6.445809602737426758e-01
-1.786190420389175415e-01
3.641602396965026855e-01
7.081249356269836426e-01
-1.057268306612968445e-01
4.447935819625854492e-01
6.885798573493957520e-01
-1.477416306734085083e-01
4.702892303466796875e-01
6.821842789649963379e-01
-1.619500666856765747e-01
4.888186156749725342e-01
6.822583675384521484e-01
-1.742019355297088623e-01
3.747857511043548584e-01
7.691734433174133301e-01
-1.152829825878143311e-01
4.453527331352233887e-01
7.518339753150939941e-01
-1.568979769945144653e-01
4.833623468875885010e-01
7.423135638236999512e-01
-1.627087444067001343e-01
5.129423141479492188e-01
7.331739664077758789e-01
-1.655356585979461670e-01
3.944157063961029053e-01
8.226189613342285156e-01
-1.257108300924301147e-01
4.468258023262023926e-01
8.176898360252380371e-01
-1.586259752511978149e-01
4.807589054107666016e-01
8.073647618293762207e-01
-1.645685881376266479e-01
5.078658461570739746e-01
7.954288721084594727e-01
-1.674898266792297363e-01
