4.556712508201599121e-01
5.839144587516784668e-01
-1.476027033930904508e-08
4.705555140972137451e-01
5.516600012779235840e-01
-1.725345663726329803e-02
4.807713031768798828e-01
5.208806991577148438e-01
-3.313818201422691345e-02
4.900879263877868652e-01
5.010027885437011719e-01
-4.733400419354438782e-02
4.921231269836425781e-01
5.019608139991760254e-01
-5.948626995086669922e-02
4.206646978855133057e-01
4.675393700599670410e-01
-2.482250891625881195e-02
4.540760815143585205e-01
4.623305201530456543e-01
-4.599356651306152344e-02
4.711968302726745605e-01
4.827773272991180420e-01
-5.885588005185127258e-02
4.729169607162475586e-01
4.996688365936279297e-01
-6.630218029022216797e-02
4.095575809478759766e-01
4.941824972629547119e-01
-2.695877663791179657e-02
4.482317566871643066e-01
4.912567734718322754e-01
-4.524604231119155884e-02
4.708016216754913330e-01
5.105227828025817871e-01
-5.096929147839546204e-02
4.740246832370758057e-01
5.204771757125854492e-01
-5.381197482347488403e-02
4.084792733192443848e-01
5.270279645919799805e-01
-3.120300360023975372e-02
4.525366127490997314e-01
5.254794359207153320e-01
-4.717138409614562988e-02
4.710835516452789307e-01
5.377529263496398926e-01
-4.625888541340827942e-02
4.701556861400604248e-01
5.434052348136901855e-01
-4.411081224679946899e-02
4.158893525600433350e-01
5.607480406761169434e-01
-3.722230345010757446e-02
4.552175700664520264e-01
5.584270954132080078e-01
-4.605577886104583740e-02
4.705380797386169434e-01
5.624737739562988281e-01
-4.458596557378768921e-02
4.704364836215972900e-01
5.630207657814025879e-01
-4.245957359671592712e-02
