4.270196557044982910e-01
8.314401507377624512e-01
-8.198417589255768689e-08
4.449288845062255859e-01
7.630953192710876465e-01
-4.500992223620414734e-02
4.682829976081848145e-01
7.073948979377746582e-01
-8.600337803363800049e-02
4.977335333824157715e-01
6.777690052986145020e-01
-1.226671040058135986e-01
5.155740976333618164e-01
7.027104496955871582e-01
-1.542528867721557617e-01
3.644663691520690918e-01
6.834386587142944336e-01
-8.989822864532470703e-02
4.234404265880584717e-01
6.609268784523010254e-01
-1.442138552665710449e-01
4.618413150310516357e-01
6.799081563949584961e-01
-1.688476651906967163e-01
4.713686704635620117e-01
7.069206237792968750e-01
-1.807164549827575684e-01
3.550507724285125732e-01
7.503635883331298828e-01
-9.112391620874404907e-02
4.529300630092620850e-01
7.354142069816589355e-01
-1.359861791133880615e-01
4.794290661811828613e-01
7.381422519683837891e-01
-1.363547146320343018e-01
4.621526002883911133e-01
7.419381141662597656e-01
-1.344710737466812134e-01
3.681117594242095947e-01
8.179215192794799805e-01
-9.693616628646850586e-02
4.671266376972198486e-01
7.979604005813598633e-01
-1.295700818300247192e-01
4.760544300079345703e-01
7.945474982261657715e-01
-1.093213111162185669e-01
4.482135474681854248e-01
7.970207333564758301e-01
-9.299650043249130249e-02
3.909354209899902344e-01
8.773796558380126953e-01
-1.092386767268180847e-01
4.672267735004425049e-01
8.621843457221984863e-01
-1.348037868738174438e-01
4.720531702041625977e-01
8.504250645637512207e-01
-1.292740255594253540e-01
4.489126503467559814e-01
8.469495177268981934e-01
-1.212002187967300415e-01
