4.262915253639221191e-01
7.966562509536743164e-01
5.824066420245799236e-07
4.485352039337158203e-01
7.247945070266723633e-01
-3.188393265008926392e-02
4.701885282993316650e-01
6.751238107681274414e-01
-7.472606003284454346e-02
5.077570676803588867e-01
6.447774171829223633e-01
-1.152534559369087219e-01
5.437424778938293457e-01
6.149067878723144531e-01
-1.574484705924987793e-01
3.898812830448150635e-01
6.616787910461425781e-01
-1.157307028770446777e-01
3.833110332489013672e-01
6.117838621139526367e-01
-1.797350347042083740e-01
4.249773919582366943e-01
6.017405390739440918e-01
-2.169535607099533081e-01
4.632821083068847656e-01
6.021800041198730469e-01
-2.385118752717971802e-01
3.830940723419189453e-01
7.159429788589477539e-01
-1.303946226835250854e-01
3.918684720993041992e-01
6.710747480392456055e-01
-2.013098746538162231e-01
4.384036660194396973e-01
6.542898416519165039e-01
-2.318784743547439575e-01
4.761899709701538086e-01
6.444305777549743652e-01
-2.498302906751632690e-01
3.914859890937805176e-01
7.714883089065551758e-01
-1.448523253202438354e-01
4.279176592826843262e-01
7.457468509674072266e-01
-2.066467851400375366e-01
4.734095633029937744e-01
7.275311350822448730e-01
-2.259178906679153442e-01
5.068060159683227539e-01
7.166482806205749512e-01
-2.340065985918045044e-01
4.115828871726989746e-01
8.243085145950317383e-01
-1.601444482803344727e-01
4.423992931842803955e-01
8.160205483436584473e-01
-2.053051888942718506e-01
4.759427011013031006e-01
8.007758855819702148e-01
-2.193607985973358154e-01
5.018855333328247070e-01
7.898957729339599609e-01
-2.271459698677062988e-01
