4.415122866630554199e-01
5.672209262847900391e-01
1.222837795467057731e-07
4.543727934360504150e-01
5.412227511405944824e-01
-1.571232825517654419e-02
4.631191492080688477e-01
5.147440433502197266e-01
-3.223251551389694214e-02
4.821076393127441406e-01
5.058413147926330566e-01
-4.922333359718322754e-02
5.060214996337890625e-01
5.066893696784973145e-01
-6.502646952867507935e-02
4.163993000984191895e-01
4.811826944351196289e-01
-2.590179443359375000e-02
4.091869294643402100e-01
4.595919251441955566e-01
-5.282821506261825562e-02
4.337128698825836182e-01
4.652068018913269043e-01
-6.865391880273818970e-02
4.534077942371368408e-01
4.748689532279968262e-01
-7.612942159175872803e-02
4.017466902732849121e-01
5.049796700477600098e-01
-3.039877302944660187e-02
4.057446718215942383e-01
4.924644827842712402e-01
-5.582084134221076965e-02
4.350568056106567383e-01
4.922842681407928467e-01
-6.411141902208328247e-02
4.534593522548675537e-01
4.918086230754852295e-01
-6.636837869882583618e-02
3.970348834991455078e-01
5.362814664840698242e-01
-3.777140006422996521e-02
4.162754416465759277e-01
5.271869897842407227e-01
-6.274786591529846191e-02
4.476027488708496094e-01
5.286415219306945801e-01
-6.518049538135528564e-02
4.647704660892486572e-01
5.278173685073852539e-01
-6.217807158827781677e-02
4.020667374134063721e-01
5.677514076232910156e-01
-4.661281034350395203e-02
4.238362312316894531e-01
5.643534660339355469e-01
-6.461322307586669922e-02
4.493130743503570557e-01
5.586277842521667480e-01
-6.672982871532440186e-02
4.657106101512908936e-01
5.514981150627136230e-01
-6.510883569717407227e-02
