4.516209065914154053e-01
5.658996105194091797e-01
1.558995279538066825e-07
4.650240540504455566e-01
5.266203284263610840e-01
-6.923276465386152267e-03
4.738483130931854248e-01
4.930767714977264404e-01
-1.933754049241542816e-02
4.895085692405700684e-01
4.732977449893951416e-01
-3.306432440876960754e-02
5.081671476364135742e-01
4.606057107448577881e-01
-4.694132506847381592e-02
4.160346388816833496e-01
4.665024578571319580e-01
-1.905844546854496002e-02
4.245189428329467773e-01
4.499509036540985107e-01
-3.890112787485122681e-02
4.448776245117187500e-01
4.491345882415771484e-01
-5.255088955163955688e-02
4.604076445102691650e-01
4.525514245033264160e-01
-6.073184683918952942e-02
4.077574610710144043e-01
4.883991181850433350e-01
-2.585750259459018707e-02
4.271037876605987549e-01
4.698008000850677490e-01
-4.378721117973327637e-02
4.514090716838836670e-01
4.673808813095092773e-01
-5.163310468196868896e-02
4.677279889583587646e-01
4.704580605030059814e-01
-5.622087791562080383e-02
4.088284671306610107e-01
5.158212780952453613e-01
-3.390205278992652893e-02
4.348311722278594971e-01
5.006208419799804688e-01
-5.177891626954078674e-02
4.579636454582214355e-01
5.009289979934692383e-01
-5.478612706065177917e-02
4.719241857528686523e-01
5.047094225883483887e-01
-5.466165766119956970e-02
4.177483022212982178e-01
5.440567731857299805e-01
-4.256737977266311646e-02
4.422333836555480957e-01
5.311754941940307617e-01
-5.537803843617439270e-02
4.603149592876434326e-01
5.279138088226318359e-01
-5.692502856254577637e-02
4.723984003067016602e-01
5.271819233894348145e-01
-5.636333674192428589e-02
