4.483028054237365723e-01
5.612901449203491211e-01
4.650624774171774334e-08
4.573915004730224609e-01
5.275617837905883789e-01
-1.119332108646631241e-02
4.658290743827819824e-01
4.980277121067047119e-01
-2.702453732490539551e-02
4.832488596439361572e-01
4.795262515544891357e-01
-4.356427490711212158e-02
5.030122995376586914e-01
4.700821936130523682e-01
-5.985169485211372375e-02
4.098197221755981445e-01
4.664792716503143311e-01
-2.518665604293346405e-02
4.294563233852386475e-01
4.510791301727294922e-01
-4.905640333890914917e-02
4.517650306224822998e-01
4.553515911102294922e-01
-6.482952088117599487e-02
4.655881524085998535e-01
4.643584489822387695e-01
-7.322451472282409668e-02
4.037964940071105957e-01
4.975204467773437500e-01
-3.118516504764556885e-02
4.355347752571105957e-01
4.877211451530456543e-01
-5.285707861185073853e-02
4.630079269409179688e-01
4.918746948242187500e-01
-6.067949533462524414e-02
4.753064513206481934e-01
4.976064264774322510e-01
-6.414097547531127930e-02
4.073776602745056152e-01
5.322172045707702637e-01
-3.873036429286003113e-02
4.385476112365722656e-01
5.231755971908569336e-01
-5.663541331887245178e-02
4.612625241279602051e-01
5.225771069526672363e-01
-5.724461749196052551e-02
4.692310988903045654e-01
5.255081653594970703e-01
-5.524001270532608032e-02
4.181231260299682617e-01
5.635110735893249512e-01
-4.743421077728271484e-02
4.446894526481628418e-01
5.553089380264282227e-01
-5.613353475928306580e-02
4.601374864578247070e-01
5.510038733482360840e-01
-5.394313856959342957e-02
4.649973511695861816e-01
5.500888824462890625e-01
-5.104713514447212219e-02
