4.217047095298767090e-01
7.727432847023010254e-01
4.471032184483192395e-07
4.377287626266479492e-01
7.088322639465332031e-01
-3.071435168385505676e-02
4.630807936191558838e-01
6.647055149078369141e-01
-6.848943233489990234e-02
5.049660801887512207e-01
6.374387741088867188e-01
-1.039342880249023438e-01
5.449955463409423828e-01
6.123499274253845215e-01
-1.407576948404312134e-01
3.789378404617309570e-01
6.397516727447509766e-01
-9.429593384265899658e-02
4.121981561183929443e-01
6.102843284606933594e-01
-1.470133066177368164e-01
4.421434700489044189e-01
6.071679592132568359e-01
-1.793288737535476685e-01
4.631379246711730957e-01
6.064926385879516602e-01
-1.988126635551452637e-01
3.762927353382110596e-01
6.982424259185791016e-01
-1.051787286996841431e-01
4.314211606979370117e-01
6.701787114143371582e-01
-1.576492041349411011e-01
4.634855687618255615e-01
6.622062921524047852e-01
-1.771376729011535645e-01
4.849623739719390869e-01
6.562347412109375000e-01
-1.898802220821380615e-01
3.877237737178802490e-01
7.594298124313354492e-01
-1.168475300073623657e-01
4.484398961067199707e-01
7.395517826080322266e-01
-1.633948832750320435e-01
4.808473885059356689e-01
7.282116413116455078e-01
-1.698582470417022705e-01
5.014470219612121582e-01
7.202597856521606445e-01
-1.711352169513702393e-01
4.069913029670715332e-01
8.141996860504150391e-01
-1.304825991392135620e-01
4.515419304370880127e-01
8.065760135650634766e-01
-1.644999831914901733e-01
4.779505431652069092e-01
7.948684096336364746e-01
-1.682460606098175049e-01
4.960949122905731201e-01
7.842586040496826172e-01
-1.686321347951889038e-01
