4.478434026241302490e-01
5.610274672508239746e-01
6.862564738696619315e-09
4.616449475288391113e-01
5.254892706871032715e-01
-1.620819047093391418e-02
4.738250970840454102e-01
5.000357627868652344e-01
-3.247627988457679749e-02
4.863328933715820312e-01
4.831195175647735596e-01
-4.720691591501235962e-02
4.873923063278198242e-01
4.850932955741882324e-01
-6.060303747653961182e-02
4.099484682083129883e-01
4.538592398166656494e-01
-2.967610582709312439e-02
4.514540731906890869e-01
4.501478075981140137e-01
-5.169394612312316895e-02
4.721335768699645996e-01
4.682062566280364990e-01
-6.556010991334915161e-02
4.770198166370391846e-01
4.823675155639648438e-01
-7.360657304525375366e-02
4.024712145328521729e-01
4.874746799468994141e-01
-3.242290765047073364e-02
4.520999193191528320e-01
4.878368079662322998e-01
-5.105628818273544312e-02
4.738895595073699951e-01
5.028653144836425781e-01
-5.737507715821266174e-02
4.775896370410919189e-01
5.091948509216308594e-01
-6.146060302853584290e-02
4.044462740421295166e-01
5.259220600128173828e-01
-3.678698092699050903e-02
4.529744386672973633e-01
5.268755555152893066e-01
-5.200213938951492310e-02
4.659164845943450928e-01
5.339643359184265137e-01
-5.204465985298156738e-02
4.616234898567199707e-01
5.358068943023681641e-01
-5.128414556384086609e-02
4.136263728141784668e-01
5.617927312850952148e-01
-4.275210946798324585e-02
4.523987472057342529e-01
5.625523328781127930e-01
-5.102383345365524292e-02
4.615749716758728027e-01
5.627593994140625000e-01
-4.982094466686248779e-02
4.569717347621917725e-01
5.618080496788024902e-01
-4.826338961720466614e-02
