4.474407732486724854e-01
5.846644639968872070e-01
2.167741399716760498e-07
4.640648961067199707e-01
5.509611368179321289e-01
-1.634340547025203705e-02
4.750728011131286621e-01
5.234235525131225586e-01
-3.557503968477249146e-02
4.962019324302673340e-01
5.113016963005065918e-01
-5.641534924507141113e-02
5.190447568893432617e-01
5.051795244216918945e-01
-7.773856818675994873e-02
4.296623468399047852e-01
5.065994262695312500e-01
-3.664714843034744263e-02
4.112516939640045166e-01
4.613993167877197266e-01
-6.932493299245834351e-02
4.366623759269714355e-01
4.616698622703552246e-01
-8.863462507724761963e-02
4.622068107128143311e-01
4.676355123519897461e-01
-9.831510484218597412e-02
4.170594811439514160e-01
5.373228192329406738e-01
-4.468515515327453613e-02
3.974097073078155518e-01
5.085713267326354980e-01
-7.927367091178894043e-02
4.313773512840270996e-01
5.097612738609313965e-01
-9.389894455671310425e-02
4.582188129425048828e-01
5.119286179542541504e-01
-9.951893240213394165e-02
4.135704934597015381e-01
5.735704302787780762e-01
-5.495179072022438049e-02
3.988515138626098633e-01
5.615538954734802246e-01
-8.708745986223220825e-02
4.325331747531890869e-01
5.627173185348510742e-01
-9.632988274097442627e-02
4.579331874847412109e-01
5.622759461402893066e-01
-9.760906547307968140e-02
4.196873903274536133e-01
6.094756126403808594e-01
-6.610805541276931763e-02
4.253985881805419922e-01
6.190557479858398438e-01
-8.976975828409194946e-02
4.517490565776824951e-01
6.166925430297851562e-01
-9.682215005159378052e-02
4.720972478389739990e-01
6.109316945075988770e-01
-9.931294620037078857e-02
