4.497646987438201904e-01
5.710415840148925781e-01
1.292516458306636196e-07
4.649743139743804932e-01
5.318235754966735840e-01
-6.780008785426616669e-03
4.743703603744506836e-01
4.961304366588592529e-01
-1.857392862439155579e-02
4.901077747344970703e-01
4.744316637516021729e-01
-3.206159174442291260e-02
5.086144804954528809e-01
4.602907896041870117e-01
-4.538606479763984680e-02
4.168384373188018799e-01
4.691802859306335449e-01
-1.449094247072935104e-02
4.212682843208312988e-01
4.482187330722808838e-01
-3.431490063667297363e-02
4.433067739009857178e-01
4.472077190876007080e-01
-4.806219413876533508e-02
4.601972997188568115e-01
4.523699581623077393e-01
-5.587256327271461487e-02
4.076101183891296387e-01
4.880093634128570557e-01
-2.142158895730972290e-02
4.187194406986236572e-01
4.613998830318450928e-01
-4.016358777880668640e-02
4.460312724113464355e-01
4.578804373741149902e-01
-4.869021475315093994e-02
4.649752378463745117e-01
4.628282785415649414e-01
-5.241761356592178345e-02
4.070555865764617920e-01
5.123641490936279297e-01
-2.984617464244365692e-02
4.265339970588684082e-01
4.906201958656311035e-01
-4.793602228164672852e-02
4.546051919460296631e-01
4.892123937606811523e-01
-5.085832625627517700e-02
4.721455276012420654e-01
4.935126006603240967e-01
-4.963932186365127563e-02
4.152388274669647217e-01
5.383809208869934082e-01
-3.895431756973266602e-02
4.384526610374450684e-01
5.244015455245971680e-01
-5.130845308303833008e-02
4.582885205745697021e-01
5.223723053932189941e-01
-5.247877910733222961e-02
4.713821411132812500e-01
5.238853096961975098e-01
-5.106489360332489014e-02
