4.553149044513702393e-01
5.882681012153625488e-01
-1.203745512157183839e-07
4.720874428749084473e-01
5.532658696174621582e-01
-9.567517787218093872e-03
4.793457090854644775e-01
5.205892324447631836e-01
-2.160346321761608124e-02
4.837785363197326660e-01
4.970725774765014648e-01
-3.324550390243530273e-02
4.856884777545928955e-01
4.986979365348815918e-01
-4.353526607155799866e-02
4.164879024028778076e-01
4.605831801891326904e-01
-1.800671964883804321e-02
4.560171365737915039e-01
4.551869928836822510e-01
-3.567083925008773804e-02
4.720147252082824707e-01
4.813326895236968994e-01
-4.824024066329002380e-02
4.718964099884033203e-01
5.017463564872741699e-01
-5.670510977506637573e-02
4.061741530895233154e-01
4.822092354297637939e-01
-2.351206541061401367e-02
4.483714699745178223e-01
4.729748964309692383e-01
-3.713000938296318054e-02
4.671621024608612061e-01
4.963593184947967529e-01
-4.293204098939895630e-02
4.681327342987060547e-01
5.119872689247131348e-01
-4.753435030579566956e-02
4.045225083827972412e-01
5.129410028457641602e-01
-3.019523248076438904e-02
4.430086016654968262e-01
5.025475621223449707e-01
-4.387247934937477112e-02
4.594901204109191895e-01
5.187499523162841797e-01
-4.537394642829895020e-02
4.594531953334808350e-01
5.317105650901794434e-01
-4.622379690408706665e-02
4.105398058891296387e-01
5.487701296806335449e-01
-3.778081759810447693e-02
4.395826458930969238e-01
5.425531268119812012e-01
-4.837324842810630798e-02
4.582204222679138184e-01
5.435773134231567383e-01
-4.917524755001068115e-02
4.671882092952728271e-01
5.441204309463500977e-01
-4.890421777963638306e-02
