4.572694301605224609e-01
5.678663849830627441e-01
7.893252984558785101e-08
4.683386981487274170e-01
5.397810339927673340e-01
-1.684495992958545685e-02
4.771797060966491699e-01
5.128957033157348633e-01
-3.618532791733741760e-02
4.957755208015441895e-01
5.065843462944030762e-01
-5.676766112446784973e-02
5.190790295600891113e-01
5.047173500061035156e-01
-7.634771615266799927e-02
4.287316203117370605e-01
4.887306988239288330e-01
-3.025466576218605042e-02
4.115117192268371582e-01
4.591627717018127441e-01
-6.111881881952285767e-02
4.420103132724761963e-01
4.639847874641418457e-01
-7.962295413017272949e-02
4.665471911430358887e-01
4.732878506183624268e-01
-8.891621977090835571e-02
4.180092811584472656e-01
5.243657827377319336e-01
-3.669474273920059204e-02
4.160825014114379883e-01
5.105203390121459961e-01
-7.075162231922149658e-02
4.641163051128387451e-01
5.133024454116821289e-01
-8.263995498418807983e-02
4.915502965450286865e-01
5.147537589073181152e-01
-8.601547777652740479e-02
4.160839617252349854e-01
5.645759105682373047e-01
-4.595129191875457764e-02
4.084976315498352051e-01
5.599299669265747070e-01
-7.656853646039962769e-02
4.468469321727752686e-01
5.560027360916137695e-01
-7.959295064210891724e-02
4.716069102287292480e-01
5.509605407714843750e-01
-7.655107229948043823e-02
4.248059093952178955e-01
6.014129519462585449e-01
-5.635077133774757385e-02
4.285709261894226074e-01
6.082733869552612305e-01
-7.605167478322982788e-02
4.562587738037109375e-01
6.016494035720825195e-01
-7.694201916456222534e-02
4.751087427139282227e-01
5.943400859832763672e-01
-7.495141029357910156e-02
