4.488910436630249023e-01
8.188235759735107422e-01
8.277627472352833138e-09
4.655006527900695801e-01
7.631343603134155273e-01
-4.298722743988037109e-02
4.803524315357208252e-01
7.071642875671386719e-01
-8.607684075832366943e-02
5.047115683555603027e-01
6.768650412559509277e-01
-1.271050274372100830e-01
5.164895653724670410e-01
6.972983479499816895e-01
-1.686117500066757202e-01
3.743872046470642090e-01
6.979392170906066895e-01
-1.011612042784690857e-01
3.750357329845428467e-01
6.582785844802856445e-01
-1.648468375205993652e-01
4.350359141826629639e-01
6.556343436241149902e-01
-2.014199346303939819e-01
4.768232405185699463e-01
6.641469001770019531e-01
-2.203305661678314209e-01
3.649578988552093506e-01
7.608938813209533691e-01
-1.087116897106170654e-01
3.835252523422241211e-01
7.300968170166015625e-01
-1.722030490636825562e-01
4.560023248195648193e-01
7.105567455291748047e-01
-1.982502192258834839e-01
4.950090050697326660e-01
7.003974318504333496e-01
-2.127200663089752197e-01
3.710473775863647461e-01
8.282882571220397949e-01
-1.191590875387191772e-01
3.895401656627655029e-01
8.081409335136413574e-01
-1.760531961917877197e-01
4.565774500370025635e-01
7.751663923263549805e-01
-1.904804855585098267e-01
5.006726980209350586e-01
7.519574761390686035e-01
-1.950216293334960938e-01
3.922333717346191406e-01
8.889831304550170898e-01
-1.319790631532669067e-01
4.030987322330474854e-01
8.941695690155029297e-01
-1.723131090402603149e-01
4.460122585296630859e-01
8.642289638519287109e-01
-1.844876408576965332e-01
4.812864661216735840e-01
8.351907730102539062e-01
-1.913498938083648682e-01
