4.453527033329010010e-01
8.120714426040649414e-01
6.906265070938388817e-08
4.621759057044982910e-01
7.569732069969177246e-01
-3.876503184437751770e-02
4.827333092689514160e-01
7.040140628814697266e-01
-8.133298903703689575e-02
5.142881870269775391e-01
6.715654134750366211e-01
-1.236625537276268005e-01
5.468457937240600586e-01
6.417043209075927734e-01
-1.671711802482604980e-01
3.824712634086608887e-01
6.983173489570617676e-01
-9.088323265314102173e-02
3.887073099613189697e-01
6.608976125717163086e-01
-1.552005261182785034e-01
4.444786906242370605e-01
6.619303822517395020e-01
-1.946871578693389893e-01
4.876777231693267822e-01
6.684082746505737305e-01
-2.145505547523498535e-01
3.737486898899078369e-01
7.634280920028686523e-01
-9.909772872924804688e-02
3.988063335418701172e-01
7.346901893615722656e-01
-1.633562445640563965e-01
4.657590091228485107e-01
7.195101976394653320e-01
-1.869249343872070312e-01
5.114578008651733398e-01
7.128631472587585449e-01
-1.964454799890518188e-01
3.782798647880554199e-01
8.288825750350952148e-01
-1.105050817131996155e-01
4.010890126228332520e-01
8.183409571647644043e-01
-1.673849225044250488e-01
4.687565267086029053e-01
7.948278784751892090e-01
-1.764890104532241821e-01
5.165816545486450195e-01
7.785209417343139648e-01
-1.742638647556304932e-01
3.950016200542449951e-01
8.879636526107788086e-01
-1.244458407163619995e-01
4.214173257350921631e-01
8.969336152076721191e-01
-1.655400097370147705e-01
4.697262048721313477e-01
8.750451207160949707e-01
-1.728123128414154053e-01
5.068569183349609375e-01
8.520349264144897461e-01
-1.726219058036804199e-01
