4.563080370426177979e-01
5.809206962585449219e-01
-1.173587165226308571e-07
4.709008038043975830e-01
5.448629856109619141e-01
-1.029278803616762161e-02
4.781963527202606201e-01
5.155518054962158203e-01
-2.233107574284076691e-02
4.812236428260803223e-01
4.972897171974182129e-01
-3.413722291588783264e-02
4.817418456077575684e-01
5.010920763015747070e-01
-4.436478763818740845e-02
4.131006002426147461e-01
4.647021591663360596e-01
-1.596384122967720032e-02
4.532865285873413086e-01
4.616325497627258301e-01
-3.435121849179267883e-02
4.664821326732635498e-01
4.855032265186309814e-01
-4.747157543897628784e-02
4.631766974925994873e-01
5.004331469535827637e-01
-5.614647641777992249e-02
4.022368788719177246e-01
4.869875013828277588e-01
-2.059593796730041504e-02
4.488241076469421387e-01
4.845864474773406982e-01
-3.463760763406753540e-02
4.638068079948425293e-01
5.071366429328918457e-01
-3.940981999039649963e-02
4.606678485870361328e-01
5.179886221885681152e-01
-4.290566220879554749e-02
4.001442790031433105e-01
5.165966749191284180e-01
-2.687619626522064209e-02
4.470867514610290527e-01
5.124630928039550781e-01
-4.018960520625114441e-02
4.604527354240417480e-01
5.272918343544006348e-01
-4.026269167661666870e-02
4.562698602676391602e-01
5.349936485290527344e-01
-3.970304131507873535e-02
4.058629572391510010e-01
5.487799644470214844e-01
-3.438415750861167908e-02
4.410478174686431885e-01
5.462283492088317871e-01
-4.241800308227539062e-02
4.548560678958892822e-01
5.480766892433166504e-01
-4.168438911437988281e-02
4.566650390625000000e-01
5.460348725318908691e-01
-4.033713415265083313e-02
