3.953361511230468750e-01
8.194019198417663574e-01
3.464215296844486147e-07
4.098664522171020508e-01
7.395464777946472168e-01
-2.116621844470500946e-02
4.400522410869598389e-01
6.819438338279724121e-01
-5.479489639401435852e-02
4.851544797420501709e-01
6.618014574050903320e-01
-8.696921914815902710e-02
5.065803527832031250e-01
6.821743249893188477e-01
-1.168541312217712402e-01
3.629699945449829102e-01
6.615827679634094238e-01
-7.961988449096679688e-02
4.312291443347930908e-01
6.253907680511474609e-01
-1.145609915256500244e-01
4.683004319667816162e-01
6.486458778381347656e-01
-1.282056570053100586e-01
4.725601673126220703e-01
6.802725791931152344e-01
-1.348283290863037109e-01
3.652178645133972168e-01
7.284582257270812988e-01
-9.009671211242675781e-02
4.483695626258850098e-01
6.827589869499206543e-01
-1.214498728513717651e-01
4.799484312534332275e-01
6.971871852874755859e-01
-1.219923049211502075e-01
4.802583456039428711e-01
7.098496556282043457e-01
-1.230934709310531616e-01
3.867424130439758301e-01
7.883094549179077148e-01
-9.982171654701232910e-02
4.711178839206695557e-01
7.421203851699829102e-01
-1.196344643831253052e-01
4.851453304290771484e-01
7.515125870704650879e-01
-1.018925011157989502e-01
4.679262638092041016e-01
7.693101167678833008e-01
-9.113425016403198242e-02
4.137474000453948975e-01
8.318151235580444336e-01
-1.125457286834716797e-01
4.863795042037963867e-01
7.903296947479248047e-01
-1.219674795866012573e-01
4.921725094318389893e-01
7.928250432014465332e-01
-1.070568487048149109e-01
4.743594825267791748e-01
8.076255321502685547e-01
-9.712196886539459229e-02
