4.553934335708618164e-01
5.813881158828735352e-01
-1.328567833525085007e-07
4.703420996665954590e-01
5.467627048492431641e-01
-1.249466557055711746e-02
4.790532886981964111e-01
5.172911286354064941e-01
-2.561102807521820068e-02
4.824097156524658203e-01
4.983324110507965088e-01
-3.804840147495269775e-02
4.798122942447662354e-01
5.040664672851562500e-01
-4.855282977223396301e-02
4.144303202629089355e-01
4.639993011951446533e-01
-1.640821434557437897e-02
4.512766599655151367e-01
4.609302580356597900e-01
-3.619078546762466431e-02
4.671907424926757812e-01
4.845536649227142334e-01
-5.011028796434402466e-02
4.656397998332977295e-01
5.007185935974121094e-01
-5.879116803407669067e-02
4.029451012611389160e-01
4.852317571640014648e-01
-2.016679011285305023e-02
4.465076327323913574e-01
4.815825521945953369e-01
-3.453507274389266968e-02
4.646963775157928467e-01
5.041658282279968262e-01
-3.956086561083793640e-02
4.615779519081115723e-01
5.142084360122680664e-01
-4.287312924861907959e-02
4.005900025367736816e-01
5.142979621887207031e-01
-2.587845921516418457e-02
4.460476040840148926e-01
5.097053050994873047e-01
-3.922138735651969910e-02
4.605520963668823242e-01
5.257908701896667480e-01
-3.845466673374176025e-02
4.546817839145660400e-01
5.331620573997497559e-01
-3.705688565969467163e-02
4.063864648342132568e-01
5.462676882743835449e-01
-3.307036682963371277e-02
4.408706128597259521e-01
5.436680912971496582e-01
-4.048036411404609680e-02
4.543669819831848145e-01
5.470362305641174316e-01
-3.849599137902259827e-02
4.537381231784820557e-01
5.463061332702636719e-01
-3.610600903630256653e-02
