4.238954484462738037e-01
8.114674687385559082e-01
4.197097211999789579e-07
4.367045760154724121e-01
7.440891861915588379e-01
-3.025849349796772003e-02
4.575902819633483887e-01
6.931007504463195801e-01
-6.998196244239807129e-02
4.931976795196533203e-01
6.574255228042602539e-01
-1.092074066400527954e-01
5.227738618850708008e-01
6.219856739044189453e-01
-1.492932885885238647e-01
3.670119047164916992e-01
6.678134202957153320e-01
-9.312262386083602905e-02
3.928579688072204590e-01
6.237211227416992188e-01
-1.542317122220993042e-01
4.406496286392211914e-01
6.194986701011657715e-01
-1.902010440826416016e-01
4.769791960716247559e-01
6.233677864074707031e-01
-2.097231000661849976e-01
3.627429604530334473e-01
7.322895526885986328e-01
-1.069141253829002380e-01
4.042585492134094238e-01
6.903710365295410156e-01
-1.739625036716461182e-01
4.638247489929199219e-01
6.663197875022888184e-01
-2.037925720214843750e-01
5.046472549438476562e-01
6.467353105545043945e-01
-2.203027456998825073e-01
3.753878772258758545e-01
7.952197790145874023e-01
-1.214560717344284058e-01
4.272626042366027832e-01
7.637158632278442383e-01
-1.786145865917205811e-01
4.810933470726013184e-01
7.371433377265930176e-01
-1.916312575340270996e-01
5.156076550483703613e-01
7.206490635871887207e-01
-1.943972110748291016e-01
3.991040885448455811e-01
8.484961986541748047e-01
-1.372289508581161499e-01
4.375332891941070557e-01
8.305765390396118164e-01
-1.725997775793075562e-01
4.761706590652465820e-01
8.068392872810363770e-01
-1.775442808866500854e-01
5.006818175315856934e-01
7.902353405952453613e-01
-1.786622852087020874e-01
