4.444082379341125488e-01
5.795468091964721680e-01
2.825552014584786775e-09
4.622077345848083496e-01
5.424981117248535156e-01
-8.440044708549976349e-03
4.744932055473327637e-01
5.075066685676574707e-01
-2.150131389498710632e-02
4.883725345134735107e-01
4.890187084674835205e-01
-3.490334004163742065e-02
5.022009015083312988e-01
4.878763556480407715e-01
-4.788951948285102844e-02
4.234846830368041992e-01
4.580625891685485840e-01
-1.978440210223197937e-02
4.459563493728637695e-01
4.496475756168365479e-01
-4.208850115537643433e-02
4.648593068122863770e-01
4.614661335945129395e-01
-5.735200643539428711e-02
4.755327403545379639e-01
4.729207456111907959e-01
-6.647527217864990234e-02
4.110002219676971436e-01
4.794082343578338623e-01
-2.716444805264472961e-02
4.440300762653350830e-01
4.688230156898498535e-01
-4.679380729794502258e-02
4.670577347278594971e-01
4.776053428649902344e-01
-5.437866970896720886e-02
4.784099757671356201e-01
4.842775762081146240e-01
-5.836558714509010315e-02
4.067472815513610840e-01
5.103492736816406250e-01
-3.624807298183441162e-02
4.453821182250976562e-01
5.019630193710327148e-01
-5.483479425311088562e-02
4.674017131328582764e-01
4.983935356140136719e-01
-5.877669900655746460e-02
4.776901006698608398e-01
4.930916130542755127e-01
-5.975574254989624023e-02
4.103600978851318359e-01
5.450555682182312012e-01
-4.607132077217102051e-02
4.436961412429809570e-01
5.405820608139038086e-01
-5.792017281055450439e-02
4.615595936775207520e-01
5.399794578552246094e-01
-5.879756808280944824e-02
4.704404473304748535e-01
5.365432500839233398e-01
-5.830486863851547241e-02
