4.018228352069854736e-01
8.165114521980285645e-01
6.253403057598916348e-07
4.288197755813598633e-01
7.292315363883972168e-01
-2.733257226645946503e-02
4.546894729137420654e-01
6.645031571388244629e-01
-6.420002877712249756e-02
4.932817220687866211e-01
6.206781268119812012e-01
-9.825844317674636841e-02
5.313826799392700195e-01
5.790395736694335938e-01
-1.342946290969848633e-01
3.662712872028350830e-01
6.698702573776245117e-01
-1.114430353045463562e-01
4.076922833919525146e-01
6.273938417434692383e-01
-1.637652367353439331e-01
4.550472199916839600e-01
6.171262264251708984e-01
-1.929872035980224609e-01
4.898346066474914551e-01
6.167236566543579102e-01
-2.124228626489639282e-01
3.645073473453521729e-01
7.266363501548767090e-01
-1.262414157390594482e-01
4.151668250560760498e-01
6.844764351844787598e-01
-1.822100579738616943e-01
4.585176706314086914e-01
6.615737676620483398e-01
-2.072092443704605103e-01
4.887256622314453125e-01
6.498802900314331055e-01
-2.271148562431335449e-01
3.780706822872161865e-01
7.836395502090454102e-01
-1.397584527730941772e-01
4.377166330814361572e-01
7.560550570487976074e-01
-1.917820274829864502e-01
4.843189418315887451e-01
7.316591143608093262e-01
-2.086569070816040039e-01
5.169351696968078613e-01
7.171041369438171387e-01
-2.202962636947631836e-01
4.018166661262512207e-01
8.369030952453613281e-01
-1.537107080221176147e-01
4.462946951389312744e-01
8.319170475006103516e-01
-1.955097019672393799e-01
4.802968204021453857e-01
8.142263889312744141e-01
-2.091761678457260132e-01
5.061997175216674805e-01
8.001729846000671387e-01
-2.194667309522628784e-01
