4.074889719486236572e-01
8.083752989768981934e-01
6.033902764102094807e-07
4.322033524513244629e-01
7.198994159698486328e-01
-2.503452636301517487e-02
4.578603506088256836e-01
6.622638106346130371e-01
-6.185102835297584534e-02
4.921140074729919434e-01
6.194776892662048340e-01
-9.594691544771194458e-02
5.283131003379821777e-01
5.784028768539428711e-01
-1.312894076108932495e-01
3.686425685882568359e-01
6.498519182205200195e-01
-1.099160388112068176e-01
4.201141297817230225e-01
6.181670427322387695e-01
-1.613052934408187866e-01
4.638919234275817871e-01
6.151263117790222168e-01
-1.867753863334655762e-01
4.929745793342590332e-01
6.176755428314208984e-01
-2.023766785860061646e-01
3.620171546936035156e-01
7.108232975006103516e-01
-1.245626658201217651e-01
4.102883934974670410e-01
6.886413097381591797e-01
-1.794718801975250244e-01
4.553570449352264404e-01
6.637761592864990234e-01
-1.984733194112777710e-01
4.913789331912994385e-01
6.506730914115905762e-01
-2.122707664966583252e-01
3.738397955894470215e-01
7.731201648712158203e-01
-1.378659605979919434e-01
4.282623529434204102e-01
7.573562264442443848e-01
-1.898903995752334595e-01
4.782691597938537598e-01
7.312881946563720703e-01
-2.014429420232772827e-01
5.162355899810791016e-01
7.129801511764526367e-01
-2.072255164384841919e-01
3.971072137355804443e-01
8.288451433181762695e-01
-1.515693813562393188e-01
4.422373473644256592e-01
8.289617896080017090e-01
-1.934588849544525146e-01
4.811975657939910889e-01
8.144009113311767578e-01
-2.040680348873138428e-01
5.118957757949829102e-01
8.004283905029296875e-01
-2.097574323415756226e-01
