4.535346925258636475e-01
5.678845047950744629e-01
1.714858512968930881e-07
4.692285656929016113e-01
5.227237343788146973e-01
-8.463577367365360260e-03
4.779882133007049561e-01
4.879693686962127686e-01
-2.316726744174957275e-02
4.942128956317901611e-01
4.678691923618316650e-01
-3.899095579981803894e-02
5.128116607666015625e-01
4.572474658489227295e-01
-5.517462268471717834e-02
4.213413000106811523e-01
4.719949066638946533e-01
-3.245508298277854919e-02
4.206962585449218750e-01
4.508400857448577881e-01
-5.619092285633087158e-02
4.445537328720092773e-01
4.487855434417724609e-01
-7.007331401109695435e-02
4.642367660999298096e-01
4.522020816802978516e-01
-7.796633243560791016e-02
4.126565456390380859e-01
4.992165267467498779e-01
-3.982017561793327332e-02
4.219902455806732178e-01
4.867691099643707275e-01
-6.396645307540893555e-02
4.516279697418212891e-01
4.832682907581329346e-01
-7.201176881790161133e-02
4.728740751743316650e-01
4.856816232204437256e-01
-7.606574147939682007e-02
4.141463339328765869e-01
5.295218825340270996e-01
-4.797801375389099121e-02
4.304624199867248535e-01
5.199696421623229980e-01
-7.097563147544860840e-02
4.596575200557708740e-01
5.157523751258850098e-01
-7.453606277704238892e-02
4.803024530410766602e-01
5.169847011566162109e-01
-7.418843358755111694e-02
4.235782921314239502e-01
5.583391785621643066e-01
-5.662834644317626953e-02
4.430463910102844238e-01
5.495393872261047363e-01
-7.397833466529846191e-02
4.651117026805877686e-01
5.420117974281311035e-01
-7.754477858543395996e-02
4.821988642215728760e-01
5.374566316604614258e-01
-7.807114720344543457e-02
