4.464040100574493408e-01
5.769490003585815430e-01
1.113850487399759004e-07
4.549253284931182861e-01
5.394687056541442871e-01
-1.277358923107385635e-02
4.622488319873809814e-01
5.124386548995971680e-01
-2.906980738043785095e-02
4.792463481426239014e-01
4.978559017181396484e-01
-4.527614638209342957e-02
4.991358816623687744e-01
4.887522161006927490e-01
-6.109914183616638184e-02
4.072330892086029053e-01
4.816723763942718506e-01
-3.002540580928325653e-02
4.269094467163085938e-01
4.641290903091430664e-01
-5.385909602046012878e-02
4.475945234298706055e-01
4.695786833763122559e-01
-6.838254630565643311e-02
4.593616724014282227e-01
4.808830916881561279e-01
-7.630524039268493652e-02
4.021629095077514648e-01
5.143301486968994141e-01
-3.599545732140541077e-02
4.280035495758056641e-01
5.052452087402343750e-01
-5.793485417962074280e-02
4.548405408859252930e-01
5.060638785362243652e-01
-6.588374823331832886e-02
4.690460264682769775e-01
5.101885795593261719e-01
-6.956234574317932129e-02
4.080678820610046387e-01
5.505146384239196777e-01
-4.332703351974487305e-02
4.383854269981384277e-01
5.477714538574218750e-01
-6.363616883754730225e-02
4.609674513339996338e-01
5.459676980972290039e-01
-6.559364497661590576e-02
4.699209034442901611e-01
5.469953417778015137e-01
-6.430636346340179443e-02
4.211316108703613281e-01
5.827543139457702637e-01
-5.171447992324829102e-02
4.510630965232849121e-01
5.821526646614074707e-01
-6.417466700077056885e-02
4.699282944202423096e-01
5.759993791580200195e-01
-6.374604254961013794e-02
4.786981940269470215e-01
5.707271099090576172e-01
-6.174708902835845947e-02
