3.985315859317779541e-01
8.269087672233581543e-01
3.138584929729404394e-07
4.164454936981201172e-01
7.467043995857238770e-01
-2.858225628733634949e-02
4.507247805595397949e-01
6.941519379615783691e-01
-6.461883336305618286e-02
4.968395531177520752e-01
6.787158846855163574e-01
-9.700460731983184814e-02
5.104921460151672363e-01
7.060184478759765625e-01
-1.263407468795776367e-01
3.646545112133026123e-01
6.793239116668701172e-01
-8.819722384214401245e-02
4.484069049358367920e-01
6.518626213073730469e-01
-1.260340660810470581e-01
4.789685904979705811e-01
6.819360256195068359e-01
-1.415999382734298706e-01
4.774397611618041992e-01
7.149723172187805176e-01
-1.497191488742828369e-01
3.678615391254425049e-01
7.497355341911315918e-01
-9.402414411306381226e-02
4.628724753856658936e-01
7.149367928504943848e-01
-1.280832439661026001e-01
4.839481711387634277e-01
7.295727729797363281e-01
-1.288580447435379028e-01
4.806978106498718262e-01
7.422210574150085449e-01
-1.304804980754852295e-01
3.879280090332031250e-01
8.121093511581420898e-01
-9.955538064241409302e-02
4.841035902500152588e-01
7.740718126296997070e-01
-1.194158941507339478e-01
4.849708974361419678e-01
7.785743474960327148e-01
-1.005599722266197205e-01
4.642361104488372803e-01
7.864015102386474609e-01
-8.918372541666030884e-02
4.138561487197875977e-01
8.584777712821960449e-01
-1.088952645659446716e-01
4.940294921398162842e-01
8.231731653213500977e-01
-1.194665208458900452e-01
4.896237552165985107e-01
8.188223242759704590e-01
-1.065322533249855042e-01
4.667753577232360840e-01
8.223980665206909180e-01
-9.773150831460952759e-02
