4.484492540359497070e-01
5.797742605209350586e-01
2.060844792595162289e-07
4.647836685180664062e-01
5.463835597038269043e-01
-1.767913252115249634e-02
4.751155078411102295e-01
5.196419954299926758e-01
-3.830230608582496643e-02
4.962436854839324951e-01
5.099092721939086914e-01
-6.005793064832687378e-02
5.195357799530029297e-01
5.055639743804931641e-01
-8.235844224691390991e-02
4.290128648281097412e-01
5.023317933082580566e-01
-4.092710465192794800e-02
4.103466272354125977e-01
4.598247706890106201e-01
-7.479645311832427979e-02
4.373571276664733887e-01
4.616689980030059814e-01
-9.465440362691879272e-02
4.631177783012390137e-01
4.690173268318176270e-01
-1.045984700322151184e-01
4.164584279060363770e-01
5.345896482467651367e-01
-4.877962172031402588e-02
3.960393667221069336e-01
5.084993243217468262e-01
-8.419766277074813843e-02
4.305721223354339600e-01
5.110052824020385742e-01
-9.924278408288955688e-02
4.570563733577728271e-01
5.131775140762329102e-01
-1.053380295634269714e-01
4.135126471519470215e-01
5.715451240539550781e-01
-5.875540524721145630e-02
3.983640670776367188e-01
5.628020763397216797e-01
-9.132783114910125732e-02
4.324829280376434326e-01
5.636925101280212402e-01
-1.008829772472381592e-01
4.578105807304382324e-01
5.617961287498474121e-01
-1.026823669672012329e-01
4.207265377044677734e-01
6.074163913726806641e-01
-6.962755322456359863e-02
4.251295626163482666e-01
6.192119717597961426e-01
-9.352221339941024780e-02
4.523161053657531738e-01
6.171247959136962891e-01
-1.004587560892105103e-01
4.731990098953247070e-01
6.106365919113159180e-01
-1.031178161501884460e-01
