4.189725220203399658e-01
8.423159122467041016e-01
1.502815791809553048e-07
4.339818656444549561e-01
7.667189240455627441e-01
-3.726863116025924683e-02
4.557826817035675049e-01
7.029859423637390137e-01
-7.685085386037826538e-02
4.865192770957946777e-01
6.715354919433593750e-01
-1.112923398613929749e-01
4.953993558883666992e-01
6.989678144454956055e-01
-1.416326761245727539e-01
3.545446097850799561e-01
6.741613149642944336e-01
-9.302886575460433960e-02
4.359915554523468018e-01
6.505534648895263672e-01
-1.387122720479965210e-01
4.619272053241729736e-01
6.806400418281555176e-01
-1.582505851984024048e-01
4.606188237667083740e-01
7.097943425178527832e-01
-1.689228713512420654e-01
3.514905571937561035e-01
7.464103698730468750e-01
-9.718819707632064819e-02
4.504404366016387939e-01
7.129240632057189941e-01
-1.401426494121551514e-01
4.593127667903900146e-01
7.386755943298339844e-01
-1.423469036817550659e-01
4.438782930374145508e-01
7.518165111541748047e-01
-1.437049359083175659e-01
3.644913733005523682e-01
8.104373216629028320e-01
-1.033796221017837524e-01
4.661624729633331299e-01
7.715005874633789062e-01
-1.314937621355056763e-01
4.597770869731903076e-01
7.882741093635559082e-01
-1.156704351305961609e-01
4.345365166664123535e-01
7.968628406524658203e-01
-1.054689213633537292e-01
3.855100274085998535e-01
8.629804849624633789e-01
-1.144872084259986877e-01
4.671968817710876465e-01
8.210797309875488281e-01
-1.334377825260162354e-01
4.597151279449462891e-01
8.271387815475463867e-01
-1.275134235620498657e-01
4.351487159729003906e-01
8.346141576766967773e-01
-1.228307485580444336e-01
