3.874967992305755615e-01
8.102596998214721680e-01
4.339487702509359224e-07
4.131816029548645020e-01
7.347137928009033203e-01
-3.396935388445854187e-02
4.510135054588317871e-01
6.849048733711242676e-01
-7.240842282772064209e-02
4.985171556472778320e-01
6.815855503082275391e-01
-1.060690209269523621e-01
5.135489702224731445e-01
7.187154889106750488e-01
-1.372330039739608765e-01
3.661941885948181152e-01
6.843840479850769043e-01
-9.833499044179916382e-02
4.534350931644439697e-01
6.659241914749145508e-01
-1.344168782234191895e-01
4.757779538631439209e-01
6.898007988929748535e-01
-1.472705304622650146e-01
4.723680317401885986e-01
7.172192335128784180e-01
-1.535120010375976562e-01
3.644106388092041016e-01
7.546132802963256836e-01
-1.011955514550209045e-01
4.673059582710266113e-01
7.396619915962219238e-01
-1.315134614706039429e-01
4.798326492309570312e-01
7.408747673034667969e-01
-1.264810413122177124e-01
4.728738367557525635e-01
7.386558055877685547e-01
-1.243027970194816589e-01
3.804082274436950684e-01
8.158433437347412109e-01
-1.040277108550071716e-01
4.819167852401733398e-01
7.930670976638793945e-01
-1.208224073052406311e-01
4.783143401145935059e-01
7.852049469947814941e-01
-9.591797739267349243e-02
4.594172537326812744e-01
7.818768620491027832e-01
-8.037091791629791260e-02
4.037438035011291504e-01
8.620715141296386719e-01
-1.117153391242027283e-01
4.853488802909851074e-01
8.417919874191284180e-01
-1.226857081055641174e-01
4.812221825122833252e-01
8.256112933158874512e-01
-1.083626970648765564e-01
4.634718000888824463e-01
8.171666264533996582e-01
-9.763696789741516113e-02
