4.548228383064270020e-01
5.708637833595275879e-01
1.855512579140849994e-07
4.735960364341735840e-01
5.293241143226623535e-01
-1.011116802692413330e-02
4.826529026031494141e-01
4.932714700698852539e-01
-2.395345084369182587e-02
4.959484934806823730e-01
4.718515574932098389e-01
-3.870270773768424988e-02
5.144444704055786133e-01
4.575634598731994629e-01
-5.352436751127243042e-02
4.285231232643127441e-01
4.685702025890350342e-01
-2.607470937073230743e-02
4.225199222564697266e-01
4.482558369636535645e-01
-4.889399185776710510e-02
4.458400011062622070e-01
4.460836648941040039e-01
-6.329634040594100952e-02
4.661108851432800293e-01
4.493995308876037598e-01
-7.169388979673385620e-02
4.176519513130187988e-01
4.876835048198699951e-01
-3.302009776234626770e-02
4.159772992134094238e-01
4.617375731468200684e-01
-5.622202903032302856e-02
4.443351626396179199e-01
4.551814198493957520e-01
-6.693428009748458862e-02
4.663121104240417480e-01
4.567511379718780518e-01
-7.248380780220031738e-02
4.147372245788574219e-01
5.127643346786499023e-01
-4.121910035610198975e-02
4.229780733585357666e-01
4.910624921321868896e-01
-6.456665694713592529e-02
4.543030560016632080e-01
4.852722883224487305e-01
-7.148908078670501709e-02
4.768455326557159424e-01
4.860619902610778809e-01
-7.322562485933303833e-02
4.206668138504028320e-01
5.411704182624816895e-01
-4.999008029699325562e-02
4.397541284561157227e-01
5.293478965759277344e-01
-6.885343044996261597e-02
4.639581143856048584e-01
5.258046388626098633e-01
-7.467126846313476562e-02
4.821353852748870850e-01
5.255928039550781250e-01
-7.662403583526611328e-02
