4.472273290157318115e-01
5.897729992866516113e-01
3.601928710850188509e-08
4.641835987567901611e-01
5.486280918121337891e-01
-1.076074596494436264e-02
4.774392843246459961e-01
5.140883326530456543e-01
-2.624579705297946930e-02
4.958418011665344238e-01
5.003495216369628906e-01
-4.130936041474342346e-02
5.114176869392395020e-01
5.053978562355041504e-01
-5.530670285224914551e-02
4.212419688701629639e-01
4.709230959415435791e-01
-2.911529131233692169e-02
4.573433101177215576e-01
4.665994048118591309e-01
-5.134920030832290649e-02
4.693246185779571533e-01
4.832164049148559570e-01
-6.535187363624572754e-02
4.713789224624633789e-01
4.950269460678100586e-01
-7.499352842569351196e-02
4.141775071620941162e-01
4.979915618896484375e-01
-3.542307019233703613e-02
4.675028324127197266e-01
4.964978992938995361e-01
-5.517804250121116638e-02
4.783655703067779541e-01
5.090689063072204590e-01
-6.178431212902069092e-02
4.785039722919464111e-01
5.118820071220397949e-01
-6.770915538072586060e-02
4.145264625549316406e-01
5.321878194808959961e-01
-4.296748712658882141e-02
4.673688113689422607e-01
5.322155356407165527e-01
-6.118874251842498779e-02
4.700531065464019775e-01
5.467610955238342285e-01
-6.140673533082008362e-02
4.635725617408752441e-01
5.531066060066223145e-01
-6.185535714030265808e-02
4.202415645122528076e-01
5.678427815437316895e-01
-5.188919231295585632e-02
4.567121267318725586e-01
5.665416121482849121e-01
-6.859441101551055908e-02
4.677751064300537109e-01
5.619832873344421387e-01
-7.231920212507247925e-02
4.735625088214874268e-01
5.543488860130310059e-01
-7.410099357366561890e-02
