4.160972535610198975e-01
8.112885951995849609e-01
4.650177345411066199e-07
4.353034198284149170e-01
7.341980934143066406e-01
-1.586662419140338898e-02
4.595670402050018311e-01
6.829128265380859375e-01
-4.909271001815795898e-02
4.976647496223449707e-01
6.591266989707946777e-01
-8.180262893438339233e-02
5.380013585090637207e-01
6.419817209243774414e-01
-1.157731413841247559e-01
3.768540024757385254e-01
6.688175797462463379e-01
-9.402464330196380615e-02
3.994446098804473877e-01
6.163609027862548828e-01
-1.426384150981903076e-01
4.381814002990722656e-01
6.152570247650146484e-01
-1.649931371212005615e-01
4.604687094688415527e-01
6.253850460052490234e-01
-1.779599487781524658e-01
3.700201809406280518e-01
7.238594293594360352e-01
-1.124737858772277832e-01
4.127963483333587646e-01
6.781670451164245605e-01
-1.682166606187820435e-01
4.542242288589477539e-01
6.623325943946838379e-01
-1.860686391592025757e-01
4.764375686645507812e-01
6.549143195152282715e-01
-1.972736865282058716e-01
3.804453611373901367e-01
7.812838554382324219e-01
-1.295287907123565674e-01
4.361643493175506592e-01
7.484945058822631836e-01
-1.787118017673492432e-01
4.702435731887817383e-01
7.315786480903625488e-01
-1.864711940288543701e-01
4.833444952964782715e-01
7.207167744636535645e-01
-1.894966512918472290e-01
4.010651707649230957e-01
8.329138159751892090e-01
-1.464538276195526123e-01
4.413280785083770752e-01
8.156576156616210938e-01
-1.840324252843856812e-01
4.681090712547302246e-01
7.974472641944885254e-01
-1.912689208984375000e-01
4.818027913570404053e-01
7.822639346122741699e-01
-1.951311379671096802e-01
