4.419544637203216553e-01
5.802491903305053711e-01
3.004611528467648895e-07
4.612172245979309082e-01
5.456253290176391602e-01
-1.748938672244548798e-02
4.740926921367645264e-01
5.195785164833068848e-01
-3.762659803032875061e-02
4.963432252407073975e-01
5.104483366012573242e-01
-5.834604054689407349e-02
5.163162350654602051e-01
5.051447749137878418e-01
-7.971514016389846802e-02
4.293859899044036865e-01
5.022463798522949219e-01
-4.560267552733421326e-02
4.123255610466003418e-01
4.611712098121643066e-01
-7.913488149642944336e-02
4.366109371185302734e-01
4.611963629722595215e-01
-9.974817186594009399e-02
4.611705243587493896e-01
4.652064144611358643e-01
-1.112885549664497375e-01
4.171056449413299561e-01
5.316174626350402832e-01
-5.403764545917510986e-02
3.987033963203430176e-01
5.079051852226257324e-01
-8.875160664319992065e-02
4.271193146705627441e-01
5.069167017936706543e-01
-1.050944253802299500e-01
4.501112401485443115e-01
5.049874782562255859e-01
-1.140125542879104614e-01
4.148122668266296387e-01
5.666719079017639160e-01
-6.407420337200164795e-02
4.047604203224182129e-01
5.583153367042541504e-01
-9.634973108768463135e-02
4.337268173694610596e-01
5.581204295158386230e-01
-1.072123423218727112e-01
4.566062688827514648e-01
5.568163394927978516e-01
-1.114149019122123718e-01
4.227560758590698242e-01
6.019369959831237793e-01
-7.504245638847351074e-02
4.297555088996887207e-01
6.100215315818786621e-01
-9.927089512348175049e-02
4.539961516857147217e-01
6.090646386146545410e-01
-1.067484468221664429e-01
4.736928343772888184e-01
6.052916646003723145e-01
-1.104661673307418823e-01
