4.434146583080291748e-01
8.302732110023498535e-01
2.144049773278311477e-07
4.603224992752075195e-01
7.630444169044494629e-01
-2.982079237699508667e-02
4.784765541553497314e-01
7.101058959960937500e-01
-6.563556194305419922e-02
5.129946470260620117e-01
6.787715554237365723e-01
-1.029864326119422913e-01
5.494764447212219238e-01
6.460884809494018555e-01
-1.426160931587219238e-01
3.815242350101470947e-01
6.979395747184753418e-01
-7.870824635028839111e-02
3.837594985961914062e-01
6.603416204452514648e-01
-1.356047838926315308e-01
4.382826983928680420e-01
6.604123115539550781e-01
-1.713406294584274292e-01
4.830033481121063232e-01
6.611889600753784180e-01
-1.908179521560668945e-01
3.720336854457855225e-01
7.636299133300781250e-01
-9.085612744092941284e-02
3.989607393741607666e-01
7.352980971336364746e-01
-1.490824073553085327e-01
4.697278738021850586e-01
7.195612192153930664e-01
-1.723172813653945923e-01
5.192570686340332031e-01
7.076643705368041992e-01
-1.840892434120178223e-01
3.759896159172058105e-01
8.328734636306762695e-01
-1.054573506116867065e-01
4.016560912132263184e-01
8.190373182296752930e-01
-1.584646701812744141e-01
4.713943600654602051e-01
7.918937206268310547e-01
-1.679943501949310303e-01
5.233663320541381836e-01
7.709259986877441406e-01
-1.681434959173202515e-01
3.922027349472045898e-01
8.972351551055908203e-01
-1.218723356723785400e-01
4.157174527645111084e-01
9.049611687660217285e-01
-1.598136425018310547e-01
4.642148613929748535e-01
8.803892731666564941e-01
-1.662814766168594360e-01
5.041289925575256348e-01
8.559933900833129883e-01
-1.671883761882781982e-01
