4.127731919288635254e-01
8.291529417037963867e-01
1.744518698387764744e-07
4.242290258407592773e-01
7.518618702888488770e-01
-2.821463905274868011e-02
4.513194859027862549e-01
6.952874064445495605e-01
-6.194017827510833740e-02
4.928284287452697754e-01
6.765437126159667969e-01
-9.266602993011474609e-02
5.140478610992431641e-01
6.985445618629455566e-01
-1.206505075097084045e-01
3.694142997264862061e-01
6.674978733062744141e-01
-7.902127504348754883e-02
4.473660290241241455e-01
6.482975482940673828e-01
-1.197388246655464172e-01
4.770186245441436768e-01
6.834024786949157715e-01
-1.405429691076278687e-01
4.743750393390655518e-01
7.168534398078918457e-01
-1.523378640413284302e-01
3.697168827056884766e-01
7.415583729743957520e-01
-8.556289970874786377e-02
4.600869119167327881e-01
7.125743031501770020e-01
-1.217744126915931702e-01
4.802447855472564697e-01
7.310311198234558105e-01
-1.264640539884567261e-01
4.730114042758941650e-01
7.448194026947021484e-01
-1.303197443485260010e-01
3.862242698669433594e-01
8.084224462509155273e-01
-9.281913191080093384e-02
4.787560999393463135e-01
7.726859450340270996e-01
-1.166797205805778503e-01
4.817954301834106445e-01
7.799267768859863281e-01
-1.019341722130775452e-01
4.601184129714965820e-01
7.890378236770629883e-01
-9.191317856311798096e-02
4.085591137409210205e-01
8.607269525527954102e-01
-1.036854013800621033e-01
4.854077100753784180e-01
8.190992474555969238e-01
-1.172580048441886902e-01
4.844946265220642090e-01
8.158456683158874512e-01
-1.058747395873069763e-01
4.639796018600463867e-01
8.242028355598449707e-01
-9.711152315139770508e-02
