3.918036222457885742e-01
8.234085440635681152e-01
4.937941184834926389e-07
4.040738940238952637e-01
7.437376379966735840e-01
-1.957322284579277039e-02
4.352568089962005615e-01
6.819937229156494141e-01
-5.405398085713386536e-02
4.805282950401306152e-01
6.592847108840942383e-01
-8.690158277750015259e-02
5.081623196601867676e-01
6.650794744491577148e-01
-1.171832010149955750e-01
3.678103685379028320e-01
6.643429994583129883e-01
-8.520248532295227051e-02
4.221776425838470459e-01
6.161729097366333008e-01
-1.209378913044929504e-01
4.613067805767059326e-01
6.249147653579711914e-01
-1.367319524288177490e-01
4.720026850700378418e-01
6.501412987709045410e-01
-1.446994841098785400e-01
3.695861399173736572e-01
7.253924012184143066e-01
-9.682995826005935669e-02
4.445837438106536865e-01
6.701871752738952637e-01
-1.335196495056152344e-01
4.771339893341064453e-01
6.727331280708312988e-01
-1.374559849500656128e-01
4.830374419689178467e-01
6.838821172714233398e-01
-1.392041742801666260e-01
3.924272656440734863e-01
7.831771373748779297e-01
-1.066488623619079590e-01
4.741672277450561523e-01
7.305493950843811035e-01
-1.276491135358810425e-01
4.848099052906036377e-01
7.336596846580505371e-01
-1.086466982960700989e-01
4.660747945308685303e-01
7.502819895744323730e-01
-9.630872309207916260e-02
4.219877123832702637e-01
8.230634927749633789e-01
-1.195041760802268982e-01
4.955243468284606934e-01
7.738724350929260254e-01
-1.293409019708633423e-01
4.945902228355407715e-01
7.741562128067016602e-01
-1.129359826445579529e-01
4.708787500858306885e-01
7.889134883880615234e-01
-1.013278514146804810e-01
