4.539678096771240234e-01
5.704761743545532227e-01
1.851507249739370309e-07
4.710509181022644043e-01
5.279870033264160156e-01
-8.896737359464168549e-03
4.803201258182525635e-01
4.918468296527862549e-01
-2.157586254179477692e-02
4.946032762527465820e-01
4.701257050037384033e-01
-3.535024821758270264e-02
5.131855010986328125e-01
4.552880525588989258e-01
-4.870024323463439941e-02
4.235120415687561035e-01
4.685376584529876709e-01
-2.282848209142684937e-02
4.218020141124725342e-01
4.491095840930938721e-01
-4.553977400064468384e-02
4.451873600482940674e-01
4.470141530036926270e-01
-6.012232601642608643e-02
4.653413593769073486e-01
4.495423436164855957e-01
-6.810003519058227539e-02
4.129105210304260254e-01
4.887218773365020752e-01
-2.879884280264377594e-02
4.205593764781951904e-01
4.690076708793640137e-01
-4.981954395771026611e-02
4.480042457580566406e-01
4.634343087673187256e-01
-5.766140297055244446e-02
4.696608483791351318e-01
4.643167555332183838e-01
-6.092630326747894287e-02
4.121649861335754395e-01
5.139576196670532227e-01
-3.618127852678298950e-02
4.380207657814025879e-01
5.039809346199035645e-01
-5.572319403290748596e-02
4.646617770195007324e-01
5.040618181228637695e-01
-5.750163272023200989e-02
4.820267856121063232e-01
5.069984793663024902e-01
-5.554088205099105835e-02
4.199265241622924805e-01
5.400834679603576660e-01
-4.467037320137023926e-02
4.490952789783477783e-01
5.343768596649169922e-01
-5.800954625010490417e-02
4.691026806831359863e-01
5.328859090805053711e-01
-5.934782698750495911e-02
4.823295176029205322e-01
5.318863391876220703e-01
-5.801868438720703125e-02
