4.282217025756835938e-01
8.331521749496459961e-01
3.180391843216057168e-07
4.496186077594757080e-01
7.636404037475585938e-01
-3.145647048950195312e-02
4.717146456241607666e-01
7.148657441139221191e-01
-7.482551038265228271e-02
5.044399499893188477e-01
6.896300315856933594e-01
-1.180017590522766113e-01
5.198085308074951172e-01
6.986770629882812500e-01
-1.640965491533279419e-01
3.682576417922973633e-01
6.922106146812438965e-01
-1.093449294567108154e-01
3.925384283065795898e-01
6.624909639358520508e-01
-1.761548072099685669e-01
4.438092410564422607e-01
6.611610651016235352e-01
-2.155957669019699097e-01
4.805286526679992676e-01
6.651093363761901855e-01
-2.384729236364364624e-01
3.599697053432464600e-01
7.596248984336853027e-01
-1.267846822738647461e-01
3.876585364341735840e-01
7.279672026634216309e-01
-1.983992308378219604e-01
4.540629088878631592e-01
7.111941576004028320e-01
-2.313745617866516113e-01
4.980540573596954346e-01
6.997848749160766602e-01
-2.516756355762481689e-01
3.673124313354492188e-01
8.283718824386596680e-01
-1.445941179990768433e-01
3.940573334693908691e-01
8.112752437591552734e-01
-2.073826938867568970e-01
4.582157433032989502e-01
7.831931710243225098e-01
-2.275099307298660278e-01
5.060012936592102051e-01
7.638393044471740723e-01
-2.365569472312927246e-01
3.886837363243103027e-01
8.898356556892395020e-01
-1.632927656173706055e-01
4.089317321777343750e-01
8.887838721275329590e-01
-2.073567509651184082e-01
4.484266042709350586e-01
8.635166883468627930e-01
-2.228781133890151978e-01
4.819694459438323975e-01
8.420433402061462402e-01
-2.332040369510650635e-01
