4.435902535915374756e-01
5.707246065139770508e-01
1.883645808220535400e-07
4.565601646900177002e-01
5.278375744819641113e-01
-1.129645574837923050e-02
4.648135304450988770e-01
4.939310550689697266e-01
-2.772184088826179504e-02
4.815816879272460938e-01
4.752579033374786377e-01
-4.538742080330848694e-02
4.991447329521179199e-01
4.664319455623626709e-01
-6.302185356616973877e-02
4.177606105804443359e-01
4.851061701774597168e-01
-3.790265694260597229e-02
3.964740037918090820e-01
4.510065913200378418e-01
-6.812714785337448120e-02
4.213973879814147949e-01
4.494685828685760498e-01
-8.525728434324264526e-02
4.439862966537475586e-01
4.543966352939605713e-01
-9.365510195493698120e-02
4.082536399364471436e-01
5.138768553733825684e-01
-4.646464437246322632e-02
3.975016772747039795e-01
4.944933354854583740e-01
-7.624243199825286865e-02
4.260669946670532227e-01
4.883585274219512939e-01
-8.558974415063858032e-02
4.475097060203552246e-01
4.874112606048583984e-01
-8.908994495868682861e-02
4.085585772991180420e-01
5.473261475563049316e-01
-5.662070959806442261e-02
4.159717857837677002e-01
5.452741980552673340e-01
-8.288955688476562500e-02
4.461124837398529053e-01
5.384466648101806641e-01
-8.608788996934890747e-02
4.665355086326599121e-01
5.339441895484924316e-01
-8.477567136287689209e-02
4.174830913543701172e-01
5.793551206588745117e-01
-6.772713363170623779e-02
4.315201938152313232e-01
5.835479497909545898e-01
-8.503941446542739868e-02
4.531203508377075195e-01
5.767229795455932617e-01
-8.663980662822723389e-02
4.690030813217163086e-01
5.709696412086486816e-01
-8.576603978872299194e-02
