4.357851147651672363e-01
5.688965320587158203e-01
1.767240291883354075e-07
4.482214450836181641e-01
5.433008670806884766e-01
-1.429303176701068878e-02
4.572739601135253906e-01
5.178236961364746094e-01
-3.196649625897407532e-02
4.761539697647094727e-01
5.075014829635620117e-01
-4.997872933745384216e-02
4.979966878890991211e-01
5.022081136703491211e-01
-6.684742122888565063e-02
4.132016301155090332e-01
4.900268912315368652e-01
-3.166824579238891602e-02
4.055902659893035889e-01
4.619478881359100342e-01
-5.866493284702301025e-02
4.307681620121002197e-01
4.660572409629821777e-01
-7.390653342008590698e-02
4.515018165111541748e-01
4.757155179977416992e-01
-8.170910924673080444e-02
4.003498554229736328e-01
5.140765309333801270e-01
-3.735923022031784058e-02
4.187829792499542236e-01
4.982995390892028809e-01
-6.434947997331619263e-02
4.543566405773162842e-01
4.994835853576660156e-01
-7.205857336521148682e-02
4.757669568061828613e-01
5.000473856925964355e-01
-7.454312592744827271e-02
3.976310789585113525e-01
5.457842350006103516e-01
-4.530417174100875854e-02
4.204441010951995850e-01
5.419261455535888672e-01
-6.966117769479751587e-02
4.460788667201995850e-01
5.458500385284423828e-01
-7.022528350353240967e-02
4.586347043514251709e-01
5.465214252471923828e-01
-6.750660389661788940e-02
4.034066796302795410e-01
5.771790742874145508e-01
-5.463872849941253662e-02
4.235505163669586182e-01
5.749582648277282715e-01
-7.251905649900436401e-02
4.466882348060607910e-01
5.682283639907836914e-01
-7.348897308111190796e-02
4.621601700782775879e-01
5.602573156356811523e-01
-7.178689539432525635e-02
