4.139243960380554199e-01
8.035333752632141113e-01
5.697652341041248292e-07
4.401669204235076904e-01
7.200598716735839844e-01
-2.440494298934936523e-02
4.642928540706634521e-01
6.615168452262878418e-01
-5.964691191911697388e-02
4.989555478096008301e-01
6.218361258506774902e-01
-9.442720562219619751e-02
5.324275493621826172e-01
5.830140709877014160e-01
-1.313545405864715576e-01
3.790641427040100098e-01
6.618604660034179688e-01
-9.890934824943542480e-02
3.900927305221557617e-01
6.145485043525695801e-01
-1.525726914405822754e-01
4.343638420104980469e-01
6.053262948989868164e-01
-1.837898045778274536e-01
4.696192145347595215e-01
6.082743406295776367e-01
-2.025894075632095337e-01
3.700619339942932129e-01
7.165695428848266602e-01
-1.144019365310668945e-01
3.916637897491455078e-01
6.813614964485168457e-01
-1.706349849700927734e-01
4.426039755344390869e-01
6.588406562805175781e-01
-1.946657449007034302e-01
4.828866124153137207e-01
6.472876071929931641e-01
-2.110165953636169434e-01
3.776634633541107178e-01
7.729036808013916016e-01
-1.295571178197860718e-01
4.199713170528411865e-01
7.518485188484191895e-01
-1.806547194719314575e-01
4.747354984283447266e-01
7.270809412002563477e-01
-1.960210055112838745e-01
5.167577862739562988e-01
7.133570909500122070e-01
-2.043182253837585449e-01
3.991553187370300293e-01
8.270646333694458008e-01
-1.454980075359344482e-01
4.388531744480133057e-01
8.269666433334350586e-01
-1.847281008958816528e-01
4.794605970382690430e-01
8.117876648902893066e-01
-1.960460692644119263e-01
5.115504860877990723e-01
8.017987608909606934e-01
-2.030028551816940308e-01
