4.556785821914672852e-01
5.680593252182006836e-01
1.473210602398467017e-07
4.710588157176971436e-01
5.227624177932739258e-01
-1.039334200322628021e-02
4.789078235626220703e-01
4.890658259391784668e-01
-2.553291432559490204e-02
4.942824244499206543e-01
4.694461226463317871e-01
-4.184790700674057007e-02
5.114818215370178223e-01
4.565192759037017822e-01
-5.819343402981758118e-02
4.199389517307281494e-01
4.685069620609283447e-01
-2.798837423324584961e-02
4.186241328716278076e-01
4.501327872276306152e-01
-5.234348773956298828e-02
4.431272149085998535e-01
4.485884308815002441e-01
-6.773726642131805420e-02
4.632153213024139404e-01
4.510030746459960938e-01
-7.640767842531204224e-02
4.114077091217041016e-01
4.941178560256958008e-01
-3.434567153453826904e-02
4.210032224655151367e-01
4.827029109001159668e-01
-5.899133533239364624e-02
4.516623616218566895e-01
4.787869453430175781e-01
-6.867892295122146606e-02
4.736782312393188477e-01
4.808195531368255615e-01
-7.318966090679168701e-02
4.124286174774169922e-01
5.236012935638427734e-01
-4.211325943470001221e-02
4.283982217311859131e-01
5.164306163787841797e-01
-6.550661474466323853e-02
4.574620127677917480e-01
5.123372077941894531e-01
-7.013558596372604370e-02
4.780387580394744873e-01
5.128556489944458008e-01
-6.987921893596649170e-02
4.216623902320861816e-01
5.523343086242675781e-01
-5.070376023650169373e-02
4.414972662925720215e-01
5.457340478897094727e-01
-6.816086173057556152e-02
4.635379910469055176e-01
5.379734039306640625e-01
-7.246821373701095581e-02
4.806324243545532227e-01
5.323036909103393555e-01
-7.304435968399047852e-02
