4.131889939308166504e-01
8.026224970817565918e-01
3.444839080657402519e-07
4.257203638553619385e-01
7.295600175857543945e-01
-1.857773400843143463e-02
4.481317400932312012e-01
6.783459186553955078e-01
-5.141556635499000549e-02
4.862660169601440430e-01
6.570971608161926270e-01
-8.200506120920181274e-02
5.254008769989013672e-01
6.474248170852661133e-01
-1.123951002955436707e-01
3.641353249549865723e-01
6.554595232009887695e-01
-9.222964942455291748e-02
4.212004542350769043e-01
6.110126972198486328e-01
-1.365939080715179443e-01
4.589594602584838867e-01
6.234174370765686035e-01
-1.544703692197799683e-01
4.725981354713439941e-01
6.447975039482116699e-01
-1.637536138296127319e-01
3.631232976913452148e-01
7.126304507255554199e-01
-1.059780642390251160e-01
4.351103007793426514e-01
6.675242781639099121e-01
-1.482403725385665894e-01
4.709585607051849365e-01
6.650937795639038086e-01
-1.529053896665573120e-01
4.851604104042053223e-01
6.676200032234191895e-01
-1.561709195375442505e-01
3.794848322868347168e-01
7.711312770843505859e-01
-1.191818192601203918e-01
4.536019265651702881e-01
7.285236120223999023e-01
-1.559696346521377563e-01
4.758471548557281494e-01
7.257161736488342285e-01
-1.503051817417144775e-01
4.763203263282775879e-01
7.290617823600769043e-01
-1.454437524080276489e-01
4.043678641319274902e-01
8.224041461944580078e-01
-1.333558708429336548e-01
4.605716466903686523e-01
7.936829328536987305e-01
-1.621187478303909302e-01
4.785708487033843994e-01
7.789976596832275391e-01
-1.613177955150604248e-01
4.810625314712524414e-01
7.723416090011596680e-01
-1.591266840696334839e-01
