4.434420764446258545e-01
5.586085915565490723e-01
2.847514224413316697e-08
4.560084939002990723e-01
5.290638208389282227e-01
-2.144076675176620483e-02
4.666939973831176758e-01
5.069269537925720215e-01
-3.998665884137153625e-02
4.819962084293365479e-01
4.960535466670989990e-01
-5.640852451324462891e-02
4.919051229953765869e-01
4.980444610118865967e-01
-7.138743251562118530e-02
4.077481329441070557e-01
4.735698997974395752e-01
-3.188876807689666748e-02
4.399005174636840820e-01
4.626505672931671143e-01
-5.676768347620964050e-02
4.607388377189636230e-01
4.759719371795654297e-01
-7.311622798442840576e-02
4.674084782600402832e-01
4.901481866836547852e-01
-8.245511353015899658e-02
4.039138853549957275e-01
5.060150623321533203e-01
-3.236703574657440186e-02
4.419982135295867920e-01
5.020502805709838867e-01
-5.384678393602371216e-02
4.700123965740203857e-01
5.089845061302185059e-01
-6.067682430148124695e-02
4.793110191822052002e-01
5.120820999145507812e-01
-6.374525278806686401e-02
4.098964929580688477e-01
5.403628349304199219e-01
-3.535050153732299805e-02
4.535286426544189453e-01
5.380288362503051758e-01
-5.225054919719696045e-02
4.694140553474426270e-01
5.397303700447082520e-01
-5.162194371223449707e-02
4.675351679325103760e-01
5.404635071754455566e-01
-4.952589422464370728e-02
4.223530292510986328e-01
5.693347454071044922e-01
-4.060564190149307251e-02
4.607080221176147461e-01
5.647273063659667969e-01
-4.902673885226249695e-02
4.735930860042572021e-01
5.597436428070068359e-01
-4.705759510397911072e-02
4.730816483497619629e-01
5.559682250022888184e-01
-4.484253376722335815e-02
