3.965945243835449219e-01
8.371487855911254883e-01
4.227561021252768114e-07
4.123587012290954590e-01
7.524896264076232910e-01
-3.054402954876422882e-02
4.462367296218872070e-01
6.969527006149291992e-01
-7.152805477380752563e-02
4.950605034828186035e-01
6.851630210876464844e-01
-1.074014231562614441e-01
5.146273970603942871e-01
7.072315216064453125e-01
-1.401055008172988892e-01
3.664968907833099365e-01
6.858001947402954102e-01
-1.051706969738006592e-01
4.504985511302947998e-01
6.555386781692504883e-01
-1.397753655910491943e-01
4.775136709213256836e-01
6.861446499824523926e-01
-1.483086645603179932e-01
4.730313718318939209e-01
7.200461626052856445e-01
-1.521174907684326172e-01
3.692110776901245117e-01
7.544159293174743652e-01
-1.106359660625457764e-01
4.653232991695404053e-01
7.125672698020935059e-01
-1.424850970506668091e-01
4.853804111480712891e-01
7.323861122131347656e-01
-1.353183239698410034e-01
4.809397757053375244e-01
7.459257245063781738e-01
-1.314197331666946411e-01
3.889524638652801514e-01
8.171040415763854980e-01
-1.147833615541458130e-01
4.852533638477325439e-01
7.761188149452209473e-01
-1.318344324827194214e-01
4.869252145290374756e-01
7.799052000045776367e-01
-1.061341837048530579e-01
4.666232466697692871e-01
7.874876856803894043e-01
-9.117368608713150024e-02
4.163572490215301514e-01
8.663380742073059082e-01
-1.227837875485420227e-01
4.931111633777618408e-01
8.263586163520812988e-01
-1.318553537130355835e-01
4.905857443809509277e-01
8.194282054901123047e-01
-1.153004840016365051e-01
4.695549309253692627e-01
8.216548562049865723e-01
-1.046371832489967346e-01
