4.290741980075836182e-01
8.409917354583740234e-01
3.734666336185910041e-07
4.488822519779205322e-01
7.663819193840026855e-01
-2.814804576337337494e-02
4.691324234008789062e-01
7.166423201560974121e-01
-6.899935752153396606e-02
5.015666484832763672e-01
6.909641027450561523e-01
-1.097674965858459473e-01
5.208662152290344238e-01
6.974908113479614258e-01
-1.529347598552703857e-01
3.732159435749053955e-01
6.932640075683593750e-01
-1.051162108778953552e-01
3.905492424964904785e-01
6.599340438842773438e-01
-1.697596758604049683e-01
4.424245059490203857e-01
6.574481129646301270e-01
-2.072898000478744507e-01
4.809101223945617676e-01
6.625667810440063477e-01
-2.289576232433319092e-01
3.645063936710357666e-01
7.610918879508972168e-01
-1.237164884805679321e-01
3.848792612552642822e-01
7.308184504508972168e-01
-1.931127905845642090e-01
4.509912431240081787e-01
7.149971723556518555e-01
-2.231747657060623169e-01
4.956038594245910645e-01
7.041601538658142090e-01
-2.410194426774978638e-01
3.730921447277069092e-01
8.304255604743957520e-01
-1.425817757844924927e-01
3.980643749237060547e-01
8.141930699348449707e-01
-2.042047530412673950e-01
4.609448909759521484e-01
7.878361940383911133e-01
-2.219654619693756104e-01
5.068125724792480469e-01
7.683752775192260742e-01
-2.289824187755584717e-01
3.955833315849304199e-01
8.923093080520629883e-01
-1.620957106351852417e-01
4.170513749122619629e-01
8.935893177986145020e-01
-2.053187340497970581e-01
4.557301998138427734e-01
8.693410158157348633e-01
-2.188086360692977905e-01
4.872508049011230469e-01
8.473758101463317871e-01
-2.270881533622741699e-01
