4.448416829109191895e-01
5.873963832855224609e-01
1.564832388112336048e-07
4.538666009902954102e-01
5.482935905456542969e-01
-1.662064716219902039e-02
4.633555710315704346e-01
5.161758065223693848e-01
-3.692930191755294800e-02
4.783396720886230469e-01
5.005372166633605957e-01
-5.589414387941360474e-02
4.900003373622894287e-01
5.020195841789245605e-01
-7.407923787832260132e-02
4.053060412406921387e-01
4.850136339664459229e-01
-4.084698483347892761e-02
4.243434965610504150e-01
4.680697023868560791e-01
-6.925193220376968384e-02
4.435400664806365967e-01
4.731217026710510254e-01
-8.784063160419464111e-02
4.525945782661437988e-01
4.852434694766998291e-01
-9.961771965026855469e-02
4.004848003387451172e-01
5.182488560676574707e-01
-4.731137305498123169e-02
4.225766360759735107e-01
4.991694986820220947e-01
-7.339378446340560913e-02
4.467974305152893066e-01
4.994988441467285156e-01
-8.292602747678756714e-02
4.587559998035430908e-01
5.046012401580810547e-01
-8.904490619897842407e-02
4.063303172588348389e-01
5.543516278266906738e-01
-5.529963970184326172e-02
4.404723644256591797e-01
5.367288589477539062e-01
-7.624887675046920776e-02
4.574473500251770020e-01
5.348049402236938477e-01
-7.566204667091369629e-02
4.588780999183654785e-01
5.365225076675415039e-01
-7.474197447299957275e-02
4.206362664699554443e-01
5.874277949333190918e-01
-6.513448059558868408e-02
4.565333127975463867e-01
5.736291408538818359e-01
-7.887404412031173706e-02
4.684736430644989014e-01
5.652995109558105469e-01
-7.854991406202316284e-02
4.670054912567138672e-01
5.591364502906799316e-01
-7.805732637643814087e-02
