4.461388587951660156e-01
5.682438611984252930e-01
1.104160745057924942e-07
4.519725143909454346e-01
5.338063836097717285e-01
-1.314183697104454041e-02
4.579477012157440186e-01
5.073929429054260254e-01
-2.935563400387763977e-02
4.761931896209716797e-01
4.945107102394104004e-01
-4.512590169906616211e-02
4.986543059349060059e-01
4.870934486389160156e-01
-6.080950796604156494e-02
4.061083197593688965e-01
4.822920262813568115e-01
-3.159325197339057922e-02
4.294413328170776367e-01
4.666718840599060059e-01
-5.551043152809143066e-02
4.495729804039001465e-01
4.724713861942291260e-01
-7.022191584110260010e-02
4.596829414367675781e-01
4.830719232559204102e-01
-7.856544852256774902e-02
4.023351669311523438e-01
5.177958607673645020e-01
-3.700244426727294922e-02
4.307006597518920898e-01
5.080442428588867188e-01
-5.893408134579658508e-02
4.576286077499389648e-01
5.089264512062072754e-01
-6.630913168191909790e-02
4.699404835700988770e-01
5.110978484153747559e-01
-6.993516534566879272e-02
4.095887839794158936e-01
5.545952916145324707e-01
-4.364017024636268616e-02
4.434878230094909668e-01
5.489541292190551758e-01
-6.304702907800674438e-02
4.655123949050903320e-01
5.471367835998535156e-01
-6.328108161687850952e-02
4.718748331069946289e-01
5.473251342773437500e-01
-6.122411414980888367e-02
4.236296415328979492e-01
5.856269598007202148e-01
-5.136818811297416687e-02
4.536698162555694580e-01
5.809698700904846191e-01
-6.251478940248489380e-02
4.709301590919494629e-01
5.742766857147216797e-01
-6.048501655459403992e-02
4.770095944404602051e-01
5.688688755035400391e-01
-5.779705569148063660e-02
