3.961604833602905273e-01
8.366239070892333984e-01
2.328009003349507111e-07
4.141843318939208984e-01
7.563011646270751953e-01
-3.127930685877799988e-02
4.450509548187255859e-01
6.974406242370605469e-01
-6.995747238397598267e-02
4.860914647579193115e-01
6.690108776092529297e-01
-1.051590815186500549e-01
4.989868998527526855e-01
6.952882409095764160e-01
-1.370687186717987061e-01
3.545438647270202637e-01
6.818789243698120117e-01
-9.159225225448608398e-02
4.353936314582824707e-01
6.518073678016662598e-01
-1.277450770139694214e-01
4.615724086761474609e-01
6.789227128028869629e-01
-1.384962648153305054e-01
4.578124284744262695e-01
7.068554162979125977e-01
-1.443358957767486572e-01
3.524153530597686768e-01
7.527149915695190430e-01
-9.796956926584243774e-02
4.568300247192382812e-01
7.171963453292846680e-01
-1.288684904575347900e-01
4.648003876209259033e-01
7.430096864700317383e-01
-1.228483468294143677e-01
4.456858932971954346e-01
7.534404397010803223e-01
-1.213871240615844727e-01
3.683120012283325195e-01
8.155517578125000000e-01
-1.050968393683433533e-01
4.719504117965698242e-01
7.777806520462036133e-01
-1.240893751382827759e-01
4.632942676544189453e-01
7.910730838775634766e-01
-1.030709818005561829e-01
4.354383051395416260e-01
7.989686727523803711e-01
-9.243780374526977539e-02
3.902480304241180420e-01
8.664203882217407227e-01
-1.166867390275001526e-01
4.715549945831298828e-01
8.314570188522338867e-01
-1.301048845052719116e-01
4.616571068763732910e-01
8.341856002807617188e-01
-1.201624944806098938e-01
4.349907338619232178e-01
8.417131900787353516e-01
-1.144896447658538818e-01
