4.540024995803833008e-01
5.863316059112548828e-01
-8.101277870764533873e-08
4.681914150714874268e-01
5.539982914924621582e-01
-1.001441478729248047e-02
4.763975143432617188e-01
5.218746066093444824e-01
-2.246106043457984924e-02
4.829528927803039551e-01
5.001617074012756348e-01
-3.450227156281471252e-02
4.884348213672637939e-01
4.936986267566680908e-01
-4.469288513064384460e-02
4.153275787830352783e-01
4.625180363655090332e-01
-1.771255396306514740e-02
4.524802565574645996e-01
4.572547972202301025e-01
-3.558606281876564026e-02
4.692312479019165039e-01
4.807520508766174316e-01
-4.710962995886802673e-02
4.715567827224731445e-01
5.005031824111938477e-01
-5.409630760550498962e-02
4.048784971237182617e-01
4.842712581157684326e-01
-2.257265523076057434e-02
4.479894340038299561e-01
4.790737032890319824e-01
-3.758976235985755920e-02
4.681643545627593994e-01
5.011584758758544922e-01
-4.305079206824302673e-02
4.711998403072357178e-01
5.159125328063964844e-01
-4.640331864356994629e-02
4.035447835922241211e-01
5.142749547958374023e-01
-2.876104041934013367e-02
4.483345746994018555e-01
5.117378234863281250e-01
-4.314937442541122437e-02
4.661792516708374023e-01
5.315828323364257812e-01
-4.260786622762680054e-02
4.667887985706329346e-01
5.455188751220703125e-01
-4.090853407979011536e-02
4.104571938514709473e-01
5.484504103660583496e-01
-3.601152077317237854e-02
4.430813789367675781e-01
5.441752672195434570e-01
-4.540817439556121826e-02
4.608987569808959961e-01
5.463637709617614746e-01
-4.442686215043067932e-02
4.681661128997802734e-01
5.469428300857543945e-01
-4.235076159238815308e-02
