4.250659644603729248e-01
7.910843491554260254e-01
5.611087203760689590e-07
4.454286992549896240e-01
7.197107076644897461e-01
-3.321789205074310303e-02
4.680406451225280762e-01
6.715224981307983398e-01
-7.684233039617538452e-02
5.060304999351501465e-01
6.423501968383789062e-01
-1.178344786167144775e-01
5.429829955101013184e-01
6.144291758537292480e-01
-1.606171131134033203e-01
3.861640989780426025e-01
6.578038334846496582e-01
-1.177941635251045227e-01
3.861776292324066162e-01
6.134959459304809570e-01
-1.812483370304107666e-01
4.276228547096252441e-01
6.039887070655822754e-01
-2.179819047451019287e-01
4.644691646099090576e-01
6.029607057571411133e-01
-2.392748445272445679e-01
3.805927336215972900e-01
7.142556905746459961e-01
-1.316703855991363525e-01
4.004309177398681641e-01
6.764894723892211914e-01
-2.004487514495849609e-01
4.450315237045288086e-01
6.617323756217956543e-01
-2.284534126520156860e-01
4.791889190673828125e-01
6.524040699005126953e-01
-2.452899366617202759e-01
3.902968168258666992e-01
7.712188959121704102e-01
-1.455302536487579346e-01
4.313677847385406494e-01
7.476126551628112793e-01
-2.059879750013351440e-01
4.749873578548431396e-01
7.295609116554260254e-01
-2.229290604591369629e-01
5.060808062553405762e-01
7.181020975112915039e-01
-2.299121469259262085e-01
4.108647406101226807e-01
8.241288065910339355e-01
-1.604483872652053833e-01
4.439683258533477783e-01
8.148789405822753906e-01
-2.043859958648681641e-01
4.769943952560424805e-01
8.005627393722534180e-01
-2.162387818098068237e-01
5.024973750114440918e-01
7.901814579963684082e-01
-2.224734127521514893e-01
