4.485201239585876465e-01
5.621685385704040527e-01
-8.097100590021000244e-08
4.636819064617156982e-01
5.249127745628356934e-01
-1.787976920604705811e-02
4.761395454406738281e-01
4.967734217643737793e-01
-3.401353210210800171e-02
4.851051568984985352e-01
4.782202243804931641e-01
-4.851472377777099609e-02
4.832535684108734131e-01
4.876576960086822510e-01
-6.131939217448234558e-02
4.090428352355957031e-01
4.545892477035522461e-01
-2.598576433956623077e-02
4.507428109645843506e-01
4.517754912376403809e-01
-4.821846634149551392e-02
4.692206382751464844e-01
4.710570871829986572e-01
-6.332488358020782471e-02
4.704692959785461426e-01
4.856796562671661377e-01
-7.239408046007156372e-02
4.024891555309295654e-01
4.840614795684814453e-01
-2.736545912921428680e-02
4.528998136520385742e-01
4.820310175418853760e-01
-4.413196444511413574e-02
4.702584147453308105e-01
4.993044435977935791e-01
-4.957015812397003174e-02
4.681506752967834473e-01
5.082342624664306641e-01
-5.338343977928161621e-02
4.060941338539123535e-01
5.182135701179504395e-01
-3.094476461410522461e-02
4.565194249153137207e-01
5.146750211715698242e-01
-4.503994062542915344e-02
4.675403833389282227e-01
5.222648978233337402e-01
-4.458662122488021851e-02
4.611757993698120117e-01
5.252787470817565918e-01
-4.368261992931365967e-02
4.172671139240264893e-01
5.505760312080383301e-01
-3.649891912937164307e-02
4.580973982810974121e-01
5.478193759918212891e-01
-4.429436475038528442e-02
4.658316075801849365e-01
5.481860637664794922e-01
-4.351957887411117554e-02
4.600912630558013916e-01
5.481557250022888184e-01
-4.237845540046691895e-02
