4.459711611270904541e-01
5.667943954467773438e-01
1.262210247432449250e-07
4.594413042068481445e-01
5.277441143989562988e-01
-1.555842347443103790e-02
4.670931100845336914e-01
4.952656924724578857e-01
-3.452272713184356689e-02
4.852967560291290283e-01
4.749633967876434326e-01
-5.495788156986236572e-02
5.029876828193664551e-01
4.636014699935913086e-01
-7.548680901527404785e-02
4.187909364700317383e-01
4.870979785919189453e-01
-3.831941634416580200e-02
3.927873075008392334e-01
4.524967372417449951e-01
-6.995231658220291138e-02
4.205746948719024658e-01
4.526580572128295898e-01
-8.872078359127044678e-02
4.438840746879577637e-01
4.596569538116455078e-01
-9.831421077251434326e-02
4.117548167705535889e-01
5.202222466468811035e-01
-4.636025801301002502e-02
3.865221738815307617e-01
5.003398656845092773e-01
-7.826053351163864136e-02
4.217753410339355469e-01
4.960771799087524414e-01
-9.100769460201263428e-02
4.470177590847015381e-01
4.959939122200012207e-01
-9.646964073181152344e-02
4.127783477306365967e-01
5.556001663208007812e-01
-5.641023814678192139e-02
3.983429670333862305e-01
5.475240945816040039e-01
-8.476739376783370972e-02
4.325480163097381592e-01
5.398458838462829590e-01
-9.006261080503463745e-02
4.562626481056213379e-01
5.366640090942382812e-01
-8.984893560409545898e-02
4.220616519451141357e-01
5.891261696815490723e-01
-6.751269102096557617e-02
4.202863574028015137e-01
5.944969654083251953e-01
-8.711178600788116455e-02
4.436455965042114258e-01
5.851050019264221191e-01
-9.036768972873687744e-02
4.621380567550659180e-01
5.789096355438232422e-01
-9.083358198404312134e-02
