4.510172307491302490e-01
5.841988921165466309e-01
-7.755058817338067456e-08
4.696575701236724854e-01
5.486518740653991699e-01
-1.226288545876741409e-02
4.808101058006286621e-01
5.175141692161560059e-01
-2.553556300699710846e-02
4.891592860221862793e-01
4.974156320095062256e-01
-3.813833370804786682e-02
4.902905821800231934e-01
5.007522106170654297e-01
-4.891759902238845825e-02
4.167824089527130127e-01
4.655424654483795166e-01
-1.920767314732074738e-02
4.585924446582794189e-01
4.644923806190490723e-01
-3.924567252397537231e-02
4.747556149959564209e-01
4.879685044288635254e-01
-5.270016938447952271e-02
4.742147922515869141e-01
5.039221048355102539e-01
-6.108006089925765991e-02
4.083546102046966553e-01
4.906238913536071777e-01
-2.316381968557834625e-02
4.541875720024108887e-01
4.869474470615386963e-01
-4.021149501204490662e-02
4.727117121219635010e-01
5.081093311309814453e-01
-4.566293582320213318e-02
4.724949896335601807e-01
5.195070505142211914e-01
-4.890894517302513123e-02
4.076592326164245605e-01
5.213762521743774414e-01
-2.889758348464965820e-02
4.537888467311859131e-01
5.170757174491882324e-01
-4.428426176309585571e-02
4.701058268547058105e-01
5.318869948387145996e-01
-4.371711239218711853e-02
4.675564765930175781e-01
5.400873422622680664e-01
-4.195412993431091309e-02
4.141161143779754639e-01
5.534486770629882812e-01
-3.594709187746047974e-02
4.520901739597320557e-01
5.497058629989624023e-01
-4.501896351575851440e-02
4.637448191642761230e-01
5.550261139869689941e-01
-4.431924968957901001e-02
4.609240889549255371e-01
5.565544962882995605e-01
-4.281022772192955017e-02
