4.209264218807220459e-01
7.697204947471618652e-01
4.618289324298530119e-07
4.379429817199707031e-01
7.070891261100769043e-01
-3.254592791199684143e-02
4.637455940246582031e-01
6.635218858718872070e-01
-7.275356352329254150e-02
5.049571990966796875e-01
6.383651494979858398e-01
-1.106646358966827393e-01
5.427664518356323242e-01
6.170059442520141602e-01
-1.503042131662368774e-01
3.864903748035430908e-01
6.470642685890197754e-01
-1.019008457660675049e-01
3.948064446449279785e-01
6.094987392425537109e-01
-1.596163064241409302e-01
4.314253926277160645e-01
6.055250763893127441e-01
-1.942895799875259399e-01
4.636447429656982422e-01
6.091115474700927734e-01
-2.138309776782989502e-01
3.815165758132934570e-01
7.027944326400756836e-01
-1.124441549181938171e-01
4.198986291885375977e-01
6.737241744995117188e-01
-1.694502979516983032e-01
4.595261216163635254e-01
6.681483983993530273e-01
-1.889932155609130859e-01
4.864854812622070312e-01
6.652314662933349609e-01
-2.004314064979553223e-01
3.903039395809173584e-01
7.611782550811767578e-01
-1.241285577416419983e-01
4.395380914211273193e-01
7.414462566375732422e-01
-1.743817627429962158e-01
4.780618846416473389e-01
7.307360172271728516e-01
-1.808271557092666626e-01
5.037885904312133789e-01
7.228642702102661133e-01
-1.810557097196578979e-01
4.075463116168975830e-01
8.138915300369262695e-01
-1.376852095127105713e-01
4.440866708755493164e-01
8.072262406349182129e-01
-1.743848770856857300e-01
4.743725955486297607e-01
7.962984442710876465e-01
-1.781102716922760010e-01
4.968571364879608154e-01
7.866476178169250488e-01
-1.777412593364715576e-01
