4.394666552543640137e-01
8.115194439888000488e-01
6.963969667594938073e-08
4.547191858291625977e-01
7.537158727645874023e-01
-4.107270762324333191e-02
4.723601937294006348e-01
7.042434811592102051e-01
-8.487340807914733887e-02
5.023995637893676758e-01
6.790639162063598633e-01
-1.268403679132461548e-01
5.158222913742065430e-01
6.983900070190429688e-01
-1.698056757450103760e-01
3.714658021926879883e-01
6.983816623687744141e-01
-1.006172522902488708e-01
3.758578896522521973e-01
6.645163893699645996e-01
-1.654904484748840332e-01
4.362097680568695068e-01
6.595776677131652832e-01
-2.045551389455795288e-01
4.807468652725219727e-01
6.650881767272949219e-01
-2.253135293722152710e-01
3.644638657569885254e-01
7.622070908546447754e-01
-1.090752780437469482e-01
3.773421347141265869e-01
7.340619564056396484e-01
-1.745267957448959351e-01
4.514792561531066895e-01
7.155322432518005371e-01
-2.019514739513397217e-01
4.960788786411285400e-01
7.059956789016723633e-01
-2.166929394006729126e-01
3.696034252643585205e-01
8.284949660301208496e-01
-1.199499443173408508e-01
3.849098980426788330e-01
8.141759037971496582e-01
-1.772623658180236816e-01
4.530190229415893555e-01
7.815056443214416504e-01
-1.899309307336807251e-01
5.015519261360168457e-01
7.572095394134521484e-01
-1.928509026765823364e-01
3.901360630989074707e-01
8.858304619789123535e-01
-1.330715119838714600e-01
4.043087959289550781e-01
8.951292037963867188e-01
-1.726319491863250732e-01
4.494433403015136719e-01
8.667677640914916992e-01
-1.820090562105178833e-01
4.869205355644226074e-01
8.389478921890258789e-01
-1.867073476314544678e-01
