4.435573220252990723e-01
5.691751837730407715e-01
3.091739131377835292e-07
4.549241960048675537e-01
5.289395451545715332e-01
-9.515529498457908630e-03
4.656378626823425293e-01
4.981244504451751709e-01
-2.700299769639968872e-02
4.821590483188629150e-01
4.841927289962768555e-01
-4.517704620957374573e-02
4.995149970054626465e-01
4.792298078536987305e-01
-6.379087269306182861e-02
4.179706573486328125e-01
4.806955158710479736e-01
-4.296662658452987671e-02
4.119547009468078613e-01
4.540935754776000977e-01
-7.157666981220245361e-02
4.339128136634826660e-01
4.534875154495239258e-01
-8.812195807695388794e-02
4.554693400859832764e-01
4.587087333202362061e-01
-9.742183983325958252e-02
4.088211655616760254e-01
5.080440640449523926e-01
-5.259448662400245667e-02
4.300279617309570312e-01
4.930994212627410889e-01
-8.233733475208282471e-02
4.610418081283569336e-01
4.849940240383148193e-01
-9.292494505643844604e-02
4.842485189437866211e-01
4.818729758262634277e-01
-9.853978455066680908e-02
4.096690118312835693e-01
5.425405502319335938e-01
-6.267987936735153198e-02
4.362053573131561279e-01
5.407509803771972656e-01
-8.842854201793670654e-02
4.616654217243194580e-01
5.365112423896789551e-01
-9.247756004333496094e-02
4.792301654815673828e-01
5.333211421966552734e-01
-9.317528456449508667e-02
4.181991815567016602e-01
5.765449404716491699e-01
-7.334817945957183838e-02
4.421140849590301514e-01
5.803407430648803711e-01
-9.071549028158187866e-02
4.610819220542907715e-01
5.771705508232116699e-01
-9.254058450460433960e-02
4.748371541500091553e-01
5.729142427444458008e-01
-9.252450615167617798e-02
