4.196393191814422607e-01
7.793907523155212402e-01
3.702563731167174410e-07
4.345606267452239990e-01
7.119598388671875000e-01
-3.124921210110187531e-02
4.601524770259857178e-01
6.675710082054138184e-01
-7.101621478796005249e-02
5.007921457290649414e-01
6.419481635093688965e-01
-1.071256324648857117e-01
5.382286310195922852e-01
6.255809664726257324e-01
-1.435911506414413452e-01
3.731423020362854004e-01
6.410919427871704102e-01
-1.044099852442741394e-01
4.216066002845764160e-01
6.048756241798400879e-01
-1.558490246534347534e-01
4.508183896541595459e-01
6.103761196136474609e-01
-1.825621128082275391e-01
4.644820690155029297e-01
6.183231472969055176e-01
-1.985714435577392578e-01
3.703510165214538574e-01
6.997969746589660645e-01
-1.145977675914764404e-01
4.434045851230621338e-01
6.710615754127502441e-01
-1.684761345386505127e-01
4.710673689842224121e-01
6.740610003471374512e-01
-1.840536743402481079e-01
4.848693311214447021e-01
6.757666468620300293e-01
-1.943747848272323608e-01
3.836967349052429199e-01
7.609369158744812012e-01
-1.246845051646232605e-01
4.554637968540191650e-01
7.358054518699645996e-01
-1.720048189163208008e-01
4.834586977958679199e-01
7.314757108688354492e-01
-1.740744262933731079e-01
4.975664913654327393e-01
7.269582748413085938e-01
-1.727240234613418579e-01
4.048642218112945557e-01
8.135343194007873535e-01
-1.365469545125961304e-01
4.528346359729766846e-01
8.023776412010192871e-01
-1.721378862857818604e-01
4.761492609977722168e-01
7.927150726318359375e-01
-1.747547090053558350e-01
4.901553094387054443e-01
7.832081317901611328e-01
-1.741109639406204224e-01
