4.450308978557586670e-01
5.630812644958496094e-01
-1.331803645143736503e-08
4.553578197956085205e-01
5.281909704208374023e-01
-1.492409408092498779e-02
4.652959108352661133e-01
5.026915669441223145e-01
-3.135434538125991821e-02
4.796868860721588135e-01
4.852939248085021973e-01
-4.720505326986312866e-02
4.933520555496215820e-01
4.798375666141510010e-01
-6.183573231101036072e-02
4.060904681682586670e-01
4.620575904846191406e-01
-2.549274452030658722e-02
4.449245631694793701e-01
4.517172574996948242e-01
-4.750744253396987915e-02
4.640224575996398926e-01
4.673672616481781006e-01
-6.120808795094490051e-02
4.673908948898315430e-01
4.798993766307830811e-01
-6.907793879508972168e-02
4.024719893932342529e-01
4.940721392631530762e-01
-2.874130941927433014e-02
4.488972127437591553e-01
4.867016375064849854e-01
-4.597017914056777954e-02
4.685762822628021240e-01
5.026640892028808594e-01
-5.014390125870704651e-02
4.689480066299438477e-01
5.082816481590270996e-01
-5.241850763559341431e-02
4.078799486160278320e-01
5.287857055664062500e-01
-3.389583155512809753e-02
4.570682048797607422e-01
5.226874351501464844e-01
-4.841335862874984741e-02
4.682362079620361328e-01
5.322152376174926758e-01
-4.639248177409172058e-02
4.615557789802551270e-01
5.358772873878479004e-01
-4.380977153778076172e-02
4.194859564304351807e-01
5.602486133575439453e-01
-4.072861000895500183e-02
4.601048827171325684e-01
5.534445047378540039e-01
-4.755449667572975159e-02
4.688518345355987549e-01
5.543838739395141602e-01
-4.449796676635742188e-02
4.633144438266754150e-01
5.550566315650939941e-01
-4.144534096121788025e-02
