4.874666929244995117e-01
9.712845087051391602e-01
-1.248157985855868901e-07
4.804235994815826416e-01
8.649477958679199219e-01
3.171676537021994591e-03
5.173909068107604980e-01
7.825104594230651855e-01
9.794894140213727951e-04
5.668707489967346191e-01
7.374160885810852051e-01
-2.736076246947050095e-03
6.076872348785400391e-01
7.245718836784362793e-01
-5.572351627051830292e-03
5.370268821716308594e-01
7.492195367813110352e-01
-8.860036730766296387e-03
5.806833505630493164e-01
6.548579335212707520e-01
-1.651687175035476685e-02
6.090552806854248047e-01
6.012386679649353027e-01
-1.863918639719486237e-02
6.296334862709045410e-01
5.559525489807128906e-01
-2.027403749525547028e-02
5.762267112731933594e-01
7.814117074012756348e-01
-1.486374437808990479e-02
6.081179976463317871e-01
7.274764180183410645e-01
-2.423029206693172455e-02
5.932360887527465820e-01
7.493610382080078125e-01
-2.220344915986061096e-02
5.731453299522399902e-01
7.722008228302001953e-01
-1.793360710144042969e-02
6.083804368972778320e-01
8.212479948997497559e-01
-1.916918717324733734e-02
6.192018985748291016e-01
7.826516628265380859e-01
-2.143236249685287476e-02
6.048319339752197266e-01
8.016872406005859375e-01
-1.006635744124650955e-02
5.882676839828491211e-01
8.209328651428222656e-01
-1.679835724644362926e-03
6.321817040443420410e-01
8.604617118835449219e-01
-2.394242584705352783e-02
6.306733489036560059e-01
8.299485445022583008e-01
-1.541062630712985992e-02
6.168060898780822754e-01
8.444754481315612793e-01
-8.296506712213158607e-04
6.053330898284912109e-01
8.622123599052429199e-01
1.005136407911777496e-02
