4.579482078552246094e-01
9.672584533691406250e-01
-1.140419101375300670e-07
4.513774514198303223e-01
8.599399924278259277e-01
9.893761016428470612e-04
4.872697293758392334e-01
7.698863744735717773e-01
-3.224209416657686234e-03
5.366623401641845703e-01
7.227196693420410156e-01
-1.018909737467765808e-02
5.789117217063903809e-01
7.157610058784484863e-01
-1.570679806172847748e-02
5.024020075798034668e-01
7.312464118003845215e-01
-5.900896620005369186e-03
5.448677539825439453e-01
6.384723186492919922e-01
-1.762985624372959137e-02
5.715595483779907227e-01
5.823580026626586914e-01
-2.332237549126148224e-02
5.913026332855224609e-01
5.376529693603515625e-01
-2.724191732704639435e-02
5.384865999221801758e-01
7.575002312660217285e-01
-1.396318338811397552e-02
5.760662555694580078e-01
7.194679975509643555e-01
-3.144618496298789978e-02
5.631328821182250977e-01
7.454645037651062012e-01
-3.426409885287284851e-02
5.443968176841735840e-01
7.681203484535217285e-01
-3.113520704209804535e-02
5.710426568984985352e-01
7.943708300590515137e-01
-2.113396115601062775e-02
5.906463265419006348e-01
7.698155045509338379e-01
-3.117561899125576019e-02
5.745818614959716797e-01
7.927343845367431641e-01
-2.186983451247215271e-02
5.561748147010803223e-01
8.115006685256958008e-01
-1.227238029241561890e-02
5.980160832405090332e-01
8.333595991134643555e-01
-2.915636263787746429e-02
6.058239936828613281e-01
8.139857649803161621e-01
-2.587724663317203522e-02
5.901297926902770996e-01
8.315675258636474609e-01
-1.266335509717464447e-02
5.753762722015380859e-01
8.477010130882263184e-01
-1.056560780853033066e-03
