4.657093584537506104e-01
8.172364234924316406e-01
-1.148859780641942052e-07
4.490313827991485596e-01
7.224743366241455078e-01
1.037277840077877045e-02
4.710753858089447021e-01
6.474450826644897461e-01
9.033372625708580017e-03
5.078905820846557617e-01
6.104922890663146973e-01
5.349861923605203629e-03
5.421406030654907227e-01
6.063101291656494141e-01
8.077619713731110096e-04
4.873687028884887695e-01
6.048953533172607422e-01
-1.181343849748373032e-02
5.200026035308837891e-01
5.132977962493896484e-01
-1.626055873930454254e-02
5.403681993484497070e-01
4.603396356105804443e-01
-1.659632660448551178e-02
5.541217923164367676e-01
4.163890182971954346e-01
-1.754482276737689972e-02
5.258675217628479004e-01
6.286151409149169922e-01
-2.032030373811721802e-02
5.497844219207763672e-01
5.710502266883850098e-01
-2.298461645841598511e-02
5.368536114692687988e-01
5.936003327369689941e-01
-1.684180088341236115e-02
5.210503935813903809e-01
6.195278167724609375e-01
-1.178399100899696350e-02
5.584200620651245117e-01
6.631717681884765625e-01
-2.577469684183597565e-02
5.631332993507385254e-01
6.254292130470275879e-01
-2.068711631000041962e-02
5.508035421371459961e-01
6.432945728302001953e-01
-7.366873323917388916e-03
5.386112332344055176e-01
6.635935306549072266e-01
-1.002934586722403765e-04
5.822892189025878906e-01
7.002237439155578613e-01
-3.097459301352500916e-02
5.786372423171997070e-01
6.665257215499877930e-01
-1.757565140724182129e-02
5.666654109954833984e-01
6.817073822021484375e-01
-3.663532552309334278e-04
5.590419173240661621e-01
7.017827630043029785e-01
1.094095222651958466e-02
