4.217067956924438477e-01
9.574836492538452148e-01
-1.118888235396298114e-07
4.180643558502197266e-01
8.621755838394165039e-01
1.844137790612876415e-03
4.535530805587768555e-01
7.899034023284912109e-01
-5.397577770054340363e-04
4.976451396942138672e-01
7.575437426567077637e-01
-4.363463725894689560e-03
5.321767330169677734e-01
7.548654079437255859e-01
-7.743498310446739197e-03
4.734219312667846680e-01
7.588890790939331055e-01
-9.583190083503723145e-03
5.154065489768981934e-01
6.819949150085449219e-01
-1.819107122719287872e-02
5.427061915397644043e-01
6.362180709838867188e-01
-2.184972353279590607e-02
5.621887445449829102e-01
5.985479950904846191e-01
-2.444353327155113220e-02
5.077535510063171387e-01
7.908685803413391113e-01
-1.598776504397392273e-02
5.359421968460083008e-01
7.441937327384948730e-01
-2.636381797492504120e-02
5.209665298461914062e-01
7.589489221572875977e-01
-2.483796887099742889e-02
5.036617517471313477e-01
7.769160866737365723e-01
-2.076093107461929321e-02
5.339674949645996094e-01
8.292787075042724609e-01
-2.117324247956275940e-02
5.419388413429260254e-01
7.949135303497314453e-01
-2.587875723838806152e-02
5.261139273643493652e-01
8.088829517364501953e-01
-1.589691080152988434e-02
5.108637213706970215e-01
8.245218396186828613e-01
-7.506526075303554535e-03
5.520519614219665527e-01
8.668354749679565430e-01
-2.689347229897975922e-02
5.498569011688232422e-01
8.379637598991394043e-01
-2.129344642162322998e-02
5.353346467018127441e-01
8.488860726356506348e-01
-7.798417005687952042e-03
5.242179632186889648e-01
8.643606305122375488e-01
2.940054284408688545e-03
