4.319577813148498535e-01
8.015065193176269531e-01
-1.082999503410064790e-07
4.109287261962890625e-01
7.105479240417480469e-01
9.094143286347389221e-03
4.299049377441406250e-01
6.278893947601318359e-01
8.146991021931171417e-03
4.678242802619934082e-01
5.822749137878417969e-01
5.985056050121784210e-03
5.045378208160400391e-01
5.761379599571228027e-01
3.408651100471615791e-03
4.374223351478576660e-01
5.824565887451171875e-01
-1.623333431780338287e-02
4.729124903678894043e-01
4.854136109352111816e-01
-1.985891349613666534e-02
4.941684901714324951e-01
4.304587841033935547e-01
-1.892341859638690948e-02
5.074600577354431152e-01
3.853347897529602051e-01
-1.935359835624694824e-02
4.769849479198455811e-01
6.029114723205566406e-01
-2.358470298349857330e-02
5.138820409774780273e-01
5.525854825973510742e-01
-2.582149207592010498e-02
5.050063133239746094e-01
5.823336839675903320e-01
-1.837889477610588074e-02
4.880547821521759033e-01
6.074219942092895508e-01
-1.281238067895174026e-02
5.135474801063537598e-01
6.344506740570068359e-01
-2.765561081469058990e-02
5.314117074012756348e-01
6.031116247177124023e-01
-2.163876593112945557e-02
5.227606296539306641e-01
6.261076927185058594e-01
-6.883288267999887466e-03
5.086814761161804199e-01
6.459076404571533203e-01
8.177110576070845127e-04
5.420367121696472168e-01
6.689763665199279785e-01
-3.152269870042800903e-02
5.479809045791625977e-01
6.398977637290954590e-01
-1.744723692536354065e-02
5.391200780868530273e-01
6.584200859069824219e-01
2.638553560245782137e-04
5.302047133445739746e-01
6.771154999732971191e-01
1.175008248537778854e-02
