3.564669191837310791e-01
8.324227929115295410e-01
-1.055509883940430882e-07
3.410544693470001221e-01
7.434976100921630859e-01
7.083745673298835754e-03
3.633722066879272461e-01
6.608269810676574707e-01
4.519772250205278397e-03
4.032653868198394775e-01
6.091671586036682129e-01
6.848643533885478973e-04
4.415580332279205322e-01
5.920148491859436035e-01
-2.661826089024543762e-03
3.649386763572692871e-01
6.167633533477783203e-01
-1.579179428517818451e-02
4.046853184700012207e-01
5.215738415718078613e-01
-2.067027240991592407e-02
4.270537197589874268e-01
4.691661596298217773e-01
-1.922894269227981567e-02
4.414049983024597168e-01
4.275208115577697754e-01
-1.863615028560161591e-02
4.027824401855468750e-01
6.401924490928649902e-01
-2.353655546903610229e-02
4.475579857826232910e-01
5.964206457138061523e-01
-2.986576221883296967e-02
4.398062825202941895e-01
6.274178624153137207e-01
-2.375105954706668854e-02
4.222633242607116699e-01
6.516651511192321777e-01
-1.807316020131111145e-02
4.392936229705810547e-01
6.733587384223937988e-01
-2.849522978067398071e-02
4.644600152969360352e-01
6.418882012367248535e-01
-2.800820395350456238e-02
4.552773237228393555e-01
6.662457585334777832e-01
-1.334408391267061234e-02
4.408048093318939209e-01
6.856101751327514648e-01
-4.114134702831506729e-03
4.695256054401397705e-01
7.071050405502319336e-01
-3.318478539586067200e-02
4.791948199272155762e-01
6.781607866287231445e-01
-2.268286980688571930e-02
4.697039425373077393e-01
6.982463598251342773e-01
-5.306678824126720428e-03
4.606510698795318604e-01
7.162513136863708496e-01
6.700532045215368271e-03
