4.510281085968017578e-01
8.148958683013916016e-01
-8.298669484929632745e-08
4.365089833736419678e-01
7.215242385864257812e-01
5.994939245283603668e-03
4.598144888877868652e-01
6.480697989463806152e-01
3.518966026604175568e-03
4.978160858154296875e-01
6.154853105545043945e-01
-1.005573198199272156e-03
5.300799012184143066e-01
6.184552311897277832e-01
-6.133564282208681107e-03
4.767865240573883057e-01
6.080452799797058105e-01
-1.236387062817811966e-02
5.086279511451721191e-01
5.214140415191650391e-01
-1.907539926469326019e-02
5.299938321113586426e-01
4.704481959342956543e-01
-2.175783365964889526e-02
5.452597737312316895e-01
4.295330941677093506e-01
-2.419708110392093658e-02
5.133467912673950195e-01
6.337760686874389648e-01
-1.995684951543807983e-02
5.388733744621276855e-01
5.865242481231689453e-01
-2.619550190865993500e-02
5.255932211875915527e-01
6.088517904281616211e-01
-2.196696586906909943e-02
5.097528100013732910e-01
6.330805420875549316e-01
-1.729974336922168732e-02
5.433188080787658691e-01
6.701522469520568848e-01
-2.537823095917701721e-02
5.513054728507995605e-01
6.390070319175720215e-01
-2.430526912212371826e-02
5.377045273780822754e-01
6.563293337821960449e-01
-1.248208153992891312e-02
5.240920186042785645e-01
6.758746504783630371e-01
-4.804851952940225601e-03
5.653011798858642578e-01
7.080767154693603516e-01
-3.102849051356315613e-02
5.644145011901855469e-01
6.820716261863708496e-01
-2.084171026945114136e-02
5.517868399620056152e-01
6.959991455078125000e-01
-5.310381762683391571e-03
5.423185229301452637e-01
7.142500877380371094e-01
5.690133664757013321e-03
