3.748213648796081543e-01
9.685462117195129395e-01
-8.381090310649597086e-08
3.657049834728240967e-01
8.706271052360534668e-01
1.684625283814966679e-03
4.013331532478332520e-01
7.814138531684875488e-01
-4.468663129955530167e-03
4.540971219539642334e-01
7.261672616004943848e-01
-1.162677071988582611e-02
4.981981217861175537e-01
7.048838734626770020e-01
-1.798624359071254730e-02
4.041873812675476074e-01
7.447838187217712402e-01
-2.049559168517589569e-02
4.525587260723114014e-01
6.466186046600341797e-01
-3.190604969859123230e-02
4.836127161979675293e-01
5.909273624420166016e-01
-3.526164963841438293e-02
5.053645968437194824e-01
5.455014705657958984e-01
-3.772303834557533264e-02
4.425136148929595947e-01
7.772203683853149414e-01
-2.917652390897274017e-02
4.964138865470886230e-01
7.250613570213317871e-01
-4.602359607815742493e-02
4.850222170352935791e-01
7.553379535675048828e-01
-4.397461935877799988e-02
4.610557258129119873e-01
7.801264524459838867e-01
-3.856483846902847290e-02
4.788491129875183105e-01
8.181646466255187988e-01
-3.581401705741882324e-02
5.126998424530029297e-01
7.773389816284179688e-01
-4.418829455971717834e-02
5.005319714546203613e-01
8.022760152816772461e-01
-2.897462807595729828e-02
4.814586639404296875e-01
8.215056061744689941e-01
-1.687201112508773804e-02
5.087108016014099121e-01
8.591550588607788086e-01
-4.272055998444557190e-02
5.274518728256225586e-01
8.211037516593933105e-01
-3.778507187962532043e-02
5.144435763359069824e-01
8.419419527053833008e-01
-1.974146813154220581e-02
5.014598965644836426e-01
8.603740334510803223e-01
-6.169584114104509354e-03
