3.522577285766601562e-01
9.538766741752624512e-01
-1.580769719566887943e-07
3.442724943161010742e-01
8.589597344398498535e-01
6.446140352636575699e-03
3.768253624439239502e-01
7.784538269042968750e-01
3.708995413035154343e-03
4.247165322303771973e-01
7.292187809944152832e-01
1.171182258985936642e-03
4.661158919334411621e-01
7.192639112472534180e-01
-1.717107603326439857e-03
3.912717401981353760e-01
7.484756708145141602e-01
-2.338664233684539795e-02
4.351260364055633545e-01
6.504362821578979492e-01
-2.845475822687149048e-02
4.608468711376190186e-01
5.976541638374328613e-01
-2.668840065598487854e-02
4.799094200134277344e-01
5.540551543235778809e-01
-2.571068331599235535e-02
4.288824796676635742e-01
7.800225615501403809e-01
-2.861425839364528656e-02
4.689699113368988037e-01
7.122039198875427246e-01
-3.365842625498771667e-02
4.514879584312438965e-01
7.324136495590209961e-01
-2.485955506563186646e-02
4.288178086280822754e-01
7.573020458221435547e-01
-1.663240231573581696e-02
4.600182771682739258e-01
8.169161081314086914e-01
-3.043046034872531891e-02
4.810869395732879639e-01
7.631378173828125000e-01
-2.759371139109134674e-02
4.648555219173431396e-01
7.792034149169921875e-01
-1.205594372004270554e-02
4.473380148410797119e-01
8.006203174591064453e-01
-2.039737068116664886e-03
4.830541014671325684e-01
8.531494140625000000e-01
-3.181436285376548767e-02
4.901779592037200928e-01
8.029673695564270020e-01
-2.119738981127738953e-02
4.755221307277679443e-01
8.160431385040283203e-01
-4.692553076893091202e-03
4.644777476787567139e-01
8.365148901939392090e-01
6.830857601016759872e-03
