4.834043681621551514e-01
9.719754457473754883e-01
-1.346082854070118628e-07
4.765477180480957031e-01
8.611397743225097656e-01
4.750948864966630936e-03
5.130261182785034180e-01
7.794321179389953613e-01
1.784984488040208817e-03
5.582866668701171875e-01
7.387791275978088379e-01
-3.886115504428744316e-03
5.947870016098022461e-01
7.335968017578125000e-01
-8.865873329341411591e-03
5.369825363159179688e-01
7.473760247230529785e-01
-3.939966205507516861e-03
5.775453448295593262e-01
6.543853282928466797e-01
-1.097934786230325699e-02
6.028842926025390625e-01
5.997448563575744629e-01
-1.446361467242240906e-02
6.231737732887268066e-01
5.549989342689514160e-01
-1.763595454394817352e-02
5.747532248497009277e-01
7.786659002304077148e-01
-1.175011601299047470e-02
5.955120921134948730e-01
7.274113297462463379e-01
-2.130671963095664978e-02
5.789373517036437988e-01
7.473396062850952148e-01
-2.103428170084953308e-02
5.642501115798950195e-01
7.707633972167968750e-01
-1.871372014284133911e-02
6.051281690597534180e-01
8.155339360237121582e-01
-1.805887930095195770e-02
6.086375713348388672e-01
7.672030329704284668e-01
-2.194539643824100494e-02
5.894414186477661133e-01
7.844059467315673828e-01
-1.171589549630880356e-02
5.737053751945495605e-01
8.061630725860595703e-01
-4.092783667147159576e-03
6.284964084625244141e-01
8.502342104911804199e-01
-2.475385740399360657e-02
6.232463717460632324e-01
8.089594244956970215e-01
-1.827562041580677032e-02
6.067018508911132812e-01
8.215465545654296875e-01
-4.342475440353155136e-03
5.957154631614685059e-01
8.422727584838867188e-01
6.335762329399585724e-03
