4.198118746280670166e-01
9.586132168769836426e-01
-9.214995344564158586e-08
4.180845916271209717e-01
8.638468384742736816e-01
3.789064008742570877e-03
4.553544521331787109e-01
7.917886376380920410e-01
2.371535403653979301e-03
4.991527497768402100e-01
7.583916187286376953e-01
-6.785252480767667294e-04
5.348279476165771484e-01
7.551324963569641113e-01
-3.002052661031484604e-03
4.737839996814727783e-01
7.612044811248779297e-01
-7.830227725207805634e-03
5.168824791908264160e-01
6.824750900268554688e-01
-1.377247367054224014e-02
5.440614223480224609e-01
6.363706588745117188e-01
-1.546168792992830276e-02
5.637733936309814453e-01
5.985961556434631348e-01
-1.723292097449302673e-02
5.062271952629089355e-01
7.924190163612365723e-01
-1.415562070906162262e-02
5.357684493064880371e-01
7.554302811622619629e-01
-2.134509198367595673e-02
5.225025415420532227e-01
7.735889554023742676e-01
-1.889132708311080933e-02
5.061274170875549316e-01
7.906234264373779297e-01
-1.548610441386699677e-02
5.322588682174682617e-01
8.314646482467651367e-01
-1.892411336302757263e-02
5.430268645286560059e-01
8.029336333274841309e-01
-2.052416093647480011e-02
5.296225547790527344e-01
8.175763487815856934e-01
-9.818575344979763031e-03
5.150104761123657227e-01
8.321247696876525879e-01
-2.559919143095612526e-03
5.512458682060241699e-01
8.695966601371765137e-01
-2.404111996293067932e-02
5.528662204742431641e-01
8.436493873596191406e-01
-1.656197942793369293e-02
5.393617153167724609e-01
8.550419807434082031e-01
-2.741869306191802025e-03
5.274613499641418457e-01
8.689258694648742676e-01
7.368333637714385986e-03
