3.993319272994995117e-01
9.140824079513549805e-01
-1.254592376653818064e-07
3.923972845077514648e-01
8.144513964653015137e-01
5.610133055597543716e-03
4.237134456634521484e-01
7.159825563430786133e-01
2.373667812207713723e-04
4.684242308139801025e-01
6.661994457244873047e-01
-9.174145758152008057e-03
5.072466135025024414e-01
6.575773358345031738e-01
-1.725859567523002625e-02
4.217870533466339111e-01
6.696236133575439453e-01
-6.736396811902523041e-03
4.638250470161437988e-01
5.754718780517578125e-01
-1.988198794424533844e-02
4.897290170192718506e-01
5.207701921463012695e-01
-2.707464061677455902e-02
5.067563652992248535e-01
4.771892428398132324e-01
-3.251156955957412720e-02
4.510057866573333740e-01
6.894199848175048828e-01
-1.943940296769142151e-02
5.141560435295104980e-01
6.737554669380187988e-01
-3.916285187005996704e-02
5.062281489372253418e-01
7.087112069129943848e-01
-4.356957226991653442e-02
4.844466447830200195e-01
7.276872992515563965e-01
-4.210856556892395020e-02
4.851273894309997559e-01
7.252735495567321777e-01
-3.063213080167770386e-02
5.288875699043273926e-01
7.265223860740661621e-01
-4.150803014636039734e-02
5.148607492446899414e-01
7.548068761825561523e-01
-3.309781849384307861e-02
4.949753284454345703e-01
7.664923071861267090e-01
-2.518486604094505310e-02
5.175424218177795410e-01
7.667138576507568359e-01
-4.221794754266738892e-02
5.456829667091369629e-01
7.684563398361206055e-01
-3.864859789609909058e-02
5.293726325035095215e-01
7.934289574623107910e-01
-2.474453672766685486e-02
5.120571255683898926e-01
8.048182129859924316e-01
-1.360205933451652527e-02
