4.890250265598297119e-01
9.578880071640014648e-01
-1.478849185332364868e-07
4.839340150356292725e-01
8.558652997016906738e-01
4.855015315115451813e-03
5.165659785270690918e-01
7.820079922676086426e-01
4.885516129434108734e-03
5.576701164245605469e-01
7.496879100799560547e-01
2.311266958713531494e-03
5.904181003570556641e-01
7.499753832817077637e-01
-2.162205491913482547e-04
5.436012744903564453e-01
7.464366555213928223e-01
-2.033365890383720398e-03
5.827372074127197266e-01
6.628753542900085449e-01
-7.989398203790187836e-03
6.082380414009094238e-01
6.149056553840637207e-01
-1.025648415088653564e-02
6.263205409049987793e-01
5.758554935455322266e-01
-1.199896074831485748e-02
5.795740485191345215e-01
7.792826294898986816e-01
-8.577503263950347900e-03
5.997285842895507812e-01
7.321253418922424316e-01
-1.616093702614307404e-02
5.836921334266662598e-01
7.464415431022644043e-01
-1.506117638200521469e-02
5.671240091323852539e-01
7.647899389266967773e-01
-1.177135761827230453e-02
6.067113280296325684e-01
8.195803165435791016e-01
-1.379768643528223038e-02
6.087266802787780762e-01
7.817559242248535156e-01
-1.718917302787303925e-02
5.916774868965148926e-01
7.958707213401794434e-01
-8.651826530694961548e-03
5.763199925422668457e-01
8.140485286712646484e-01
-1.342520117759704590e-03
6.261337399482727051e-01
8.592929840087890625e-01
-1.914909854531288147e-02
6.223733425140380859e-01
8.244467973709106445e-01
-1.291544642299413681e-02
6.073458194732666016e-01
8.335832953453063965e-01
2.568165073171257973e-04
5.949518680572509766e-01
8.504026532173156738e-01
1.106942445039749146e-02
