4.375841617584228516e-01
9.588378667831420898e-01
-1.124256101547871367e-07
4.328846633434295654e-01
8.595632314682006836e-01
4.074275027960538864e-03
4.663022756576538086e-01
7.863839864730834961e-01
3.198992228135466576e-03
5.079743862152099609e-01
7.601273059844970703e-01
2.970320347230881453e-04
5.417518019676208496e-01
7.646329998970031738e-01
-3.017270006239414215e-03
4.943292737007141113e-01
7.591153979301452637e-01
-6.933713331818580627e-03
5.329286456108093262e-01
6.827306151390075684e-01
-1.324032526463270187e-02
5.590562224388122559e-01
6.376304626464843750e-01
-1.637470349669456482e-02
5.790350437164306641e-01
6.008594632148742676e-01
-1.915318146347999573e-02
5.290299057960510254e-01
7.929590344429016113e-01
-1.366651244461536407e-02
5.521575212478637695e-01
7.401189208030700684e-01
-2.057557553052902222e-02
5.356243848800659180e-01
7.551689743995666504e-01
-1.787681318819522858e-02
5.188422203063964844e-01
7.768768072128295898e-01
-1.391792949289083481e-02
5.536270737648010254e-01
8.329078555107116699e-01
-1.902111433446407318e-02
5.580728650093078613e-01
7.906790971755981445e-01
-2.064105682075023651e-02
5.421473979949951172e-01
8.027442097663879395e-01
-1.082856580615043640e-02
5.268576741218566895e-01
8.218343853950500488e-01
-3.501609899103641510e-03
5.685487985610961914e-01
8.715065121650695801e-01
-2.475501783192157745e-02
5.646866559982299805e-01
8.356489539146423340e-01
-1.794498413801193237e-02
5.505641102790832520e-01
8.448843955993652344e-01
-4.706980660557746887e-03
5.390418171882629395e-01
8.635726571083068848e-01
5.442153196781873703e-03
