4.510953426361083984e-01
8.181490898132324219e-01
-9.572520554002039717e-08
4.364587366580963135e-01
7.238172888755798340e-01
4.710753913968801498e-03
4.606972932815551758e-01
6.466655731201171875e-01
3.276487113907933235e-03
4.982176721096038818e-01
6.113650798797607422e-01
-2.317019607289694250e-05
5.306842923164367676e-01
6.118045449256896973e-01
-3.463295986875891685e-03
4.765315055847167969e-01
6.085292696952819824e-01
-9.135212749242782593e-03
5.085936784744262695e-01
5.225697159767150879e-01
-1.528177037835121155e-02
5.294982194900512695e-01
4.716660082340240479e-01
-1.777990534901618958e-02
5.444449782371520996e-01
4.307008385658264160e-01
-2.029245346784591675e-02
5.124329924583435059e-01
6.346709728240966797e-01
-1.627915352582931519e-02
5.388203859329223633e-01
5.928906202316284180e-01
-2.372108213603496552e-02
5.260479450225830078e-01
6.155716776847839355e-01
-2.139669843018054962e-02
5.100762248039245605e-01
6.389168500900268555e-01
-1.773558929562568665e-02
5.422501564025878906e-01
6.710044741630554199e-01
-2.155483700335025787e-02
5.509201884269714355e-01
6.413962244987487793e-01
-2.237132564187049866e-02
5.383528470993041992e-01
6.599459648132324219e-01
-1.170403789728879929e-02
5.255936384201049805e-01
6.792697906494140625e-01
-4.314968362450599670e-03
5.645630955696105957e-01
7.081944942474365234e-01
-2.712809480726718903e-02
5.655070543289184570e-01
6.812534928321838379e-01
-1.907277293503284454e-02
5.529093742370605469e-01
6.959317922592163086e-01
-4.492668434977531433e-03
5.434598922729492188e-01
7.141059041023254395e-01
6.289466284215450287e-03
