3.562975525856018066e-01
8.323359489440917969e-01
-1.234432716046285350e-07
3.398675620555877686e-01
7.437436580657958984e-01
9.022559970617294312e-03
3.627019226551055908e-01
6.600958704948425293e-01
8.144491352140903473e-03
4.030163586139678955e-01
6.122685074806213379e-01
5.916548427194356918e-03
4.394394159317016602e-01
5.975328683853149414e-01
3.716886742040514946e-03
3.657613396644592285e-01
6.173855066299438477e-01
-1.438987348228693008e-02
4.043581187725067139e-01
5.253595113754272461e-01
-1.715446449816226959e-02
4.256633520126342773e-01
4.736815989017486572e-01
-1.498793158680200577e-02
4.397206604480743408e-01
4.315277934074401855e-01
-1.438464783132076263e-02
4.036962091922760010e-01
6.407420635223388672e-01
-2.237324602901935577e-02
4.479829072952270508e-01
5.936402082443237305e-01
-2.595731057226657867e-02
4.395126998424530029e-01
6.237834095954895020e-01
-1.900702714920043945e-02
4.217872023582458496e-01
6.494555473327636719e-01
-1.311678625643253326e-02
4.393589496612548828e-01
6.736552119255065918e-01
-2.725685387849807739e-02
4.655370712280273438e-01
6.403037309646606445e-01
-2.363879419863224030e-02
4.563625454902648926e-01
6.627693772315979004e-01
-9.198826737701892853e-03
4.411655664443969727e-01
6.829401254653930664e-01
-8.390025468543171883e-04
4.674516022205352783e-01
7.072014808654785156e-01
-3.177344426512718201e-02
4.784538149833679199e-01
6.774294972419738770e-01
-1.928455755114555359e-02
4.689297080039978027e-01
6.966776251792907715e-01
-2.024547196924686432e-03
4.592282474040985107e-01
7.154228687286376953e-01
9.425716474652290344e-03
