4.929141700267791748e-01
9.663749337196350098e-01
-1.471847355105637689e-07
4.864183962345123291e-01
8.631684780120849609e-01
4.156663548201322556e-03
5.216085910797119141e-01
7.892672419548034668e-01
3.269176930189132690e-03
5.648098587989807129e-01
7.648237943649291992e-01
4.200997063890099525e-04
5.982714891433715820e-01
7.702318429946899414e-01
-2.501261886209249496e-03
5.510153770446777344e-01
7.633346915245056152e-01
-7.391520775854587555e-03
5.915701985359191895e-01
6.832758784294128418e-01
-1.266774255782365799e-02
6.166702508926391602e-01
6.359858512878417969e-01
-1.433091796934604645e-02
6.353021860122680664e-01
5.984555482864379883e-01
-1.618675701320171356e-02
5.843638777732849121e-01
7.991325855255126953e-01
-1.313124038279056549e-02
6.001898646354675293e-01
7.515392899513244629e-01
-1.932573504745960236e-02
5.834254026412963867e-01
7.630991935729980469e-01
-1.655324921011924744e-02
5.693497061729431152e-01
7.813446521759033203e-01
-1.340420357882976532e-02
6.085686087608337402e-01
8.390058875083923340e-01
-1.723050884902477264e-02
6.082100272178649902e-01
7.941881418228149414e-01
-1.906134001910686493e-02
5.918700695037841797e-01
8.053689002990722656e-01
-9.035410359501838684e-03
5.780381560325622559e-01
8.230425715446472168e-01
-2.103054430335760117e-03
6.251554489135742188e-01
8.759033083915710449e-01
-2.151453867554664612e-02
6.181395053863525391e-01
8.348283171653747559e-01
-1.566542685031890869e-02
6.028577685356140137e-01
8.430526256561279297e-01
-2.425416139885783195e-03
5.917520523071289062e-01
8.597112894058227539e-01
7.852790877223014832e-03
