4.487240314483642578e-01
9.684885144233703613e-01
-1.220630849729786860e-07
4.411497712135314941e-01
8.669793009757995605e-01
7.968419231474399567e-03
4.769036173820495605e-01
7.858766317367553711e-01
5.235222168266773224e-03
5.277747511863708496e-01
7.337299585342407227e-01
3.851935325656086206e-04
5.709006786346435547e-01
7.160720825195312500e-01
-3.950786311179399490e-03
4.870317280292510986e-01
7.445983886718750000e-01
-1.303618494421243668e-02
5.345176458358764648e-01
6.471489071846008301e-01
-2.079230174422264099e-02
5.638777017593383789e-01
5.920402407646179199e-01
-2.170803211629390717e-02
5.845549106597900391e-01
5.475715398788452148e-01
-2.249087207019329071e-02
5.248139500617980957e-01
7.728900313377380371e-01
-2.214977890253067017e-02
5.712519884109497070e-01
7.280208468437194824e-01
-2.995757944881916046e-02
5.620545744895935059e-01
7.549890875816345215e-01
-2.469274401664733887e-02
5.437554717063903809e-01
7.774353623390197754e-01
-1.917464286088943481e-02
5.592220425605773926e-01
8.129721879959106445e-01
-2.880117483437061310e-02
5.844243168830871582e-01
7.830995321273803711e-01
-2.866278775036334991e-02
5.733012557029724121e-01
8.038265109062194824e-01
-1.332952734082937241e-02
5.571469664573669434e-01
8.203657269477844238e-01
-3.557313233613967896e-03
5.867229104042053223e-01
8.548168540000915527e-01
-3.551236540079116821e-02
5.989471673965454102e-01
8.272454738616943359e-01
-2.427530288696289062e-02
5.871900916099548340e-01
8.434551358222961426e-01
-6.357446312904357910e-03
5.746446847915649414e-01
8.581826090812683105e-01
6.080106832087039948e-03
