3.749881982803344727e-01
9.647987484931945801e-01
-9.582382887174389907e-08
3.653620779514312744e-01
8.677382469177246094e-01
3.149587661027908325e-03
4.006941914558410645e-01
7.793809175491333008e-01
-2.945666667073965073e-03
4.526436328887939453e-01
7.221336364746093750e-01
-1.060023996978998184e-02
4.988404810428619385e-01
7.015162706375122070e-01
-1.711491122841835022e-02
4.045478403568267822e-01
7.417643666267395020e-01
-1.646809652447700500e-02
4.535581469535827637e-01
6.453488469123840332e-01
-2.722531557083129883e-02
4.834182858467102051e-01
5.906308293342590332e-01
-3.088175132870674133e-02
5.036617517471313477e-01
5.447872281074523926e-01
-3.398535028100013733e-02
4.417261779308319092e-01
7.715044617652893066e-01
-2.552887611091136932e-02
4.965229034423828125e-01
7.251490354537963867e-01
-4.097506031394004822e-02
4.868115484714508057e-01
7.573266625404357910e-01
-3.981485217809677124e-02
4.637882113456726074e-01
7.799033522605895996e-01
-3.557622432708740234e-02
4.777669012546539307e-01
8.125435113906860352e-01
-3.248683735728263855e-02
5.107254981994628906e-01
7.785517573356628418e-01
-3.853439539670944214e-02
4.992929100990295410e-01
8.050200343132019043e-01
-2.375696226954460144e-02
4.812607169151306152e-01
8.215963244438171387e-01
-1.295659877359867096e-02
5.088813900947570801e-01
8.551295399665832520e-01
-3.984311968088150024e-02
5.274735689163208008e-01
8.277233839035034180e-01
-3.314084932208061218e-02
5.143997669219970703e-01
8.480067849159240723e-01
-1.612189412117004395e-02
5.012993216514587402e-01
8.627640604972839355e-01
-3.896872512996196747e-03
