4.968370795249938965e-01
9.623305201530456543e-01
-1.568906782267731614e-07
4.908618330955505371e-01
8.583527207374572754e-01
5.433544982224702835e-03
5.260078907012939453e-01
7.832543849945068359e-01
5.367032252252101898e-03
5.710595250129699707e-01
7.558345198631286621e-01
3.544671228155493736e-03
6.056361794471740723e-01
7.585096359252929688e-01
1.455226913094520569e-03
5.558744072914123535e-01
7.565137743949890137e-01
-7.404217496514320374e-03
5.947726368904113770e-01
6.662775278091430664e-01
-1.154706254601478577e-02
6.198935508728027344e-01
6.181256771087646484e-01
-1.176178548485040665e-02
6.398633122444152832e-01
5.790746808052062988e-01
-1.222701184451580048e-02
5.923491120338439941e-01
7.905381321907043457e-01
-1.236578729003667831e-02
6.105321049690246582e-01
7.337677478790283203e-01
-1.694128848612308502e-02
5.924029946327209473e-01
7.469993233680725098e-01
-1.315537653863430023e-02
5.760544538497924805e-01
7.674701809883117676e-01
-8.752296678721904755e-03
6.190559864044189453e-01
8.296614289283752441e-01
-1.533320918679237366e-02
6.187947392463684082e-01
7.843396067619323730e-01
-1.523020118474960327e-02
6.007834672927856445e-01
7.968772053718566895e-01
-5.594373680651187897e-03
5.857089757919311523e-01
8.160933852195739746e-01
1.293287961743772030e-03
6.371866464614868164e-01
8.665396571159362793e-01
-1.822656393051147461e-02
6.307982802391052246e-01
8.258132338523864746e-01
-1.039097458124160767e-02
6.149462461471557617e-01
8.343750834465026855e-01
2.701446181163191795e-03
6.032084822654724121e-01
8.515335321426391602e-01
1.287123002111911774e-02
