3.658913671970367432e-01
9.539512395858764648e-01
-1.206697533007172751e-07
3.633029758930206299e-01
8.569988608360290527e-01
6.623905617743730545e-03
3.993737101554870605e-01
7.814301848411560059e-01
5.043971352279186249e-03
4.456959366798400879e-01
7.418845295906066895e-01
1.806720858439803123e-03
4.851164519786834717e-01
7.360560297966003418e-01
-1.154309255070984364e-03
4.154395461082458496e-01
7.472521662712097168e-01
-1.012935116887092590e-02
4.569173157215118408e-01
6.587470769882202148e-01
-1.609580963850021362e-02
4.830531179904937744e-01
6.088731288909912109e-01
-1.644873991608619690e-02
5.024288892745971680e-01
5.681098699569702148e-01
-1.669693924486637115e-02
4.503185451030731201e-01
7.770462632179260254e-01
-1.751728728413581848e-02
4.873100817203521729e-01
7.213458418846130371e-01
-2.427689172327518463e-02
4.739048182964324951e-01
7.427323460578918457e-01
-1.932776905596256256e-02
4.549063146114349365e-01
7.664782404899597168e-01
-1.330888736993074417e-02
4.791952967643737793e-01
8.139858245849609375e-01
-2.285126224160194397e-02
4.986862540245056152e-01
7.719498276710510254e-01
-2.312410995364189148e-02
4.841988384723663330e-01
7.881333231925964355e-01
-1.064060907810926437e-02
4.673530459403991699e-01
8.073226213455200195e-01
-1.614358508959412575e-03
5.009268522262573242e-01
8.502821922302246094e-01
-2.818779833614826202e-02
5.083436965942382812e-01
8.128201365470886230e-01
-1.885796710848808289e-02
4.953022003173828125e-01
8.254297375679016113e-01
-3.727099159732460976e-03
4.832157492637634277e-01
8.429703116416931152e-01
7.344550918787717819e-03
