4.775651693344116211e-01
9.565316438674926758e-01
-1.417013351101559238e-07
4.710322618484497070e-01
8.550229072570800781e-01
5.442623049020767212e-03
5.065898895263671875e-01
7.770951986312866211e-01
6.616052240133285522e-03
5.494387745857238770e-01
7.443329691886901855e-01
5.476825404912233353e-03
5.831719636917114258e-01
7.432212233543395996e-01
4.696811083704233170e-03
5.327891111373901367e-01
7.447579503059387207e-01
-6.615133024752140045e-04
5.703560113906860352e-01
6.616683006286621094e-01
-4.058198537677526474e-03
5.941762328147888184e-01
6.132994890213012695e-01
-5.134330596774816513e-03
6.122954487800598145e-01
5.732250213623046875e-01
-6.638725753873586655e-03
5.678851008415222168e-01
7.750533819198608398e-01
-6.587128620594739914e-03
5.840661525726318359e-01
7.269329428672790527e-01
-1.132306735962629318e-02
5.685284733772277832e-01
7.409324049949645996e-01
-9.544637985527515411e-03
5.541671514511108398e-01
7.596220970153808594e-01
-6.588197313249111176e-03
5.945920348167419434e-01
8.115212321281433105e-01
-1.103532314300537109e-02
5.957158803939819336e-01
7.697919011116027832e-01
-1.196348294615745544e-02
5.794275999069213867e-01
7.827953696250915527e-01
-3.685782663524150848e-03
5.654475092887878418e-01
8.010917305946350098e-01
2.606859663501381874e-03
6.134483814239501953e-01
8.465049862861633301e-01
-1.559765171259641647e-02
6.087604761123657227e-01
8.068830966949462891e-01
-8.487130515277385712e-03
5.939013361930847168e-01
8.148326277732849121e-01
3.879427677020430565e-03
5.822643637657165527e-01
8.319342732429504395e-01
1.370555441826581955e-02
