4.601334929466247559e-01
8.122143745422363281e-01
-9.727295235961719300e-08
4.402635693550109863e-01
7.204836606979370117e-01
5.342092365026473999e-03
4.605055749416351318e-01
6.401873826980590820e-01
2.093330491334199905e-03
4.985156655311584473e-01
5.964519977569580078e-01
-3.403939073905348778e-03
5.340918302536010742e-01
5.916262865066528320e-01
-8.982523344457149506e-03
4.692109823226928711e-01
5.944420695304870605e-01
-1.332748215645551682e-02
5.010486245155334473e-01
4.998789429664611816e-01
-2.201625518500804901e-02
5.212709903717041016e-01
4.441688656806945801e-01
-2.526911161839962006e-02
5.352620482444763184e-01
3.991070985794067383e-01
-2.810297720134258270e-02
5.058089494705200195e-01
6.141451001167297363e-01
-2.188276499509811401e-02
5.421521067619323730e-01
5.734953284263610840e-01
-3.299954161047935486e-02
5.320294499397277832e-01
6.035566329956054688e-01
-3.079270571470260620e-02
5.139120817184448242e-01
6.287536621093750000e-01
-2.651730924844741821e-02
5.399510264396667480e-01
6.467360854148864746e-01
-2.820502035319805145e-02
5.579702854156494141e-01
6.218048334121704102e-01
-3.143040090799331665e-02
5.476743578910827637e-01
6.465361118316650391e-01
-1.915234141051769257e-02
5.336868166923522949e-01
6.662610173225402832e-01
-1.021604705601930618e-02
5.679211020469665527e-01
6.822423338890075684e-01
-3.478813171386718750e-02
5.754256248474121094e-01
6.616569757461547852e-01
-2.731400355696678162e-02
5.641202330589294434e-01
6.815059781074523926e-01
-1.162958610802888870e-02
5.542001128196716309e-01
6.999173760414123535e-01
1.751352247083559632e-04
