3.828805685043334961e-01
9.539828300476074219e-01
-1.104398776874404575e-07
3.792817592620849609e-01
8.597080707550048828e-01
2.444462385028600693e-03
4.161211848258972168e-01
7.851824760437011719e-01
-6.772680790163576603e-04
4.640880525112152100e-01
7.432537674903869629e-01
-4.918529186397790909e-03
5.031914114952087402e-01
7.327488660812377930e-01
-8.472267538309097290e-03
4.311061501502990723e-01
7.541032433509826660e-01
-1.198812481015920639e-02
4.725422561168670654e-01
6.685620546340942383e-01
-2.008132636547088623e-02
4.993666708469390869e-01
6.190414428710937500e-01
-2.248863875865936279e-02
5.190213918685913086e-01
5.781538486480712891e-01
-2.418468147516250610e-02
4.653854668140411377e-01
7.826331257820129395e-01
-1.776509173214435577e-02
4.988806843757629395e-01
7.364922761917114258e-01
-2.818054519593715668e-02
4.859496355056762695e-01
7.576761245727539062e-01
-2.618663385510444641e-02
4.669832289218902588e-01
7.777342796325683594e-01
-2.183054573833942413e-02
4.940966069698333740e-01
8.187904953956604004e-01
-2.189460769295692444e-02
5.103341341018676758e-01
7.838164567947387695e-01
-2.639610320329666138e-02
4.967554509639739990e-01
8.005878925323486328e-01
-1.561891101300716400e-02
4.798524677753448486e-01
8.173050880432128906e-01
-6.956376601010560989e-03
5.162345767021179199e-01
8.545970916748046875e-01
-2.628412656486034393e-02
5.205926299095153809e-01
8.247811198234558105e-01
-2.064945362508296967e-02
5.070155858993530273e-01
8.367254734039306641e-01
-7.353251334279775620e-03
4.941791892051696777e-01
8.512874245643615723e-01
3.059039823710918427e-03
