3.902406096458435059e-01
8.127356767654418945e-01
-9.954663227063065278e-08
3.752745985984802246e-01
7.241854071617126465e-01
7.042658515274524689e-03
3.984635174274444580e-01
6.480913758277893066e-01
6.750621367245912552e-03
4.359173774719238281e-01
6.103788614273071289e-01
4.247372969985008240e-03
4.694983661174774170e-01
6.093645691871643066e-01
1.945318887010216713e-03
4.120420217514038086e-01
6.029619574546813965e-01
-4.971407353878021240e-03
4.473505616188049316e-01
5.211976766586303711e-01
-7.535399869084358215e-03
4.687501788139343262e-01
4.762928485870361328e-01
-6.527086254209280014e-03
4.839198589324951172e-01
4.414578080177307129e-01
-6.308204960078001022e-03
4.466551840305328369e-01
6.272571682929992676e-01
-1.215194724500179291e-02
4.772688150405883789e-01
5.917123556137084961e-01
-1.662790775299072266e-02
4.648763239383697510e-01
6.152228116989135742e-01
-1.275383681058883667e-02
4.488220214843750000e-01
6.370772719383239746e-01
-8.105512708425521851e-03
4.763937294483184814e-01
6.611100435256958008e-01
-1.727666333317756653e-02
4.890017509460449219e-01
6.368491053581237793e-01
-1.593793556094169617e-02
4.768427014350891113e-01
6.562001109123229980e-01
-5.529731046408414841e-03
4.639399647712707520e-01
6.741868257522583008e-01
1.434212899766862392e-03
4.993257522583007812e-01
6.956052780151367188e-01
-2.237621322274208069e-02
5.025707483291625977e-01
6.752211451530456543e-01
-1.195107959210872650e-02
4.913551509380340576e-01
6.909401416778564453e-01
2.392990281805396080e-03
4.821495711803436279e-01
7.076238989830017090e-01
1.273635402321815491e-02
