4.207540154457092285e-01
9.416658878326416016e-01
-1.419592194906726945e-07
4.240536689758300781e-01
8.386083245277404785e-01
9.126718156039714813e-03
4.610019028186798096e-01
7.401576638221740723e-01
6.003974936902523041e-03
5.066158771514892578e-01
6.974457502365112305e-01
-2.310726558789610863e-03
5.428487062454223633e-01
6.975596547126770020e-01
-9.768399409949779510e-03
4.635109901428222656e-01
6.880311369895935059e-01
1.063222443917766213e-04
5.058541893959045410e-01
5.962812900543212891e-01
-1.018852554261684418e-02
5.329239368438720703e-01
5.428543686866760254e-01
-1.615686155855655670e-02
5.513862371444702148e-01
4.994557499885559082e-01
-2.135403454303741455e-02
4.912807643413543701e-01
7.091782689094543457e-01
-1.458336785435676575e-02
5.524544119834899902e-01
6.976510882377624512e-01
-3.178722783923149109e-02
5.425964593887329102e-01
7.328894734382629395e-01
-3.669810295104980469e-02
5.192294120788574219e-01
7.488416433334350586e-01
-3.631280735135078430e-02
5.230154991149902344e-01
7.470202445983886719e-01
-2.769858762621879578e-02
5.672221779823303223e-01
7.530983686447143555e-01
-3.709883987903594971e-02
5.520015358924865723e-01
7.814174294471740723e-01
-3.051261045038700104e-02
5.303333401679992676e-01
7.910286188125610352e-01
-2.432938478887081146e-02
5.527694225311279297e-01
7.908750772476196289e-01
-4.104605317115783691e-02
5.815951228141784668e-01
7.947832942008972168e-01
-3.679704293608665466e-02
5.651429295539855957e-01
8.198769092559814453e-01
-2.384176850318908691e-02
5.464421510696411133e-01
8.310910463333129883e-01
-1.369465142488479614e-02
