3.578301966190338135e-01
8.179367780685424805e-01
-1.424244828740484081e-07
3.410682380199432373e-01
7.297941446304321289e-01
1.244636345654726028e-02
3.613843917846679688e-01
6.529171466827392578e-01
1.185795012861490250e-02
3.991950750350952148e-01
6.058355569839477539e-01
9.685730561614036560e-03
4.351165592670440674e-01
5.934078097343444824e-01
6.826304364949464798e-03
3.675875067710876465e-01
6.096929311752319336e-01
-1.730901375412940979e-02
4.049605131149291992e-01
5.194134116172790527e-01
-1.921417377889156342e-02
4.246646463871002197e-01
4.687815308570861816e-01
-1.593487896025180817e-02
4.369298219680786133e-01
4.284419417381286621e-01
-1.445442717522382736e-02
4.045326709747314453e-01
6.322200894355773926e-01
-2.587729692459106445e-02
4.437291920185089111e-01
5.862431526184082031e-01
-2.548444457352161407e-02
4.348033666610717773e-01
6.138678193092346191e-01
-1.560084242373704910e-02
4.192313253879547119e-01
6.386580467224121094e-01
-9.094140492379665375e-03
4.393376410007476807e-01
6.656996011734008789e-01
-3.075009956955909729e-02
4.604712724685668945e-01
6.359600424766540527e-01
-2.214037440717220306e-02
4.510355889797210693e-01
6.568057537078857422e-01
-5.915232934057712555e-03
4.382664263248443604e-01
6.761716604232788086e-01
1.879825722426176071e-03
4.664922654628753662e-01
7.008444666862487793e-01
-3.508321940898895264e-02
4.752185344696044922e-01
6.736655831336975098e-01
-1.837687194347381592e-02
4.653119444847106934e-01
6.909591555595397949e-01
1.075961190508678555e-04
4.568719565868377686e-01
7.085654735565185547e-01
1.131163723766803741e-02
