3.569760620594024658e-01
9.536756277084350586e-01
-1.415130554960342124e-07
3.512939214706420898e-01
8.571494817733764648e-01
4.730697255581617355e-03
3.865253627300262451e-01
7.788293957710266113e-01
1.953453058376908302e-03
4.352386891841888428e-01
7.321678400039672852e-01
-1.341398921795189381e-03
4.773819744586944580e-01
7.220675349235534668e-01
-4.489269107580184937e-03
4.021897315979003906e-01
7.464990019798278809e-01
-1.685428433120250702e-02
4.453305602073669434e-01
6.542792320251464844e-01
-2.298768237233161926e-02
4.712306559085845947e-01
6.029208302497863770e-01
-2.295593544840812683e-02
4.906586408615112305e-01
5.606684684753417969e-01
-2.302541397511959076e-02
4.385848343372344971e-01
7.783586978912353516e-01
-2.240633778274059296e-02
4.755148291587829590e-01
7.182584404945373535e-01
-2.910490706562995911e-02
4.598637223243713379e-01
7.376300692558288574e-01
-2.290355041623115540e-02
4.391300082206726074e-01
7.617129683494567871e-01
-1.626287773251533508e-02
4.683118760585784912e-01
8.158454298973083496e-01
-2.552138455212116241e-02
4.876545369625091553e-01
7.667350769042968750e-01
-2.543415315449237823e-02
4.720583260059356689e-01
7.823109030723571777e-01
-1.158523838967084885e-02
4.549943506717681885e-01
8.035501241683959961e-01
-1.937822671607136726e-03
4.901835322380065918e-01
8.518936634063720703e-01
-2.858882024884223938e-02
4.970532655715942383e-01
8.060033917427062988e-01
-1.973890513181686401e-02
4.830975234508514404e-01
8.184594511985778809e-01
-4.254435189068317413e-03
4.718278646469116211e-01
8.382048606872558594e-01
6.987592671066522598e-03
