3.506848216056823730e-01
9.538158178329467773e-01
-1.834057599126026616e-07
3.434737324714660645e-01
8.581104278564453125e-01
1.073968969285488129e-02
3.757748603820800781e-01
7.782719135284423828e-01
8.013137616217136383e-03
4.230763316154479980e-01
7.239685654640197754e-01
4.444241058081388474e-03
4.653847813606262207e-01
7.072254419326782227e-01
-8.759800402913242579e-05
3.862550258636474609e-01
7.457430958747863770e-01
-2.429640665650367737e-02
4.308136999607086182e-01
6.472430825233459473e-01
-3.391550853848457336e-02
4.589818120002746582e-01
5.922054648399353027e-01
-3.624739870429039001e-02
4.797654747962951660e-01
5.478023886680603027e-01
-3.756155446171760559e-02
4.230763316154479980e-01
7.766963839530944824e-01
-3.200285881757736206e-02
4.677876830101013184e-01
7.113182544708251953e-01
-3.746376559138298035e-02
4.530701041221618652e-01
7.332581281661987305e-01
-2.790753170847892761e-02
4.293115139007568359e-01
7.577983736991882324e-01
-1.986421085894107819e-02
4.558695256710052490e-01
8.159533143043518066e-01
-3.613680601119995117e-02
4.813246130943298340e-01
7.636677622795104980e-01
-3.161155804991722107e-02
4.680839478969573975e-01
7.797136306762695312e-01
-1.303701009601354599e-02
4.503313601016998291e-01
8.007716536521911621e-01
-1.772052375599741936e-03
4.803560972213745117e-01
8.553282022476196289e-01
-3.976749628782272339e-02
4.923266768455505371e-01
8.051593899726867676e-01
-2.643421851098537445e-02
4.791124463081359863e-01
8.186762928962707520e-01
-6.896571256220340729e-03
4.673169255256652832e-01
8.395136594772338867e-01
6.245942320674657822e-03
