4.059500694274902344e-01
9.600019454956054688e-01
-1.259441830825380748e-07
4.001646637916564941e-01
8.654541373252868652e-01
5.816066986881196499e-04
4.353643059730529785e-01
7.921656966209411621e-01
-2.032384043559432030e-03
4.805992543697357178e-01
7.522123456001281738e-01
-5.926054436713457108e-03
5.169933438301086426e-01
7.400126457214355469e-01
-9.030274115502834320e-03
4.555104672908782959e-01
7.599694132804870605e-01
-8.377111516892910004e-03
4.965195059776306152e-01
6.799113154411315918e-01
-1.706312596797943115e-02
5.241090059280395508e-01
6.324623227119445801e-01
-2.086753584444522858e-02
5.437834262847900391e-01
5.928798913955688477e-01
-2.350744232535362244e-02
4.901794195175170898e-01
7.914797067642211914e-01
-1.405051443725824356e-02
5.182300209999084473e-01
7.477439641952514648e-01
-2.511963434517383575e-02
5.039806962013244629e-01
7.638667225837707520e-01
-2.422090433537960052e-02
4.862784743309020996e-01
7.817580103874206543e-01
-2.060304209589958191e-02
5.171514153480529785e-01
8.284038305282592773e-01
-1.873391680419445038e-02
5.271083712577819824e-01
7.932353019714355469e-01
-2.477980591356754303e-02
5.120325684547424316e-01
8.078806996345520020e-01
-1.449425704777240753e-02
4.964526593685150146e-01
8.241763114929199219e-01
-5.690208170562982559e-03
5.370782017707824707e-01
8.640605807304382324e-01
-2.401110902428627014e-02
5.378335714340209961e-01
8.344969749450683594e-01
-1.960679143667221069e-02
5.237262248992919922e-01
8.461194634437561035e-01
-6.138917990028858185e-03
5.120858550071716309e-01
8.622359633445739746e-01
4.806492011994123459e-03
