3.742917180061340332e-01
8.100491166114807129e-01
-9.939882517073783674e-08
3.602119088172912598e-01
7.237199544906616211e-01
8.499639108777046204e-03
3.827235996723175049e-01
6.472075581550598145e-01
8.057052269577980042e-03
4.198035299777984619e-01
6.071672439575195312e-01
5.141699220985174179e-03
4.548579454421997070e-01
6.024079918861389160e-01
2.462896518409252167e-03
3.933295309543609619e-01
5.997194051742553711e-01
-5.443785805255174637e-03
4.287112951278686523e-01
5.154139995574951172e-01
-8.605300448834896088e-03
4.511762261390686035e-01
4.707365036010742188e-01
-7.704464253038167953e-03
4.662721455097198486e-01
4.365493655204772949e-01
-7.428142242133617401e-03
4.279156625270843506e-01
6.214243173599243164e-01
-1.360384467989206314e-02
4.653839170932769775e-01
5.911304950714111328e-01
-1.852202787995338440e-02
4.556604921817779541e-01
6.195113062858581543e-01
-1.462160795927047729e-02
4.390931427478790283e-01
6.403346061706542969e-01
-1.014946214854717255e-02
4.594242274761199951e-01
6.541811823844909668e-01
-1.953896693885326385e-02
4.779334962368011475e-01
6.376118063926696777e-01
-1.834800839424133301e-02
4.672676920890808105e-01
6.603927016258239746e-01
-7.316233590245246887e-03
4.537760615348815918e-01
6.769893169403076172e-01
-2.167875354643911123e-04
4.845092296600341797e-01
6.880847811698913574e-01
-2.534472197294235229e-02
4.939850866794586182e-01
6.737192273139953613e-01
-1.494881138205528259e-02
4.831773638725280762e-01
6.924844384193420410e-01
-1.375082501908764243e-04
4.726486206054687500e-01
7.082462906837463379e-01
1.046135369688272476e-02
