4.339326024055480957e-01
7.817965149879455566e-01
-1.250778325356804999e-07
4.111844301223754883e-01
6.994975805282592773e-01
1.368757523596286774e-02
4.285437762737274170e-01
6.220576167106628418e-01
1.280826050788164139e-02
4.630347490310668945e-01
5.694076418876647949e-01
1.037161890417337418e-02
4.970781505107879639e-01
5.508386492729187012e-01
6.595288868993520737e-03
4.347371459007263184e-01
5.818415880203247070e-01
-1.939219981431961060e-02
4.658607542514801025e-01
4.851346909999847412e-01
-2.522066049277782440e-02
4.838666915893554688e-01
4.275307059288024902e-01
-2.717431262135505676e-02
4.950900971889495850e-01
3.806951344013214111e-01
-2.964857593178749084e-02
4.720507860183715820e-01
5.985507369041442871e-01
-2.775828167796134949e-02
5.065465569496154785e-01
5.522137284278869629e-01
-2.606490068137645721e-02
4.994932115077972412e-01
5.813343524932861328e-01
-1.567381061613559723e-02
4.841676652431488037e-01
6.056832075119018555e-01
-1.016186922788619995e-02
5.075704455375671387e-01
6.297377347946166992e-01
-3.238089755177497864e-02
5.256149768829345703e-01
5.993823409080505371e-01
-2.214647643268108368e-02
5.182111859321594238e-01
6.199821829795837402e-01
-3.834905568510293961e-03
5.053085684776306152e-01
6.393682956695556641e-01
4.216188564896583557e-03
5.345655679702758789e-01
6.643288731575012207e-01
-3.641622886061668396e-02
5.428385138511657715e-01
6.357074975967407227e-01
-1.999191381037235260e-02
5.340472459793090820e-01
6.540508270263671875e-01
-2.568085910752415657e-04
5.253361463546752930e-01
6.721812486648559570e-01
1.160448510199785233e-02
