4.321878552436828613e-01
7.920045852661132812e-01
-1.524273187669678009e-07
4.110308289527893066e-01
7.025045752525329590e-01
1.298217475414276123e-02
4.276630878448486328e-01
6.231136918067932129e-01
1.354793272912502289e-02
4.624163210391998291e-01
5.732904672622680664e-01
1.196982618421316147e-02
4.972111880779266357e-01
5.592805743217468262e-01
9.439492598176002502e-03
4.375221729278564453e-01
5.795895457267761230e-01
-1.366910059005022049e-02
4.699467718601226807e-01
4.815683364868164062e-01
-1.641877926886081696e-02
4.892840087413787842e-01
4.267451167106628418e-01
-1.461624260991811752e-02
5.018743276596069336e-01
3.824427723884582520e-01
-1.418314035981893539e-02
4.761449098587036133e-01
5.994758009910583496e-01
-2.213241904973983765e-02
5.052832961082458496e-01
5.493432283401489258e-01
-2.172984741628170013e-02
4.959009587764739990e-01
5.762292146682739258e-01
-1.274385675787925720e-02
4.813900291919708252e-01
6.021573543548583984e-01
-6.849015131592750549e-03
5.114099979400634766e-01
6.309970617294311523e-01
-2.709480375051498413e-02
5.237595438957214355e-01
6.000602245330810547e-01
-1.860801875591278076e-02
5.142639875411987305e-01
6.207824945449829102e-01
-3.026979975402355194e-03
5.021111369132995605e-01
6.412442326545715332e-01
4.439113661646842957e-03
5.385783314704895020e-01
6.651306152343750000e-01
-3.157800808548927307e-02
5.419569611549377441e-01
6.364759802818298340e-01
-1.601093262434005737e-02
5.321909189224243164e-01
6.541422009468078613e-01
1.943067298270761967e-03
5.241796374320983887e-01
6.734475493431091309e-01
1.323635224252939224e-02
