3.623217344284057617e-01
8.134390115737915039e-01
-1.042320789679251902e-07
3.473416566848754883e-01
7.253687381744384766e-01
1.270918361842632294e-02
3.683795332908630371e-01
6.502305269241333008e-01
1.244682911783456802e-02
4.060574173927307129e-01
6.089851856231689453e-01
9.837579913437366486e-03
4.409549236297607422e-01
6.028806567192077637e-01
6.719650700688362122e-03
3.743305206298828125e-01
6.050519943237304688e-01
-1.181665249168872833e-02
4.116301238536834717e-01
5.167337059974670410e-01
-1.523607224225997925e-02
4.333577752113342285e-01
4.677105545997619629e-01
-1.353030651807785034e-02
4.482127130031585693e-01
4.288015365600585938e-01
-1.267454959452152252e-02
4.104123711585998535e-01
6.260918378829956055e-01
-2.113817445933818817e-02
4.537059962749481201e-01
5.824592709541320801e-01
-2.377895638346672058e-02
4.449696838855743408e-01
6.101738810539245605e-01
-1.603415608406066895e-02
4.291208684444427490e-01
6.331990361213684082e-01
-9.511494077742099762e-03
4.446040391921997070e-01
6.573986411094665527e-01
-2.720435149967670441e-02
4.673193395137786865e-01
6.304056644439697266e-01
-2.166520804166793823e-02
4.564822018146514893e-01
6.524553894996643066e-01
-7.142998743802309036e-03
4.429974853992462158e-01
6.706960797309875488e-01
1.141954446211457253e-03
4.719619750976562500e-01
6.906608939170837402e-01
-3.279760852456092834e-02
4.810560941696166992e-01
6.691298484802246094e-01
-1.810821332037448883e-02
4.705576002597808838e-01
6.877930760383605957e-01
-7.878290489315986633e-04
4.613379240036010742e-01
7.046610116958618164e-01
1.067003700882196426e-02
