4.347373247146606445e-01
8.186588287353515625e-01
-1.059461283148266375e-07
4.205496907234191895e-01
7.259514927864074707e-01
8.600150234997272491e-03
4.442239701747894287e-01
6.534398198127746582e-01
8.413819596171379089e-03
4.803672432899475098e-01
6.214239001274108887e-01
5.246972665190696716e-03
5.122093558311462402e-01
6.238430142402648926e-01
1.510747009888291359e-03
4.603610932826995850e-01
6.090633273124694824e-01
-4.195929039269685745e-03
4.930050969123840332e-01
5.251377820968627930e-01
-8.740282617509365082e-03
5.142753720283508301e-01
4.759999513626098633e-01
-1.011854130774736404e-02
5.292943120002746582e-01
4.366679191589355469e-01
-1.158371567726135254e-02
4.961768984794616699e-01
6.320515871047973633e-01
-1.249522995203733444e-02
5.215381383895874023e-01
5.914533734321594238e-01
-1.660676486790180206e-02
5.096438527107238770e-01
6.143642663955688477e-01
-1.266683638095855713e-02
4.947855770587921143e-01
6.365202069282531738e-01
-8.383464999496936798e-03
5.261664986610412598e-01
6.663425564765930176e-01
-1.879444532096385956e-02
5.329890251159667969e-01
6.406705379486083984e-01
-1.630583032965660095e-02
5.201492905616760254e-01
6.593106389045715332e-01
-5.500054918229579926e-03
5.069712400436401367e-01
6.771987676620483398e-01
1.308990176767110825e-03
5.485346317291259766e-01
7.023837566375732422e-01
-2.521553449332714081e-02
5.463637113571166992e-01
6.817126870155334473e-01
-1.341247465461492538e-02
5.347483158111572266e-01
6.965746283531188965e-01
1.719080260954797268e-03
5.250339508056640625e-01
7.133935093879699707e-01
1.227980013936758041e-02
