4.320367574691772461e-01
7.867674827575683594e-01
-1.543093191003208631e-07
4.089529514312744141e-01
7.029247879981994629e-01
1.386626437306404114e-02
4.261142015457153320e-01
6.247532367706298828e-01
1.378871779888868332e-02
4.612269103527069092e-01
5.703604221343994141e-01
1.175404340028762817e-02
4.958921968936920166e-01
5.510206222534179688e-01
8.556575514376163483e-03
4.342407584190368652e-01
5.806076526641845703e-01
-1.710916869342327118e-02
4.665207266807556152e-01
4.829276204109191895e-01
-2.139055356383323669e-02
4.851936101913452148e-01
4.253929257392883301e-01
-2.099255099892616272e-02
4.967285394668579102e-01
3.792689144611358643e-01
-2.156175114214420319e-02
4.723684191703796387e-01
5.987492799758911133e-01
-2.558212354779243469e-02
5.036469101905822754e-01
5.522204637527465820e-01
-2.420474402606487274e-02
4.958999156951904297e-01
5.793890357017517090e-01
-1.398467831313610077e-02
4.816906750202178955e-01
6.043266057968139648e-01
-8.239286020398139954e-03
5.079759359359741211e-01
6.302783489227294922e-01
-3.035021200776100159e-02
5.218887329101562500e-01
5.985935926437377930e-01
-2.144086174666881561e-02
5.142109990119934082e-01
6.183691024780273438e-01
-4.220974165946245193e-03
5.026187300682067871e-01
6.384874582290649414e-01
3.693777834996581078e-03
5.356414914131164551e-01
6.640916466712951660e-01
-3.443089872598648071e-02
5.403692126274108887e-01
6.335386037826538086e-01
-1.837579905986785889e-02
5.318272113800048828e-01
6.506109833717346191e-01
7.664288859814405441e-04
5.242805480957031250e-01
6.694272160530090332e-01
1.244308613240718842e-02
