4.958244562149047852e-01
9.709279537200927734e-01
-1.874201416285359301e-07
4.870499372482299805e-01
8.628519177436828613e-01
9.863483719527721405e-03
5.199761986732482910e-01
7.848634123802185059e-01
1.352213695645332336e-02
5.608565211296081543e-01
7.585935592651367188e-01
1.476203370839357376e-02
5.950537323951721191e-01
7.636315822601318359e-01
1.530606299638748169e-02
5.572890043258666992e-01
7.615894675254821777e-01
8.795848116278648376e-04
5.953016877174377441e-01
6.734768748283386230e-01
1.985331531614065170e-03
6.185577511787414551e-01
6.259945034980773926e-01
4.228737670928239822e-03
6.373038887977600098e-01
5.863386988639831543e-01
4.764053970575332642e-03
5.924130082130432129e-01
7.965577244758605957e-01
-3.866240615025162697e-03
6.031518578529357910e-01
7.360694408416748047e-01
-1.698524574749171734e-03
5.828588008880615234e-01
7.496772408485412598e-01
3.313709283247590065e-03
5.688862800598144531e-01
7.711849212646484375e-01
6.740802433341741562e-03
6.174407005310058594e-01
8.357098102569580078e-01
-6.233187392354011536e-03
6.146845221519470215e-01
7.784513235092163086e-01
-1.033196458593010902e-03
5.943862795829772949e-01
7.886871695518493652e-01
8.188109844923019409e-03
5.798973441123962402e-01
8.097301721572875977e-01
1.313743274658918381e-02
6.338278055191040039e-01
8.714904785156250000e-01
-7.995146326720714569e-03
6.279477477073669434e-01
8.204763531684875488e-01
3.116465872153639793e-03
6.102615594863891602e-01
8.248330950736999512e-01
1.637474447488784790e-02
5.979526042938232422e-01
8.441206812858581543e-01
2.570487745106220245e-02
