4.934521913528442383e-01
9.640215635299682617e-01
-1.331244874336334760e-07
4.859730303287506104e-01
8.652197718620300293e-01
2.824793104082345963e-03
5.215942859649658203e-01
7.909766435623168945e-01
1.437556114979088306e-03
5.648074746131896973e-01
7.612825036048889160e-01
-1.296942937187850475e-03
5.990196466445922852e-01
7.614567279815673828e-01
-3.886612132191658020e-03
5.500424504280090332e-01
7.618820071220397949e-01
-9.802401065826416016e-03
5.929517149925231934e-01
6.807758808135986328e-01
-1.485150028020143509e-02
6.182489395141601562e-01
6.331648826599121094e-01
-1.595529541373252869e-02
6.367272734642028809e-01
5.952114462852478027e-01
-1.752660609781742096e-02
5.840048789978027344e-01
7.972268462181091309e-01
-1.468866504728794098e-02
6.010505557060241699e-01
7.555274367332458496e-01
-2.063531801104545593e-02
5.839573144912719727e-01
7.691100239753723145e-01
-1.725407131016254425e-02
5.692303180694580078e-01
7.868578433990478516e-01
-1.394597906619310379e-02
6.089179515838623047e-01
8.376546502113342285e-01
-1.789830066263675690e-02
6.076760888099670410e-01
7.991982102394104004e-01
-1.951618120074272156e-02
5.919728279113769531e-01
8.118690252304077148e-01
-8.866046555340290070e-03
5.784769058227539062e-01
8.288345932960510254e-01
-1.934418571181595325e-03
6.262947320938110352e-01
8.749772906303405762e-01
-2.135781943798065186e-02
6.192668676376342773e-01
8.383918404579162598e-01
-1.567574962973594666e-02
6.039943695068359375e-01
8.484826683998107910e-01
-2.222904702648520470e-03
5.927665233612060547e-01
8.649434447288513184e-01
8.040345273911952972e-03
