3.833408951759338379e-01
9.554769992828369141e-01
-1.049675759645651851e-07
3.766478300094604492e-01
8.632099628448486328e-01
-2.908151654992252588e-04
4.127809405326843262e-01
7.871450781822204590e-01
-3.584082238376140594e-03
4.600658416748046875e-01
7.441968917846679688e-01
-7.800854276865720749e-03
4.982763528823852539e-01
7.319146394729614258e-01
-1.120178773999214172e-02
4.287445545196533203e-01
7.560092210769653320e-01
-1.210531964898109436e-02
4.696915149688720703e-01
6.693105697631835938e-01
-2.147620357573032379e-02
4.985351562500000000e-01
6.200826764106750488e-01
-2.486470341682434082e-02
5.199049711227416992e-01
5.800682306289672852e-01
-2.709698863327503204e-02
4.649870395660400391e-01
7.840617895126342773e-01
-1.775058172643184662e-02
4.969648122787475586e-01
7.343208193778991699e-01
-2.988604828715324402e-02
4.824397265911102295e-01
7.538027167320251465e-01
-2.832987532019615173e-02
4.630488455295562744e-01
7.733013033866882324e-01
-2.392713166773319244e-02
4.942278265953063965e-01
8.189308047294616699e-01
-2.237296104431152344e-02
5.069972872734069824e-01
7.818019986152648926e-01
-2.863494306802749634e-02
4.918566644191741943e-01
7.986692190170288086e-01
-1.775914058089256287e-02
4.752837419509887695e-01
8.151190280914306641e-01
-8.594303391873836517e-03
5.159078836441040039e-01
8.533830046653747559e-01
-2.763537876307964325e-02
5.183206200599670410e-01
8.232021927833557129e-01
-2.295890636742115021e-02
5.043766498565673828e-01
8.355907201766967773e-01
-9.342940524220466614e-03
4.918850362300872803e-01
8.505851626396179199e-01
1.455779303796589375e-03
