3.723721802234649658e-01
8.814343214035034180e-01
-4.791684204974444583e-08
3.603728711605072021e-01
7.836677432060241699e-01
5.579123273491859436e-03
3.888188898563385010e-01
6.902936100959777832e-01
1.327192177996039391e-03
4.345290958881378174e-01
6.401163935661315918e-01
-5.554928909987211227e-03
4.772017598152160645e-01
6.295326352119445801e-01
-1.114683318883180618e-02
3.881281316280364990e-01
6.430869102478027344e-01
-1.021831948310136795e-02
4.310097396373748779e-01
5.464969873428344727e-01
-2.003399841487407684e-02
4.587680697441101074e-01
4.955304265022277832e-01
-2.282146178185939789e-02
4.785622656345367432e-01
4.561366438865661621e-01
-2.475985325872898102e-02
4.222860336303710938e-01
6.642805337905883789e-01
-2.083211392164230347e-02
4.848445951938629150e-01
6.341003179550170898e-01
-3.665691986680030823e-02
4.777368903160095215e-01
6.713049411773681641e-01
-3.670867532491683960e-02
4.572667777538299561e-01
6.919253468513488770e-01
-3.250474110245704651e-02
4.586848020553588867e-01
6.969770789146423340e-01
-2.962434291839599609e-02
5.001670718193054199e-01
6.877655982971191406e-01
-3.758759051561355591e-02
4.874726533889770508e-01
7.178359627723693848e-01
-2.741825208067893982e-02
4.688310027122497559e-01
7.306113839149475098e-01
-1.865330152213573456e-02
4.914690256118774414e-01
7.326377630233764648e-01
-3.849951550364494324e-02
5.177813768386840820e-01
7.254260182380676270e-01
-3.328486159443855286e-02
5.043450593948364258e-01
7.511315941810607910e-01
-1.882891170680522919e-02
4.879754781723022461e-01
7.638428807258605957e-01
-7.410537917166948318e-03
