4.188082814216613770e-01
8.204671144485473633e-01
-7.916611366454162635e-08
4.051230847835540771e-01
7.291165590286254883e-01
6.937607657164335251e-03
4.273650944232940674e-01
6.551443934440612793e-01
6.336720660328865051e-03
4.630094170570373535e-01
6.254142522811889648e-01
2.935065655037760735e-03
4.942654073238372803e-01
6.329672932624816895e-01
-6.408608751371502876e-04
4.445006251335144043e-01
6.106804013252258301e-01
-4.583302419632673264e-03
4.779990911483764648e-01
5.288808941841125488e-01
-8.779453113675117493e-03
4.982888400554656982e-01
4.802708923816680908e-01
-9.854127652943134308e-03
5.119976997375488281e-01
4.418104887008666992e-01
-1.144097000360488892e-02
4.783992171287536621e-01
6.334313154220581055e-01
-1.270429417490959167e-02
5.075337886810302734e-01
5.979160666465759277e-01
-1.798485033214092255e-02
4.965929985046386719e-01
6.205555796623229980e-01
-1.480718515813350677e-02
4.812631607055664062e-01
6.424372792243957520e-01
-1.095525082200765610e-02
5.071663260459899902e-01
6.683555841445922852e-01
-1.903014630079269409e-02
5.200127363204956055e-01
6.432431936264038086e-01
-1.804436370730400085e-02
5.090320706367492676e-01
6.621077060699462891e-01
-7.612448185682296753e-03
4.962294399738311768e-01
6.804232001304626465e-01
-8.637818391434848309e-04
5.292411446571350098e-01
7.056317329406738281e-01
-2.564608119428157806e-02
5.339779853820800781e-01
6.848509311676025391e-01
-1.604418270289897919e-02
5.233184099197387695e-01
6.991440653800964355e-01
-1.909200102090835571e-03
5.135499238967895508e-01
7.156215906143188477e-01
8.267182856798171997e-03
