3.408244550228118896e-01
5.820370912551879883e-01
-3.027138006927998504e-08
3.277268707752227783e-01
5.285544395446777344e-01
2.640104154124855995e-03
3.399105072021484375e-01
4.759882092475891113e-01
-1.809867717383895069e-05
3.627605736255645752e-01
4.494376480579376221e-01
-4.727406427264213562e-03
3.843763768672943115e-01
4.436917304992675781e-01
-8.975553326308727264e-03
3.380279839038848877e-01
4.430899322032928467e-01
-4.124801605939865112e-03
3.543931543827056885e-01
3.868259489536285400e-01
-1.164256222546100616e-02
3.642802834510803223e-01
3.507910370826721191e-01
-1.619469746947288513e-02
3.715665340423583984e-01
3.215442001819610596e-01
-1.966357417404651642e-02
3.592468798160552979e-01
4.538762867450714111e-01
-1.081401202827692032e-02
3.875582218170166016e-01
4.274580478668212891e-01
-2.035453543066978455e-02
3.860244750976562500e-01
4.462156593799591064e-01
-2.155623212456703186e-02
3.778679966926574707e-01
4.611947536468505859e-01
-2.025857940316200256e-02
3.809741735458374023e-01
4.716176390647888184e-01
-1.685309596359729767e-02
4.028345048427581787e-01
4.528838396072387695e-01
-2.136734686791896820e-02
3.982039093971252441e-01
4.678837358951568604e-01
-1.477597374469041824e-02
3.894572854042053223e-01
4.795195460319519043e-01
-9.275333955883979797e-03
3.999220430850982666e-01
4.914346635341644287e-01
-2.341338619589805603e-02
4.155996441841125488e-01
4.758373498916625977e-01
-2.053405717015266418e-02
4.098991751670837402e-01
4.889519214630126953e-01
-1.164949033409357071e-02
4.022347927093505859e-01
4.992626011371612549e-01
-4.756865557283163071e-03
