4.495045244693756104e-01
6.307129859924316406e-01
-4.409560716567284544e-08
4.332255423069000244e-01
5.746414065361022949e-01
1.822419115342199802e-03
4.388329088687896729e-01
5.184876918792724609e-01
1.397390849888324738e-03
4.588989615440368652e-01
4.959019124507904053e-01
-2.400272787781432271e-04
4.808351099491119385e-01
4.982980191707611084e-01
-1.779676531441509724e-03
4.557375013828277588e-01
4.935383200645446777e-01
-5.761172622442245483e-03
4.725542068481445312e-01
4.371916651725769043e-01
-6.938436068594455719e-03
4.821727871894836426e-01
4.031694531440734863e-01
-7.483154535293579102e-03
4.898223876953125000e-01
3.786208629608154297e-01
-8.916036225855350494e-03
4.792170226573944092e-01
5.040710568428039551e-01
-9.363045915961265564e-03
4.897108376026153564e-01
4.911611378192901611e-01
-1.205269433557987213e-02
4.818565547466278076e-01
5.064414143562316895e-01
-1.120239589363336563e-02
4.762914776802062988e-01
5.202623009681701660e-01
-1.058345846831798553e-02
4.981694221496582031e-01
5.220913887023925781e-01
-1.180904265493154526e-02
5.010570883750915527e-01
5.103032588958740234e-01
-1.200721226632595062e-02
4.918032884597778320e-01
5.210251212120056152e-01
-7.284026127308607101e-03
4.849639534950256348e-01
5.339298248291015625e-01
-4.635660909116268158e-03
5.117492079734802246e-01
5.396298766136169434e-01
-1.436429191380739212e-02
5.094479322433471680e-01
5.264555811882019043e-01
-9.974164888262748718e-03
5.005447864532470703e-01
5.364016294479370117e-01
-2.134414389729499817e-03
4.951565265655517578e-01
5.491517186164855957e-01
3.637665882706642151e-03
