3.834726214408874512e-01
6.283614635467529297e-01
2.084084229636573582e-07
3.740236163139343262e-01
5.701907277107238770e-01
6.021603010594844818e-03
3.884941339492797852e-01
5.100014805793762207e-01
6.602612789720296860e-03
4.129654765129089355e-01
4.776566326618194580e-01
3.935312852263450623e-03
4.330976009368896484e-01
4.600047171115875244e-01
2.440375275909900665e-03
3.849886059761047363e-01
4.762498140335083008e-01
4.948048386722803116e-03
4.016964137554168701e-01
4.114511013031005859e-01
3.964525603805668652e-05
4.141243100166320801e-01
3.741336464881896973e-01
-1.264843973331153393e-03
4.232823550701141357e-01
3.475524187088012695e-01
-5.045399884693324566e-04
4.024587869644165039e-01
4.838041365146636963e-01
-3.072450403124094009e-03
4.189558625221252441e-01
4.240204989910125732e-01
-7.039906922727823257e-03
4.243201911449432373e-01
3.945614993572235107e-01
-9.243600070476531982e-03
4.267362058162689209e-01
3.728179335594177246e-01
-9.056741371750831604e-03
4.228413403034210205e-01
4.992177486419677734e-01
-1.086245290935039520e-02
4.560624957084655762e-01
4.747588336467742920e-01
-1.611495949327945709e-02
4.533005058765411377e-01
4.932903945446014404e-01
-1.508388668298721313e-02
4.438022077083587646e-01
5.089558959007263184e-01
-1.128383819013834000e-02
4.436286091804504395e-01
5.190380215644836426e-01
-1.848339103162288666e-02
4.699828922748565674e-01
5.042946934700012207e-01
-1.635385677218437195e-02
4.655592739582061768e-01
5.197103619575500488e-01
-1.041976083070039749e-02
4.563490152359008789e-01
5.325912237167358398e-01
-4.457273520529270172e-03
