4.765271246433258057e-01
6.762003302574157715e-01
-7.970098181431239937e-08
4.505283236503601074e-01
6.207287311553955078e-01
-6.214673165231943130e-03
4.532601535320281982e-01
5.580349564552307129e-01
-1.017536595463752747e-02
4.761913418769836426e-01
5.204992294311523438e-01
-1.308762840926647186e-02
4.990812838077545166e-01
5.177221894264221191e-01
-1.531997602432966232e-02
4.759440422058105469e-01
5.456545948982238770e-01
-1.895427331328392029e-02
4.886277318000793457e-01
4.757801592350006104e-01
-2.544994652271270752e-02
4.963614940643310547e-01
4.339534044265747070e-01
-2.714384533464908600e-02
5.042092204093933105e-01
4.008020162582397461e-01
-2.901135012507438660e-02
5.058360099792480469e-01
5.560376644134521484e-01
-1.939085684716701508e-02
5.085691809654235840e-01
5.128732323646545410e-01
-2.854711562395095825e-02
4.971460103988647461e-01
5.270503759384155273e-01
-2.584254182875156403e-02
4.916037917137145996e-01
5.469716191291809082e-01
-2.235852554440498352e-02
5.274875760078430176e-01
5.702819228172302246e-01
-1.926795393228530884e-02
5.250331163406372070e-01
5.312193036079406738e-01
-2.699633501470088959e-02
5.148468017578125000e-01
5.422404408454895020e-01
-2.005300670862197876e-02
5.094118118286132812e-01
5.603119730949401855e-01
-1.396517641842365265e-02
5.419290661811828613e-01
5.840684175491333008e-01
-1.963718608021736145e-02
5.372823476791381836e-01
5.491592884063720703e-01
-2.242219075560569763e-02
5.285436511039733887e-01
5.577529072761535645e-01
-1.570377126336097717e-02
5.248669981956481934e-01
5.740287303924560547e-01
-9.695158340036869049e-03
