2.497236430644989014e-01
5.683462023735046387e-01
1.560374407461040391e-08
2.433807700872421265e-01
5.140985846519470215e-01
1.496376207796856761e-04
2.561288177967071533e-01
4.575721025466918945e-01
-8.926912210881710052e-03
2.813532352447509766e-01
4.251166880130767822e-01
-2.009475603699684143e-02
3.047244548797607422e-01
4.170039296150207520e-01
-3.081451356410980225e-02
2.362384051084518433e-01
4.336225688457489014e-01
-1.786427386105060577e-02
2.536668777465820312e-01
3.754244446754455566e-01
-3.246832266449928284e-02
2.661001682281494141e-01
3.394684493541717529e-01
-4.151283204555511475e-02
2.764516174793243408e-01
3.096181452274322510e-01
-4.798563942313194275e-02
2.531137168407440186e-01
4.467797875404357910e-01
-2.713567949831485748e-02
3.002367317676544189e-01
4.184444248676300049e-01
-4.605332389473915100e-02
3.007135987281799316e-01
4.393673241138458252e-01
-5.048151314258575439e-02
2.893686592578887939e-01
4.517752528190612793e-01
-5.115105211734771729e-02
2.743232250213623047e-01
4.644936621189117432e-01
-3.549039736390113831e-02
3.176251947879791260e-01
4.430288970470428467e-01
-4.810192063450813293e-02
3.117269277572631836e-01
4.593699276447296143e-01
-4.293853789567947388e-02
2.974117100238800049e-01
4.676140844821929932e-01
-3.771798685193061829e-02
2.954624295234680176e-01
4.832451939582824707e-01
-4.436245560646057129e-02
3.287647962570190430e-01
4.647952318191528320e-01
-4.650544375181198120e-02
3.216146528720855713e-01
4.796595573425292969e-01
-3.893857821822166443e-02
3.077440559864044189e-01
4.886995851993560791e-01
-3.298192843794822693e-02
