2.076493501663208008e-01
5.331834554672241211e-01
8.595086598006673739e-08
2.016028016805648804e-01
4.883879721164703369e-01
-5.530027920030988753e-05
2.128193974494934082e-01
4.365374147891998291e-01
-7.975552231073379517e-03
2.373473197221755981e-01
4.041525423526763916e-01
-1.807387545704841614e-02
2.572695910930633545e-01
3.873198032379150391e-01
-2.749173343181610107e-02
1.864456832408905029e-01
4.090220630168914795e-01
-1.127366535365581512e-02
2.052945047616958618e-01
3.514907956123352051e-01
-2.233904041349887848e-02
2.141157984733581543e-01
3.140125274658203125e-01
-2.932601980865001678e-02
2.187157422304153442e-01
2.837527990341186523e-01
-3.506200760602951050e-02
1.964076310396194458e-01
4.165674149990081787e-01
-1.985004357993602753e-02
2.428798079490661621e-01
3.920064568519592285e-01
-3.426377475261688232e-02
2.474534511566162109e-01
4.151664376258850098e-01
-3.778606280684471130e-02
2.352630794048309326e-01
4.247032701969146729e-01
-3.924702852964401245e-02
2.133452296257019043e-01
4.303082227706909180e-01
-2.790098078548908234e-02
2.580314576625823975e-01
4.095396995544433594e-01
-3.832897543907165527e-02
2.570944428443908691e-01
4.307779371738433838e-01
-3.260137140750885010e-02
2.426421642303466797e-01
4.371370375156402588e-01
-2.850670553743839264e-02
2.318125069141387939e-01
4.474398195743560791e-01
-3.649820387363433838e-02
2.674157619476318359e-01
4.316418468952178955e-01
-4.021820425987243652e-02
2.657534182071685791e-01
4.508090615272521973e-01
-3.359503298997879028e-02
2.535648941993713379e-01
4.591604471206665039e-01
-2.868659421801567078e-02
