3.893952667713165283e-01
6.317604184150695801e-01
-3.625019218134184484e-08
3.749754726886749268e-01
5.737618207931518555e-01
4.949658177793025970e-03
3.860735893249511719e-01
5.130233168601989746e-01
2.987371757626533508e-03
4.109618365764617920e-01
4.833426177501678467e-01
-1.919611240737140179e-03
4.351029694080352783e-01
4.734917283058166504e-01
-6.291603669524192810e-03
3.860540986061096191e-01
4.787380695343017578e-01
-1.831610570661723614e-03
4.017966687679290771e-01
4.143713116645812988e-01
-9.216519072651863098e-03
4.152451455593109131e-01
3.753511309623718262e-01
-1.277122646570205688e-02
4.253858923912048340e-01
3.480156958103179932e-01
-1.474426500499248505e-02
4.073810875415802002e-01
4.887173473834991455e-01
-9.551777504384517670e-03
4.369389414787292480e-01
4.548989534378051758e-01
-1.940937153995037079e-02
4.392408728599548340e-01
4.722371995449066162e-01
-2.159265242516994476e-02
4.351471662521362305e-01
4.883680939674377441e-01
-2.037180028855800629e-02
4.304127097129821777e-01
5.054574608802795410e-01
-1.646928489208221436e-02
4.576482176780700684e-01
4.813730716705322266e-01
-2.205299958586692810e-02
4.548949003219604492e-01
4.969352185726165771e-01
-1.707706414163112640e-02
4.471957683563232422e-01
5.117027163505554199e-01
-1.177699305117130280e-02
4.510653614997863770e-01
5.243198871612548828e-01
-2.338640019297599792e-02
4.710788130760192871e-01
5.022624135017395020e-01
-2.053692005574703217e-02
4.675340354442596436e-01
5.146119594573974609e-01
-1.173354871571063995e-02
4.607015550136566162e-01
5.271866917610168457e-01
-4.355649929493665695e-03
