4.269583225250244141e-01
6.475650668144226074e-01
-7.253945000229578000e-08
4.157233238220214844e-01
5.886265635490417480e-01
3.428233554586768150e-03
4.261137247085571289e-01
5.304813981056213379e-01
1.923424773849546909e-03
4.490437209606170654e-01
5.051299333572387695e-01
-2.645197557285428047e-03
4.711711406707763672e-01
4.991723299026489258e-01
-6.226381286978721619e-03
4.262583255767822266e-01
4.886732697486877441e-01
8.426848798990249634e-04
4.429211318492889404e-01
4.266881942749023438e-01
-4.126612562686204910e-03
4.544104635715484619e-01
3.875519037246704102e-01
-6.763402372598648071e-03
4.637933373451232910e-01
3.586910963058471680e-01
-8.808874525129795074e-03
4.456685781478881836e-01
4.955160021781921387e-01
-6.377771496772766113e-03
4.816891551017761230e-01
4.838667213916778564e-01
-1.622633449733257294e-02
4.805944561958312988e-01
5.075119137763977051e-01
-1.942341774702072144e-02
4.714169800281524658e-01
5.236529111862182617e-01
-1.872788369655609131e-02
4.665994346141815186e-01
5.127687454223632812e-01
-1.295343134552240372e-02
4.971246123313903809e-01
5.066887140274047852e-01
-1.896635629236698151e-02
4.902283847332000732e-01
5.274186730384826660e-01
-1.567796990275382996e-02
4.779950678348541260e-01
5.398223996162414551e-01
-1.145876850932836533e-02
4.850327968597412109e-01
5.325828194618225098e-01
-1.962615177035331726e-02
5.056982636451721191e-01
5.242331624031066895e-01
-1.746864803135395050e-02
4.997154474258422852e-01
5.400339961051940918e-01
-9.430607780814170837e-03
4.896868467330932617e-01
5.498687624931335449e-01
-2.333624288439750671e-03
