3.357327282428741455e-01
5.309318304061889648e-01
1.083692691139503950e-09
3.342956602573394775e-01
4.740480482578277588e-01
4.275014158338308334e-03
3.508327603340148926e-01
4.287403225898742676e-01
5.815845215693116188e-04
3.741393089294433594e-01
4.095543622970581055e-01
-5.199227016419172287e-03
3.942729830741882324e-01
4.100885689258575439e-01
-1.090177148580551147e-02
3.510191142559051514e-01
3.999011814594268799e-01
-7.968358695507049561e-03
3.787423968315124512e-01
3.473695516586303711e-01
-1.361551880836486816e-02
3.937770128250122070e-01
3.159644007682800293e-01
-1.602440886199474335e-02
4.041992127895355225e-01
2.899743318557739258e-01
-1.820044405758380890e-02
3.704558610916137695e-01
4.159541130065917969e-01
-1.551636960357427597e-02
4.030200839042663574e-01
4.009562134742736816e-01
-2.373141050338745117e-02
3.965192735195159912e-01
4.199272394180297852e-01
-2.326632663607597351e-02
3.832483589649200439e-01
4.321127235889434814e-01
-2.169716544449329376e-02
3.896625041961669922e-01
4.384200274944305420e-01
-2.171163447201251984e-02
4.150589406490325928e-01
4.263174235820770264e-01
-2.510819584131240845e-02
4.071565866470336914e-01
4.416644573211669922e-01
-1.672076247632503510e-02
3.949821889400482178e-01
4.513110816478729248e-01
-1.098709646612405777e-02
4.054034054279327393e-01
4.614007174968719482e-01
-2.810296975076198578e-02
4.231397211551666260e-01
4.494021832942962646e-01
-2.465596236288547516e-02
4.151759743690490723e-01
4.632926583290100098e-01
-1.420518476516008377e-02
4.059009850025177002e-01
4.734006524085998535e-01
-6.680755876004695892e-03
