4.497922360897064209e-01
6.350228786468505859e-01
-5.153353654918646498e-08
4.459233880043029785e-01
5.863983035087585449e-01
6.656662444584071636e-04
4.544256329536437988e-01
5.355198383331298828e-01
-2.740970579907298088e-03
4.701335728168487549e-01
5.090739727020263672e-01
-7.942703552544116974e-03
4.835599660873413086e-01
5.017845630645751953e-01
-1.163238007575273514e-02
4.469420909881591797e-01
4.902285933494567871e-01
-5.463611800223588943e-03
4.680383801460266113e-01
4.392144680023193359e-01
-1.263686642050743103e-02
4.813970923423767090e-01
4.031406641006469727e-01
-1.783682964742183685e-02
4.909766614437103271e-01
3.755357861518859863e-01
-2.215225622057914734e-02
4.608758091926574707e-01
4.930930435657501221e-01
-1.181738637387752533e-02
4.969306886196136475e-01
5.018138289451599121e-01
-2.289530821144580841e-02
4.918671250343322754e-01
5.266866087913513184e-01
-2.542304806411266327e-02
4.798272252082824707e-01
5.379917621612548828e-01
-2.560343034565448761e-02
4.771466255187988281e-01
5.067956447601318359e-01
-1.774622686207294464e-02
5.067032575607299805e-01
5.152941942214965820e-01
-2.509714290499687195e-02
4.997319579124450684e-01
5.363422632217407227e-01
-2.013666741549968719e-02
4.884770810604095459e-01
5.463865399360656738e-01
-1.578742265701293945e-02
4.925116300582885742e-01
5.222684741020202637e-01
-2.426520548760890961e-02
5.110995769500732422e-01
5.252792239189147949e-01
-2.406558766961097717e-02
5.060411691665649414e-01
5.429180860519409180e-01
-1.656973361968994141e-02
4.982823729515075684e-01
5.530133247375488281e-01
-1.041498314589262009e-02
