5.326657891273498535e-01
6.255836486816406250e-01
-5.717446427411232435e-08
5.105550289154052734e-01
5.670841932296752930e-01
-2.460865303874015808e-03
5.133058428764343262e-01
5.052990913391113281e-01
-5.639641545712947845e-03
5.326663255691528320e-01
4.724179506301879883e-01
-9.200697764754295349e-03
5.546746253967285156e-01
4.707260429859161377e-01
-1.291028503328561783e-02
5.475761890411376953e-01
4.886665046215057373e-01
-1.365294679999351501e-02
5.633803009986877441e-01
4.239912033081054688e-01
-1.847214996814727783e-02
5.694793462753295898e-01
3.874951004981994629e-01
-1.971403509378433228e-02
5.764507055282592773e-01
3.590084910392761230e-01
-2.125325798988342285e-02
5.734432935714721680e-01
5.049786567687988281e-01
-1.577060483396053314e-02
5.708093643188476562e-01
4.739574193954467773e-01
-2.315269969403743744e-02
5.572317242622375488e-01
4.875845313072204590e-01
-2.097843401134014130e-02
5.553935170173645020e-01
5.032279491424560547e-01
-1.843393966555595398e-02
5.898590683937072754e-01
5.248159766197204590e-01
-1.708297617733478546e-02
5.795030593872070312e-01
4.948162734508514404e-01
-2.221702039241790771e-02
5.672655701637268066e-01
5.045861005783081055e-01
-1.562578044831752777e-02
5.652715563774108887e-01
5.188010334968566895e-01
-1.041197031736373901e-02
5.993980169296264648e-01
5.428718924522399902e-01
-1.858786121010780334e-02
5.890704393386840820e-01
5.142563581466674805e-01
-1.751400716602802277e-02
5.780406594276428223e-01
5.217679142951965332e-01
-9.066767059266567230e-03
5.767459869384765625e-01
5.353330373764038086e-01
-2.302488777786493301e-03
