5.286676287651062012e-01
6.676754355430603027e-01
-9.285827928806611453e-08
5.062338113784790039e-01
6.132247447967529297e-01
-2.639009617269039154e-03
5.072189569473266602e-01
5.502644181251525879e-01
-4.796468187123537064e-03
5.258139371871948242e-01
5.111120939254760742e-01
-6.834049709141254425e-03
5.470739603042602539e-01
5.104314684867858887e-01
-8.697854354977607727e-03
5.415045619010925293e-01
5.398432016372680664e-01
-1.308738160878419876e-02
5.545786023139953613e-01
4.716747403144836426e-01
-1.770558394491672516e-02
5.625440478324890137e-01
4.320075511932373047e-01
-1.901523768901824951e-02
5.705109834671020508e-01
4.018880724906921387e-01
-2.064405195415019989e-02
5.674009323120117188e-01
5.514905452728271484e-01
-1.415340509265661240e-02
5.662755966186523438e-01
5.127398967742919922e-01
-2.100557647645473480e-02
5.537096261978149414e-01
5.248290300369262695e-01
-1.860778965055942535e-02
5.496478676795959473e-01
5.421406030654907227e-01
-1.562189310789108276e-02
5.858721733093261719e-01
5.666062831878662109e-01
-1.436442509293556213e-02
5.784574747085571289e-01
5.315489768981933594e-01
-2.029881626367568970e-02
5.677777528762817383e-01
5.405456423759460449e-01
-1.464358158409595490e-02
5.641013383865356445e-01
5.573450922966003418e-01
-9.585798718035221100e-03
5.986713171005249023e-01
5.813958048820495605e-01
-1.463608909398317337e-02
5.905822515487670898e-01
5.492433309555053711e-01
-1.649450697004795074e-02
5.809720754623413086e-01
5.577165484428405762e-01
-1.017875038087368011e-02
5.781114101409912109e-01
5.739296078681945801e-01
-4.284864757210016251e-03
