4.238930046558380127e-01
6.223189830780029297e-01
-7.754564279593978426e-08
4.018460512161254883e-01
5.669624805450439453e-01
2.168792125303298235e-04
4.086114466190338135e-01
5.130339860916137695e-01
-1.394207356497645378e-03
4.306022822856903076e-01
4.873777627944946289e-01
-3.311680862680077553e-03
4.503385126590728760e-01
4.871753156185150146e-01
-5.195575766265392303e-03
4.254198670387268066e-01
4.911804795265197754e-01
-1.152231171727180481e-02
4.375405311584472656e-01
4.305610060691833496e-01
-1.504534482955932617e-02
4.440558552742004395e-01
3.938989043235778809e-01
-1.563151925802230835e-02
4.490810632705688477e-01
3.662739396095275879e-01
-1.673708483576774597e-02
4.522823691368103027e-01
5.040361285209655762e-01
-1.424269936978816986e-02
4.589730501174926758e-01
4.779632389545440674e-01
-1.828709244728088379e-02
4.501551985740661621e-01
4.907196164131164551e-01
-1.542831212282180786e-02
4.443871676921844482e-01
5.060786604881286621e-01
-1.318562868982553482e-02
4.728477001190185547e-01
5.229515433311462402e-01
-1.588136702775955200e-02
4.712744653224945068e-01
4.984979629516601562e-01
-1.836294308304786682e-02
4.638231992721557617e-01
5.086722373962402344e-01
-1.186452992260456085e-02
4.588702917098999023e-01
5.231211185455322266e-01
-7.579283323138952255e-03
4.868836402893066406e-01
5.409405231475830078e-01
-1.763320527970790863e-02
4.833489060401916504e-01
5.176227092742919922e-01
-1.591773889958858490e-02
4.762550592422485352e-01
5.267478823661804199e-01
-7.969013415277004242e-03
4.723413884639739990e-01
5.404907464981079102e-01
-1.858661998994648457e-03
