5.307965874671936035e-01
6.329117417335510254e-01
-1.711795647452163394e-07
5.094729065895080566e-01
5.760990381240844727e-01
-2.644334221258759499e-03
5.114192962646484375e-01
5.146825909614562988e-01
-2.377151045948266983e-03
5.304224491119384766e-01
4.805927276611328125e-01
-1.815860159695148468e-03
5.513573288917541504e-01
4.828049838542938232e-01
-8.212308748625218868e-04
5.562470555305480957e-01
5.049536824226379395e-01
-6.446150597184896469e-03
5.682509541511535645e-01
4.437274634838104248e-01
-8.493944071233272552e-03
5.774526596069335938e-01
4.097241163253784180e-01
-8.776177652180194855e-03
5.866858363151550293e-01
3.834243714809417725e-01
-9.874628856778144836e-03
5.797790884971618652e-01
5.205280780792236328e-01
-6.452565081417560577e-03
5.653941035270690918e-01
4.872424602508544922e-01
-1.072444394230842590e-02
5.521864295005798340e-01
4.997315108776092529e-01
-8.456551469862461090e-03
5.506550073623657227e-01
5.167561769485473633e-01
-6.206016987562179565e-03
5.929084420204162598e-01
5.360206365585327148e-01
-6.274158135056495667e-03
5.754146575927734375e-01
5.063715577125549316e-01
-1.101916935294866562e-02
5.651398897171020508e-01
5.152475237846374512e-01
-7.667074911296367645e-03
5.632835030555725098e-01
5.304612517356872559e-01
-4.650310147553682327e-03
5.992533564567565918e-01
5.490939021110534668e-01
-6.316995248198509216e-03
5.870763063430786133e-01
5.202103853225708008e-01
-8.032935671508312225e-03
5.775603055953979492e-01
5.281448960304260254e-01
-4.043445456773042679e-03
5.739310979843139648e-01
5.433873534202575684e-01
-5.854031041963025928e-05
