4.554834961891174316e-01
6.709214448928833008e-01
-4.434602018932309875e-08
4.332445263862609863e-01
6.165483593940734863e-01
-2.405011327937245369e-03
4.385062456130981445e-01
5.578758120536804199e-01
-5.668852943927049637e-03
4.592047631740570068e-01
5.257624387741088867e-01
-9.364903904497623444e-03
4.815010428428649902e-01
5.212219357490539551e-01
-1.229636278003454208e-02
4.520443379878997803e-01
5.308901667594909668e-01
-1.252728607505559921e-02
4.656858444213867188e-01
4.668940901756286621e-01
-1.830186508595943451e-02
4.730631709098815918e-01
4.270281195640563965e-01
-2.011188492178916931e-02
4.796319007873535156e-01
3.953015804290771484e-01
-2.186639420688152313e-02
4.774845838546752930e-01
5.403405427932739258e-01
-1.571825146675109863e-02
4.940377175807952881e-01
5.115116238594055176e-01
-2.456426247954368591e-02
4.854502677917480469e-01
5.278827548027038574e-01
-2.328653074800968170e-02
4.774466753005981445e-01
5.445637702941894531e-01
-2.051553316414356232e-02
4.989105761051177979e-01
5.567827820777893066e-01
-1.810951903462409973e-02
5.084463953971862793e-01
5.314388275146484375e-01
-2.421292476356029510e-02
4.990345835685729980e-01
5.436733365058898926e-01
-1.710546761751174927e-02
4.913493692874908447e-01
5.582443475723266602e-01
-1.096365693956613541e-02
5.149031877517700195e-01
5.742793083190917969e-01
-2.094714529812335968e-02
5.197556614875793457e-01
5.494835376739501953e-01
-2.048905007541179657e-02
5.116143822669982910e-01
5.592544078826904297e-01
-1.165567152202129364e-02
5.064690709114074707e-01
5.727356672286987305e-01
-4.211186897009611130e-03
