3.269362747669219971e-01
5.602524280548095703e-01
8.791689154463711020e-09
3.181881010532379150e-01
5.087063908576965332e-01
2.599518280476331711e-03
3.303185403347015381e-01
4.594292640686035156e-01
-1.449493807740509510e-03
3.511907458305358887e-01
4.336712956428527832e-01
-7.205087691545486450e-03
3.714981675148010254e-01
4.271274507045745850e-01
-1.246692147105932236e-02
3.259903788566589355e-01
4.310722649097442627e-01
-8.607142604887485504e-03
3.445362150669097900e-01
3.752353191375732422e-01
-1.594369858503341675e-02
3.547780513763427734e-01
3.410991728305816650e-01
-1.936225034296512604e-02
3.620533943176269531e-01
3.139234185218811035e-01
-2.192194759845733643e-02
3.458924889564514160e-01
4.423719346523284912e-01
-1.543584279716014862e-02
3.772079348564147949e-01
4.197999536991119385e-01
-2.536063641309738159e-02
3.749808073043823242e-01
4.395495355129241943e-01
-2.543416433036327362e-02
3.657261133193969727e-01
4.534671902656555176e-01
-2.368353307247161865e-02
3.668901920318603516e-01
4.596962034702301025e-01
-2.129363641142845154e-02
3.920744955539703369e-01
4.431784152984619141e-01
-2.601920999586582184e-02
3.867648541927337646e-01
4.586983323097229004e-01
-1.828042790293693542e-02
3.765925467014312744e-01
4.690321981906890869e-01
-1.254343800246715546e-02
3.853903710842132568e-01
4.780674278736114502e-01
-2.753156051039695740e-02
4.031368196010589600e-01
4.655806124210357666e-01
-2.470402978360652924e-02
3.971992135047912598e-01
4.801803231239318848e-01
-1.531659718602895737e-02
3.893504142761230469e-01
4.890965819358825684e-01
-8.442478254437446594e-03
