3.163776397705078125e-01
5.738607645034790039e-01
-1.451737041691103514e-08
3.120420277118682861e-01
5.166810154914855957e-01
5.393803119659423828e-03
3.323756456375122070e-01
4.639590978622436523e-01
1.031588762998580933e-03
3.591124117374420166e-01
4.341317415237426758e-01
-5.638495087623596191e-03
3.829170465469360352e-01
4.182679951190948486e-01
-1.207019388675689697e-02
3.238424956798553467e-01
4.315431118011474609e-01
-8.039541542530059814e-03
3.501344323158264160e-01
3.732866644859313965e-01
-1.645510271191596985e-02
3.670587837696075439e-01
3.365628421306610107e-01
-2.161554619669914246e-02
3.785590231418609619e-01
3.068105280399322510e-01
-2.556020952761173248e-02
3.439054787158966064e-01
4.448851943016052246e-01
-1.732500642538070679e-02
3.830725252628326416e-01
4.244132637977600098e-01
-2.666244842112064362e-02
3.813103437423706055e-01
4.464820027351379395e-01
-2.664715237915515900e-02
3.683403134346008301e-01
4.601995944976806641e-01
-2.573528699576854706e-02
3.661123514175415039e-01
4.662071466445922852e-01
-2.538892440497875214e-02
3.982413411140441895e-01
4.483768641948699951e-01
-2.895932458341121674e-02
3.930570185184478760e-01
4.669746160507202148e-01
-1.882731355726718903e-02
3.804084658622741699e-01
4.777978658676147461e-01
-1.247743330895900726e-02
3.854842483997344971e-01
4.902796149253845215e-01
-3.374894335865974426e-02
4.075721502304077148e-01
4.734001755714416504e-01
-3.021871671080589294e-02
4.017390012741088867e-01
4.916070699691772461e-01
-1.829550415277481079e-02
3.923279643058776855e-01
5.032153725624084473e-01
-1.003874838352203369e-02
