2.056706547737121582e-01
5.225712060928344727e-01
9.489988173072561040e-08
2.005469799041748047e-01
4.823278486728668213e-01
-6.643543601967394352e-04
2.122907787561416626e-01
4.337278306484222412e-01
-9.762684814631938934e-03
2.365270107984542847e-01
4.024707674980163574e-01
-2.066264115273952484e-02
2.551964223384857178e-01
3.863131701946258545e-01
-3.099420107901096344e-02
1.850709170103073120e-01
4.096386432647705078e-01
-1.560840848833322525e-02
2.026430070400238037e-01
3.542110323905944824e-01
-2.860313840210437775e-02
2.122221142053604126e-01
3.163808286190032959e-01
-3.669757768511772156e-02
2.177857160568237305e-01
2.860428690910339355e-01
-4.294494912028312683e-02
1.954340189695358276e-01
4.192223846912384033e-01
-2.454865537583827972e-02
2.424654811620712280e-01
3.926306664943695068e-01
-4.027327522635459900e-02
2.470796108245849609e-01
4.148127138614654541e-01
-4.293339699506759644e-02
2.357637584209442139e-01
4.241014122962951660e-01
-4.382839053869247437e-02
2.126764655113220215e-01
4.343590736389160156e-01
-3.298963978886604309e-02
2.578349411487579346e-01
4.084396362304687500e-01
-4.492966830730438232e-02
2.569192051887512207e-01
4.288869202136993408e-01
-3.752740472555160522e-02
2.431780844926834106e-01
4.358533322811126709e-01
-3.220191970467567444e-02
2.322063148021697998e-01
4.521374702453613281e-01
-4.188912361860275269e-02
2.672418951988220215e-01
4.309269487857818604e-01
-4.651241004467010498e-02
2.653269171714782715e-01
4.500386714935302734e-01
-3.829802200198173523e-02
2.533864378929138184e-01
4.594483375549316406e-01
-3.238546103239059448e-02
