5.367293357849121094e-01
6.332512497901916504e-01
-1.753565328499462339e-07
5.162242054939270020e-01
5.749152302742004395e-01
-3.835140261799097061e-03
5.210736989974975586e-01
5.106582641601562500e-01
-2.260163892060518265e-03
5.401484966278076172e-01
4.730764627456665039e-01
1.792014576494693756e-03
5.636547803878784180e-01
4.728319942951202393e-01
5.599263589829206467e-03
5.644162893295288086e-01
5.066613554954528809e-01
-1.696914248168468475e-02
5.756394267082214355e-01
4.393416047096252441e-01
-1.985735446214675903e-02
5.841818451881408691e-01
4.027021229267120361e-01
-2.135313674807548523e-02
5.936951637268066406e-01
3.734886050224304199e-01
-2.338164485991001129e-02
5.894048810005187988e-01
5.228821635246276855e-01
-1.413692813366651535e-02
5.740376710891723633e-01
4.819919168949127197e-01
-1.413516420871019363e-02
5.574337244033813477e-01
4.939168095588684082e-01
-8.982505649328231812e-03
5.543868541717529297e-01
5.096659660339355469e-01
-6.447874009609222412e-03
6.026864051818847656e-01
5.386389493942260742e-01
-1.060860697180032730e-02
5.845031142234802246e-01
5.010780692100524902e-01
-9.465867653489112854e-03
5.713764429092407227e-01
5.098634958267211914e-01
-4.091394599527120590e-03
5.686468482017517090e-01
5.268970727920532227e-01
-1.581663847900927067e-03
6.085830330848693848e-01
5.532035231590270996e-01
-7.443908136337995529e-03
5.959660410881042480e-01
5.197856426239013672e-01
-5.148239899426698685e-03
5.869027376174926758e-01
5.253694653511047363e-01
-4.224920994602143764e-04
5.841174721717834473e-01
5.423216819763183594e-01
2.870162017643451691e-03
