4.884463846683502197e-01
6.370643377304077148e-01
-6.884347669711132767e-08
4.814037680625915527e-01
5.859962105751037598e-01
-6.323413690552115440e-04
4.902094602584838867e-01
5.330399870872497559e-01
-5.343091208487749100e-03
5.090591907501220703e-01
5.054230690002441406e-01
-1.161514408886432648e-02
5.270133614540100098e-01
5.004434585571289062e-01
-1.613236963748931885e-02
4.911370873451232910e-01
4.927583336830139160e-01
-8.750587701797485352e-03
5.156790614128112793e-01
4.414496719837188721e-01
-1.696106605231761932e-02
5.302546024322509766e-01
4.075870513916015625e-01
-2.133933082222938538e-02
5.409694910049438477e-01
3.824214339256286621e-01
-2.474445477128028870e-02
5.052527189254760742e-01
5.006682872772216797e-01
-1.481451001018285751e-02
5.389450788497924805e-01
5.067049264907836914e-01
-2.785745449364185333e-02
5.325655937194824219e-01
5.302692651748657227e-01
-2.948171831667423248e-02
5.211557149887084961e-01
5.411207675933837891e-01
-2.843464165925979614e-02
5.215003490447998047e-01
5.173486471176147461e-01
-2.047942206263542175e-02
5.475828051567077637e-01
5.232008099555969238e-01
-2.985556237399578094e-02
5.401160717010498047e-01
5.440508723258972168e-01
-2.354971133172512054e-02
5.296597480773925781e-01
5.542229413986206055e-01
-1.773323677480220795e-02
5.371067523956298828e-01
5.360982418060302734e-01
-2.666959911584854126e-02
5.536457300186157227e-01
5.354076623916625977e-01
-2.800303138792514801e-02
5.467017889022827148e-01
5.524693131446838379e-01
-1.985100284218788147e-02
5.382274389266967773e-01
5.626277923583984375e-01
-1.283273007720708847e-02
