2.088110744953155518e-01
5.465321540832519531e-01
3.681814320088960812e-08
2.036513537168502808e-01
4.948441088199615479e-01
2.354256575927138329e-03
2.138713449239730835e-01
4.393634200096130371e-01
-4.716126248240470886e-03
2.375520467758178711e-01
4.051328003406524658e-01
-1.456535328179597855e-02
2.578072547912597656e-01
3.858880102634429932e-01
-2.367042191326618195e-02
1.873866319656372070e-01
4.061034023761749268e-01
-8.487391285598278046e-03
2.065299600362777710e-01
3.476585745811462402e-01
-1.879337988793849945e-02
2.144347727298736572e-01
3.104445338249206543e-01
-2.542839199304580688e-02
2.177473306655883789e-01
2.794346809387207031e-01
-3.110832534730434418e-02
1.970456093549728394e-01
4.137175679206848145e-01
-1.831571757793426514e-02
2.425922900438308716e-01
3.882850408554077148e-01
-3.214940056204795837e-02
2.469824403524398804e-01
4.119423329830169678e-01
-3.553080931305885315e-02
2.361208349466323853e-01
4.235028624534606934e-01
-3.702228143811225891e-02
2.133258581161499023e-01
4.278633296489715576e-01
-2.742348611354827881e-02
2.576905488967895508e-01
4.068628549575805664e-01
-3.629909083247184753e-02
2.563820779323577881e-01
4.293496906757354736e-01
-2.957431599497795105e-02
2.431941777467727661e-01
4.380163848400115967e-01
-2.519468776881694794e-02
2.314201444387435913e-01
4.455782473087310791e-01
-3.711583092808723450e-02
2.662559449672698975e-01
4.286394417285919189e-01
-3.875759616494178772e-02
2.638298869132995605e-01
4.490924775600433350e-01
-3.106004931032657623e-02
2.522657215595245361e-01
4.595347642898559570e-01
-2.572858333587646484e-02
