4.372717142105102539e-01
6.296405196189880371e-01
-7.168960536318991217e-08
4.143825769424438477e-01
5.741258859634399414e-01
-2.303211949765682220e-03
4.204231798648834229e-01
5.201962590217590332e-01
-4.212517291307449341e-03
4.406841695308685303e-01
4.942380487918853760e-01
-6.799084134399890900e-03
4.615004658699035645e-01
4.931480288505554199e-01
-8.599539287388324738e-03
4.336706995964050293e-01
4.920903742313385010e-01
-7.822182029485702515e-03
4.471158385276794434e-01
4.340916872024536133e-01
-1.296946499496698380e-02
4.562571644783020020e-01
3.968044817447662354e-01
-1.537288445979356766e-02
4.626787006855010986e-01
3.680603802204132080e-01
-1.743665710091590881e-02
4.585478603839874268e-01
4.999933242797851562e-01
-1.096538547426462173e-02
4.685255885124206543e-01
4.825188815593719482e-01
-1.859275624155998230e-02
4.632170498371124268e-01
4.998256862163543701e-01
-1.881826855242252350e-02
4.568055868148803711e-01
5.148339271545410156e-01
-1.760780625045299530e-02
4.787578880786895752e-01
5.155737400054931641e-01
-1.377469580620527267e-02
4.813652336597442627e-01
4.982367455959320068e-01
-2.030249312520027161e-02
4.752314984798431396e-01
5.122453570365905762e-01
-1.590675301849842072e-02
4.692061841487884521e-01
5.258910059928894043e-01
-1.150045171380043030e-02
4.936739206314086914e-01
5.318577289581298828e-01
-1.701114326715469360e-02
4.925585687160491943e-01
5.125817656517028809e-01
-1.743172481656074524e-02
4.864609241485595703e-01
5.229888558387756348e-01
-1.046304963529109955e-02
4.816707074642181396e-01
5.361431241035461426e-01
-4.177314229309558868e-03
