2.090219557285308838e-01
5.427867174148559570e-01
4.991071378412925696e-08
2.044767290353775024e-01
4.934820532798767090e-01
1.608112477697432041e-03
2.137635350227355957e-01
4.391407072544097900e-01
-5.840733647346496582e-03
2.369144707918167114e-01
4.065065681934356689e-01
-1.603674329817295074e-02
2.572597563266754150e-01
3.886853456497192383e-01
-2.551140449941158295e-02
1.880459338426589966e-01
4.070430099964141846e-01
-9.545953013002872467e-03
2.065677940845489502e-01
3.474811613559722900e-01
-2.057756856083869934e-02
2.142836302518844604e-01
3.101468980312347412e-01
-2.743062190711498260e-02
2.177633941173553467e-01
2.796274423599243164e-01
-3.302557021379470825e-02
1.966611146926879883e-01
4.148863554000854492e-01
-1.900541409850120544e-02
2.427100688219070435e-01
3.890833258628845215e-01
-3.386093676090240479e-02
2.468447238206863403e-01
4.121667444705963135e-01
-3.741310909390449524e-02
2.359413951635360718e-01
4.232862293720245361e-01
-3.868644684553146362e-02
2.123712152242660522e-01
4.283097982406616211e-01
-2.786621637642383575e-02
2.576907873153686523e-01
4.077740907669067383e-01
-3.764862194657325745e-02
2.560110390186309814e-01
4.298330247402191162e-01
-3.155236318707466125e-02
2.424125373363494873e-01
4.377998113632202148e-01
-2.727102674543857574e-02
2.304979264736175537e-01
4.449105262756347656e-01
-3.731454163789749146e-02
2.662194967269897461e-01
4.292149245738983154e-01
-3.975696489214897156e-02
2.637369334697723389e-01
4.494628608226776123e-01
-3.275393322110176086e-02
2.517447471618652344e-01
4.588780105113983154e-01
-2.768527716398239136e-02
