5.103876590728759766e-01
6.347286701202392578e-01
-1.433942031781043625e-07
4.892785847187042236e-01
5.799362659454345703e-01
-5.437119863927364349e-03
4.927551746368408203e-01
5.168689489364624023e-01
-4.869443830102682114e-03
5.121883153915405273e-01
4.840694367885589600e-01
-2.982805948704481125e-03
5.327908396720886230e-01
4.847781062126159668e-01
-7.956969784572720528e-04
5.374187827110290527e-01
5.059496164321899414e-01
-9.516929276287555695e-03
5.467102527618408203e-01
4.444494545459747314e-01
-1.290292199701070786e-02
5.555672049522399902e-01
4.101451933383941650e-01
-1.493140310049057007e-02
5.652215480804443359e-01
3.835999369621276855e-01
-1.698694750666618347e-02
5.589127540588378906e-01
5.200015902519226074e-01
-8.537803776562213898e-03
5.423110127449035645e-01
4.898877143859863281e-01
-1.394814625382423401e-02
5.279191732406616211e-01
5.041402578353881836e-01
-1.258111372590065002e-02
5.262522697448730469e-01
5.221751928329467773e-01
-1.057411264628171921e-02
5.697130560874938965e-01
5.351624488830566406e-01
-7.680291309952735901e-03
5.505549907684326172e-01
5.082066059112548828e-01
-1.277155801653862000e-02
5.383319854736328125e-01
5.191978812217712402e-01
-9.659493342041969299e-03
5.359742641448974609e-01
5.350170135498046875e-01
-6.620040163397789001e-03
5.739858746528625488e-01
5.504657626152038574e-01
-7.359400857239961624e-03
5.571146011352539062e-01
5.264694690704345703e-01
-8.767562918365001678e-03
5.463628768920898438e-01
5.361624360084533691e-01
-4.069298040121793747e-03
5.428968667984008789e-01
5.527285933494567871e-01
5.175895057618618011e-04
