4.385994672775268555e-01
6.553810238838195801e-01
-7.595696160933584906e-08
4.146984517574310303e-01
6.005416512489318848e-01
-9.100109455175697803e-04
4.202124476432800293e-01
5.443856716156005859e-01
-3.656667657196521759e-03
4.425304532051086426e-01
5.176159739494323730e-01
-7.396071217954158783e-03
4.653695821762084961e-01
5.171732306480407715e-01
-1.052354928106069565e-02
4.306349456310272217e-01
5.161488056182861328e-01
-9.879894554615020752e-03
4.434850811958312988e-01
4.533316493034362793e-01
-1.636433601379394531e-02
4.506137669086456299e-01
4.133371710777282715e-01
-1.889104582369327545e-02
4.558500647544860840e-01
3.825919628143310547e-01
-2.091623283922672272e-02
4.568887948989868164e-01
5.258716940879821777e-01
-1.369011867791414261e-02
4.708361029624938965e-01
4.958439171314239502e-01
-2.196020819246768951e-02
4.649153351783752441e-01
5.107222199440002441e-01
-2.090301550924777985e-02
4.590573906898498535e-01
5.268728137016296387e-01
-1.853724196553230286e-02
4.794763326644897461e-01
5.424705147743225098e-01
-1.682065241038799286e-02
4.866648912429809570e-01
5.156466364860534668e-01
-2.228168398141860962e-02
4.801754653453826904e-01
5.282618403434753418e-01
-1.522950921207666397e-02
4.742585122585296631e-01
5.432809591293334961e-01
-9.353433735668659210e-03
4.965198040008544922e-01
5.595603585243225098e-01
-2.041141316294670105e-02
5.003398656845092773e-01
5.358483791351318359e-01
-1.956165954470634460e-02
4.938987493515014648e-01
5.470740199089050293e-01
-1.078301109373569489e-02
4.893713593482971191e-01
5.606740713119506836e-01
-3.533750539645552635e-03
