5.122302770614624023e-01
6.740143299102783203e-01
-8.854792810097933398e-08
4.883509576320648193e-01
6.222004294395446777e-01
-5.209395196288824081e-03
4.876901805400848389e-01
5.578386783599853516e-01
-8.897523395717144012e-03
5.074553489685058594e-01
5.157331824302673340e-01
-1.212899573147296906e-02
5.308067202568054199e-01
5.133582949638366699e-01
-1.475915126502513885e-02
5.147030353546142578e-01
5.455949306488037109e-01
-1.561617013067007065e-02
5.299940109252929688e-01
4.760986864566802979e-01
-2.203722484409809113e-02
5.377823114395141602e-01
4.339115321636199951e-01
-2.350877970457077026e-02
5.452736616134643555e-01
4.009888172149658203e-01
-2.510501816868782043e-02
5.416565537452697754e-01
5.541219711303710938e-01
-1.636685803532600403e-02
5.464399456977844238e-01
5.143905282020568848e-01
-2.614403143525123596e-02
5.353977680206298828e-01
5.297968387603759766e-01
-2.418536692857742310e-02
5.305919647216796875e-01
5.481277108192443848e-01
-2.056027017533779144e-02
5.626803040504455566e-01
5.674629211425781250e-01
-1.655168645083904266e-02
5.611069202423095703e-01
5.314611196517944336e-01
-2.510850504040718079e-02
5.509382486343383789e-01
5.443201661109924316e-01
-1.893305405974388123e-02
5.462682247161865234e-01
5.613757371902465820e-01
-1.263520959764719009e-02
5.787696838378906250e-01
5.819311738014221191e-01
-1.696623489260673523e-02
5.727062821388244629e-01
5.487337708473205566e-01
-2.031364105641841888e-02
5.638747811317443848e-01
5.591112971305847168e-01
-1.387814059853553772e-02
5.608500838279724121e-01
5.748259425163269043e-01
-7.499788887798786163e-03
