5.400043725967407227e-01
6.641448140144348145e-01
-1.982307082926126895e-07
5.204342007637023926e-01
6.059350967407226562e-01
-4.543215502053499222e-03
5.270357728004455566e-01
5.435878038406372070e-01
-3.212470794096589088e-03
5.479609370231628418e-01
5.046630501747131348e-01
9.416607208549976349e-04
5.698893666267395020e-01
5.086669921875000000e-01
5.409424658864736557e-03
5.698359012603759766e-01
5.424534082412719727e-01
-1.548446062952280045e-02
5.824512839317321777e-01
4.732502698898315430e-01
-1.814696192741394043e-02
5.907136797904968262e-01
4.350973963737487793e-01
-1.939720101654529572e-02
5.996325612068176270e-01
4.046711921691894531e-01
-2.101041190326213837e-02
5.954852700233459473e-01
5.577582120895385742e-01
-1.119577512145042419e-02
5.818133354187011719e-01
5.141045451164245605e-01
-1.005379017442464828e-02
5.654981136322021484e-01
5.255770087242126465e-01
-3.779575694352388382e-03
5.610576868057250977e-01
5.435531735420227051e-01
-3.745652065845206380e-05
6.094667911529541016e-01
5.729053020477294922e-01
-6.390884052962064743e-03
5.916403532028198242e-01
5.348887443542480469e-01
-5.757343024015426636e-03
5.792657136917114258e-01
5.434153676033020020e-01
-9.712823084555566311e-04
5.751699805259704590e-01
5.611811876296997070e-01
1.722243265248835087e-03
6.160961389541625977e-01
5.876857638359069824e-01
-1.787325018085539341e-03
6.043441295623779297e-01
5.548010468482971191e-01
5.822285893373191357e-04
5.943743586540222168e-01
5.608930587768554688e-01
5.314621608704328537e-03
5.889731645584106445e-01
5.781939625740051270e-01
8.853085339069366455e-03
