3.287262022495269775e-01
5.624505877494812012e-01
2.882140304194535929e-09
3.243508934974670410e-01
5.027854442596435547e-01
5.858920514583587646e-03
3.419442474842071533e-01
4.531637132167816162e-01
2.077644458040595055e-03
3.651281893253326416e-01
4.255639910697937012e-01
-3.864221042022109032e-03
3.867643773555755615e-01
4.173328578472137451e-01
-9.711867198348045349e-03
3.399066329002380371e-01
4.209722578525543213e-01
-9.407601319253444672e-03
3.677781820297241211e-01
3.643237948417663574e-01
-1.641626283526420593e-02
3.841008543968200684e-01
3.298431038856506348e-01
-1.948327571153640747e-02
3.954198658466339111e-01
3.013814687728881836e-01
-2.180288545787334442e-02
3.598607480525970459e-01
4.368866086006164551e-01
-1.772958971560001373e-02
3.967145085334777832e-01
4.147725105285644531e-01
-2.673488296568393707e-02
3.922350704669952393e-01
4.345474839210510254e-01
-2.594769932329654694e-02
3.785643279552459717e-01
4.487933218479156494e-01
-2.399737201631069183e-02
3.806572556495666504e-01
4.595378637313842773e-01
-2.439027465879917145e-02
4.096660614013671875e-01
4.419027566909790039e-01
-2.740153484046459198e-02
4.035835564136505127e-01
4.586586058139801025e-01
-1.759043708443641663e-02
3.919521570205688477e-01
4.700205326080322266e-01
-1.112722419202327728e-02
3.981487154960632324e-01
4.834577441215515137e-01
-3.116071224212646484e-02
4.190488457679748535e-01
4.670794308185577393e-01
-2.665544301271438599e-02
4.117696881294250488e-01
4.825415611267089844e-01
-1.507198810577392578e-02
4.023787081241607666e-01
4.937987923622131348e-01
-6.978463381528854370e-03
