3.378489315509796143e-01
5.154452323913574219e-01
-1.419889428255771691e-09
3.347736001014709473e-01
4.595247209072113037e-01
3.480832092463970184e-03
3.495658636093139648e-01
4.181697666645050049e-01
-5.869521992281079292e-04
3.716586828231811523e-01
4.057008624076843262e-01
-6.777105852961540222e-03
3.917538821697235107e-01
4.141725599765777588e-01
-1.321721822023391724e-02
3.520062565803527832e-01
3.899015784263610840e-01
-8.628327399492263794e-03
3.775366842746734619e-01
3.418233990669250488e-01
-1.445208955556154251e-02
3.912939131259918213e-01
3.112778365612030029e-01
-1.732191629707813263e-02
4.010137021541595459e-01
2.861534357070922852e-01
-2.002592012286186218e-02
3.719916343688964844e-01
4.051811099052429199e-01
-1.546145509928464890e-02
3.975347280502319336e-01
3.926195502281188965e-01
-2.268737554550170898e-02
3.905105888843536377e-01
4.097536504268646240e-01
-2.197441458702087402e-02
3.794266581535339355e-01
4.217656552791595459e-01
-2.085021324455738068e-02
3.905676603317260742e-01
4.271943569183349609e-01
-2.109595574438571930e-02
4.118234217166900635e-01
4.154116213321685791e-01
-2.373802661895751953e-02
4.036503136157989502e-01
4.284865558147430420e-01
-1.556268986314535141e-02
3.922361731529235840e-01
4.385477900505065918e-01
-1.033407263457775116e-02
4.051157832145690918e-01
4.495175480842590332e-01
-2.705808915197849274e-02
4.187828004360198975e-01
4.381975829601287842e-01
-2.322785183787345886e-02
4.110699892044067383e-01
4.495965540409088135e-01
-1.318006683140993118e-02
4.024832248687744141e-01
4.591919183731079102e-01
-6.147664040327072144e-03
