3.339840471744537354e-01
5.444292426109313965e-01
2.493230955025182993e-09
3.313353955745697021e-01
4.865528345108032227e-01
5.332699045538902283e-03
3.489068746566772461e-01
4.407087862491607666e-01
1.886075595393776894e-03
3.725056648254394531e-01
4.181257188320159912e-01
-3.768013091757893562e-03
3.938284814357757568e-01
4.145135581493377686e-01
-9.346362203359603882e-03
3.487711548805236816e-01
4.088640213012695312e-01
-7.360900752246379852e-03
3.764118850231170654e-01
3.543887436389923096e-01
-1.308197528123855591e-02
3.920210897922515869e-01
3.214401006698608398e-01
-1.562352757900953293e-02
4.031856954097747803e-01
2.939398288726806641e-01
-1.785298250615596771e-02
3.688045442104339600e-01
4.242843389511108398e-01
-1.530387718230485916e-02
4.023358523845672607e-01
4.079969823360443115e-01
-2.362086437642574310e-02
3.965519666671752930e-01
4.274279773235321045e-01
-2.336344309151172638e-02
3.831504583358764648e-01
4.406242072582244873e-01
-2.188619226217269897e-02
3.886648118495941162e-01
4.464817941188812256e-01
-2.170908823609352112e-02
4.142768681049346924e-01
4.337927103042602539e-01
-2.435024827718734741e-02
4.066942334175109863e-01
4.492107033729553223e-01
-1.542328670620918274e-02
3.946366012096405029e-01
4.589896202087402344e-01
-9.601215831935405731e-03
4.049111604690551758e-01
4.692367911338806152e-01
-2.830852009356021881e-02
4.226699769496917725e-01
4.568277597427368164e-01
-2.380939200520515442e-02
4.145644605159759521e-01
4.708408713340759277e-01
-1.278827153146266937e-02
4.049494564533233643e-01
4.808064699172973633e-01
-5.076485686004161835e-03
