3.403191864490509033e-01
5.856989622116088867e-01
-1.815425321183283813e-08
3.271869719028472900e-01
5.298802852630615234e-01
3.868450410664081573e-03
3.393878936767578125e-01
4.759871363639831543e-01
1.845163176767528057e-03
3.612243831157684326e-01
4.463430643081665039e-01
-2.144230529665946960e-03
3.829443454742431641e-01
4.380127787590026855e-01
-5.841817241162061691e-03
3.378339409828186035e-01
4.440699219703674316e-01
-4.418516531586647034e-03
3.552809357643127441e-01
3.860535025596618652e-01
-1.020452100783586502e-02
3.653428256511688232e-01
3.508391976356506348e-01
-1.284281443804502487e-02
3.729663491249084473e-01
3.224954009056091309e-01
-1.487884018570184708e-02
3.599018156528472900e-01
4.544072449207305908e-01
-1.114823296666145325e-02
3.890664279460906982e-01
4.287119507789611816e-01
-1.959291100502014160e-02
3.868912160396575928e-01
4.487800896167755127e-01
-1.997749134898185730e-02
3.779551386833190918e-01
4.642746746540069580e-01
-1.814705319702625275e-02
3.824694752693176270e-01
4.716401398181915283e-01
-1.680166460573673248e-02
4.045044481754302979e-01
4.529762864112854004e-01
-2.054451033473014832e-02
3.993500769138336182e-01
4.690658152103424072e-01
-1.365483459085226059e-02
3.897735476493835449e-01
4.807609915733337402e-01
-8.105224929749965668e-03
4.014508128166198730e-01
4.907153248786926270e-01
-2.266858704388141632e-02
4.172236025333404541e-01
4.748649001121520996e-01
-1.907318830490112305e-02
4.117314219474792480e-01
4.898034334182739258e-01
-9.586157277226448059e-03
4.040941894054412842e-01
5.008724331855773926e-01
-2.253692597150802612e-03
