2.094909548759460449e-01
5.419698953628540039e-01
4.439673872980165470e-08
2.048211097717285156e-01
4.905849993228912354e-01
2.886888105422258377e-03
2.143523991107940674e-01
4.370304048061370850e-01
-4.249051213264465332e-03
2.370609045028686523e-01
4.047679603099822998e-01
-1.424560323357582092e-02
2.560422122478485107e-01
3.874312639236450195e-01
-2.363311126828193665e-02
1.894709318876266479e-01
4.052275121212005615e-01
-9.850818663835525513e-03
2.079728692770004272e-01
3.460334539413452148e-01
-2.032396011054515839e-02
2.157015502452850342e-01
3.096957802772521973e-01
-2.655136585235595703e-02
2.194729298353195190e-01
2.797005772590637207e-01
-3.171547129750251770e-02
1.979938894510269165e-01
4.136944115161895752e-01
-1.965659111738204956e-02
2.439282983541488647e-01
3.874626755714416504e-01
-3.357348218560218811e-02
2.480838596820831299e-01
4.099389612674713135e-01
-3.631395846605300903e-02
2.379715740680694580e-01
4.213778972625732422e-01
-3.729464113712310791e-02
2.133996486663818359e-01
4.281409382820129395e-01
-2.866021730005741119e-02
2.591264545917510986e-01
4.079392552375793457e-01
-3.741538152098655701e-02
2.569518089294433594e-01
4.293746650218963623e-01
-3.096312656998634338e-02
2.435491532087326050e-01
4.375644922256469727e-01
-2.676244825124740601e-02
2.309996783733367920e-01
4.455972909927368164e-01
-3.815216571092605591e-02
2.672548890113830566e-01
4.294321238994598389e-01
-3.965926542878150940e-02
2.641634345054626465e-01
4.488848447799682617e-01
-3.246939182281494141e-02
2.518606781959533691e-01
4.585182070732116699e-01
-2.754263393580913544e-02
