4.378613531589508057e-01
6.565867662429809570e-01
-4.932523012257661321e-08
4.122318923473358154e-01
6.013064980506896973e-01
-1.853350433520972729e-03
4.179119169712066650e-01
5.413897037506103516e-01
-4.076794255524873734e-03
4.378796517848968506e-01
5.067526698112487793e-01
-6.389976944774389267e-03
4.582657516002655029e-01
4.967192709445953369e-01
-8.139772340655326843e-03
4.332071840763092041e-01
5.176004767417907715e-01
-1.213422417640686035e-02
4.452612996101379395e-01
4.531717598438262939e-01
-1.733122020959854126e-02
4.517130851745605469e-01
4.128215312957763672e-01
-1.900940202176570892e-02
4.574173092842102051e-01
3.816376328468322754e-01
-2.056838013231754303e-02
4.609473645687103271e-01
5.284572243690490723e-01
-1.480834931135177612e-02
4.701002836227416992e-01
4.932070970535278320e-01
-2.234472706913948059e-02
4.605782330036163330e-01
5.067028999328613281e-01
-2.065312862396240234e-02
4.550220966339111328e-01
5.253414511680603027e-01
-1.789620332419872284e-02
4.832133054733276367e-01
5.453866124153137207e-01
-1.666546612977981567e-02
4.850862622261047363e-01
5.126530528068542480e-01
-2.210815437138080597e-02
4.758791923522949219e-01
5.227462649345397949e-01
-1.529601216316223145e-02
4.707596004009246826e-01
5.395278930664062500e-01
-9.513063356280326843e-03
4.990774691104888916e-01
5.627161860466003418e-01
-1.882695220410823822e-02
4.974355995655059814e-01
5.328122973442077637e-01
-1.821712031960487366e-02
4.888752996921539307e-01
5.409860014915466309e-01
-9.712015278637409210e-03
4.849284887313842773e-01
5.563989877700805664e-01
-2.604413311928510666e-03
