4.515286087989807129e-01
6.904621124267578125e-01
2.748609517766453791e-07
4.092751741409301758e-01
6.235455274581909180e-01
-1.469818968325853348e-02
4.161614775657653809e-01
5.464766621589660645e-01
-1.671254448592662811e-02
4.460729956626892090e-01
4.902706146240234375e-01
-1.499410253018140793e-02
4.645628631114959717e-01
4.506312012672424316e-01
-1.112658064812421799e-02
4.857741296291351318e-01
5.160725712776184082e-01
-6.732369773089885712e-03
5.232132673263549805e-01
4.492852091789245605e-01
-9.870600886642932892e-03
5.484211444854736328e-01
4.172034859657287598e-01
-1.279450021684169769e-02
5.696122646331787109e-01
3.962636888027191162e-01
-1.345239020884037018e-02
5.163687467575073242e-01
5.357139110565185547e-01
-3.802612191066145897e-04
5.509321093559265137e-01
4.694429337978363037e-01
1.733388853608630598e-05
5.712865591049194336e-01
4.329820871353149414e-01
-1.719405408948659897e-03
5.915277004241943359e-01
4.063920676708221436e-01
-2.571104560047388077e-03
5.351945161819458008e-01
5.552023649215698242e-01
4.470505751669406891e-03
5.658857822418212891e-01
4.925772547721862793e-01
3.861905075609683990e-03
5.839031934738159180e-01
4.566083550453186035e-01
3.452078439295291901e-03
6.015451550483703613e-01
4.292956292629241943e-01
3.772773081436753273e-03
5.441820621490478516e-01
5.727511048316955566e-01
7.974675856530666351e-03
5.693809986114501953e-01
5.198116898536682129e-01
9.212570264935493469e-03
5.846859812736511230e-01
4.893898367881774902e-01
1.229538209736347198e-02
5.984634757041931152e-01
4.646992087364196777e-01
1.554635539650917053e-02
