4.630439877510070801e-01
8.008314371109008789e-01
3.604315850225248141e-07
4.235565066337585449e-01
7.157877087593078613e-01
-1.995744928717613220e-02
4.379745125770568848e-01
6.320091485977172852e-01
-2.666162699460983276e-02
4.803203344345092773e-01
5.736454725265502930e-01
-2.897583320736885071e-02
5.074208974838256836e-01
5.285366773605346680e-01
-2.929717116057872772e-02
5.199311971664428711e-01
6.103094220161437988e-01
-1.737313158810138702e-02
5.699748992919921875e-01
5.354670286178588867e-01
-2.793337404727935791e-02
6.046456098556518555e-01
4.982450008392333984e-01
-3.692476823925971985e-02
6.339424252510070801e-01
4.735615253448486328e-01
-4.115113615989685059e-02
5.518885850906372070e-01
6.395460367202758789e-01
-1.102004200220108032e-02
5.982860326766967773e-01
5.631289482116699219e-01
-1.520662754774093628e-02
6.283258199691772461e-01
5.186899304389953613e-01
-2.098287083208560944e-02
6.561881303787231445e-01
4.876929521560668945e-01
-2.499227225780487061e-02
5.715885758399963379e-01
6.679601669311523438e-01
-6.355967372655868530e-03
6.126061081886291504e-01
5.945240259170532227e-01
-1.042003091424703598e-02
6.404958367347717285e-01
5.491452217102050781e-01
-1.370223425328731537e-02
6.657990813255310059e-01
5.169452428817749023e-01
-1.560849789530038834e-02
5.816814899444580078e-01
6.930363774299621582e-01
-3.472731215879321098e-03
6.158928871154785156e-01
6.343414187431335449e-01
-5.431734956800937653e-03
6.376864910125732422e-01
5.982543826103210449e-01
-4.054356366395950317e-03
6.571079492568969727e-01
5.695409178733825684e-01
-1.836497802287340164e-03
