3.834390938282012939e-01
7.380110025405883789e-01
2.745123879321909044e-07
3.576331436634063721e-01
6.723190546035766602e-01
-1.142033096402883530e-02
3.598963916301727295e-01
6.025406718254089355e-01
-2.193818800151348114e-02
3.821151256561279297e-01
5.432341098785400391e-01
-3.100913576781749725e-02
3.934358060359954834e-01
4.938473701477050781e-01
-3.907571360468864441e-02
4.241115450859069824e-01
5.672413110733032227e-01
-2.254023961722850800e-02
4.723909795284271240e-01
4.897332787513732910e-01
-3.631458804011344910e-02
5.040643215179443359e-01
4.522650241851806641e-01
-4.398532584309577942e-02
5.283286571502685547e-01
4.283873438835144043e-01
-4.655263572931289673e-02
4.514032602310180664e-01
5.925074815750122070e-01
-2.356133237481117249e-02
5.011056661605834961e-01
5.100917816162109375e-01
-3.022871352732181549e-02
5.300788879394531250e-01
4.696160852909088135e-01
-3.234592080116271973e-02
5.540930628776550293e-01
4.416873753070831299e-01
-3.303595632314682007e-02
4.713852107524871826e-01
6.205997467041015625e-01
-2.520316466689109802e-02
5.138991475105285645e-01
5.479365587234497070e-01
-2.872919104993343353e-02
5.389923453330993652e-01
5.089977383613586426e-01
-2.696588262915611267e-02
5.581108331680297852e-01
4.834845364093780518e-01
-2.557172812521457672e-02
4.848536849021911621e-01
6.476326584815979004e-01
-2.814011834561824799e-02
5.174102187156677246e-01
5.892738103866577148e-01
-2.921957708895206451e-02
5.354930758476257324e-01
5.583992600440979004e-01
-2.462183125317096710e-02
5.498577356338500977e-01
5.352459549903869629e-01
-1.991489157080650330e-02
