3.778962492942810059e-01
6.812386512756347656e-01
4.901406214230519254e-07
3.443016111850738525e-01
6.172834038734436035e-01
-1.823316887021064758e-02
3.456537127494812012e-01
5.543777942657470703e-01
-3.027922660112380981e-02
3.733491897583007812e-01
5.045985579490661621e-01
-3.801102936267852783e-02
3.921217918395996094e-01
4.640756845474243164e-01
-4.538552835583686829e-02
4.097934365272521973e-01
5.339955687522888184e-01
-3.712275251746177673e-02
4.592047333717346191e-01
4.705725312232971191e-01
-5.181127041578292847e-02
4.905235767364501953e-01
4.354356229305267334e-01
-5.963521078228950500e-02
5.161760449409484863e-01
4.108772277832031250e-01
-6.297013163566589355e-02
4.414117336273193359e-01
5.617447495460510254e-01
-3.489419445395469666e-02
4.926482439041137695e-01
4.919694662094116211e-01
-4.452816024422645569e-02
5.256462097167968750e-01
4.489880800247192383e-01
-4.989652708172798157e-02
5.518041849136352539e-01
4.199832081794738770e-01
-5.348838493227958679e-02
4.625183939933776855e-01
5.904944539070129395e-01
-3.293984010815620422e-02
5.083521604537963867e-01
5.241011977195739746e-01
-4.176891967654228210e-02
5.376144051551818848e-01
4.829531908035278320e-01
-4.844380170106887817e-02
5.611848831176757812e-01
4.542844295501708984e-01
-5.287660658359527588e-02
4.754855632781982422e-01
6.181540489196777344e-01
-3.170178085565567017e-02
5.105047225952148438e-01
5.713905096054077148e-01
-4.007801413536071777e-02
5.319666862487792969e-01
5.417299270629882812e-01
-4.347283393144607544e-02
5.505447387695312500e-01
5.181742906570434570e-01
-4.456871375441551208e-02
