3.710803389549255371e-01
7.392380237579345703e-01
2.945695882772270124e-07
3.395417928695678711e-01
6.656041741371154785e-01
-2.051737718284130096e-02
3.454727530479431152e-01
5.953401327133178711e-01
-3.048010729253292084e-02
3.773760199546813965e-01
5.407499074935913086e-01
-3.588039800524711609e-02
3.961992263793945312e-01
4.986528158187866211e-01
-3.999246656894683838e-02
4.187426269054412842e-01
5.831333398818969727e-01
-2.971885167062282562e-02
4.704220890998840332e-01
5.162999033927917480e-01
-4.369649291038513184e-02
5.028792023658752441e-01
4.829026758670806885e-01
-5.239482223987579346e-02
5.292463898658752441e-01
4.591627717018127441e-01
-5.620278790593147278e-02
4.500173926353454590e-01
6.141258478164672852e-01
-2.520490065217018127e-02
5.044431686401367188e-01
5.458807349205017090e-01
-3.377540037035942078e-02
5.364217162132263184e-01
5.062793493270874023e-01
-3.871748968958854675e-02
5.633801817893981934e-01
4.760199785232543945e-01
-4.201976954936981201e-02
4.696840047836303711e-01
6.392505168914794922e-01
-2.188155427575111389e-02
5.149031877517700195e-01
5.775302052497863770e-01
-2.953336760401725769e-02
5.429812669754028320e-01
5.361306071281433105e-01
-3.240099921822547913e-02
5.661334395408630371e-01
5.050613284111022949e-01
-3.356454893946647644e-02
4.811592400074005127e-01
6.564278006553649902e-01
-2.016507461667060852e-02
5.159653425216674805e-01
6.024328470230102539e-01
-2.536138892173767090e-02
5.365153551101684570e-01
5.686308741569519043e-01
-2.478758990764617920e-02
5.535838603973388672e-01
5.408172607421875000e-01
-2.299956604838371277e-02
