4.477530717849731445e-01
4.567313492298126221e-01
1.689969622020726092e-07
4.233953356742858887e-01
4.122645854949951172e-01
-8.472655899822711945e-03
4.231908023357391357e-01
3.634628057479858398e-01
-1.190207153558731079e-02
4.338470995426177979e-01
3.227961361408233643e-01
-1.386397425085306168e-02
4.361184239387512207e-01
2.897833287715911865e-01
-1.500748563557863235e-02
4.647039473056793213e-01
3.302052021026611328e-01
-6.645139772444963455e-03
4.859357178211212158e-01
2.848322689533233643e-01
-1.199107058346271515e-02
5.005410909652709961e-01
2.593920826911926270e-01
-1.686185412108898163e-02
5.131273269653320312e-01
2.394305169582366943e-01
-1.955774240195751190e-02
4.872465729713439941e-01
3.437748849391937256e-01
-5.769125185906887054e-03
5.071699619293212891e-01
2.948627769947052002e-01
-7.685251533985137939e-03
5.209193229675292969e-01
2.649102509021759033e-01
-1.033760514110326767e-02
5.331504940986633301e-01
2.412917912006378174e-01
-1.259901840239763260e-02
5.023715496063232422e-01
3.615461289882659912e-01
-5.832361988723278046e-03
5.201939940452575684e-01
3.177461624145507812e-01
-8.326631039381027222e-03
5.317989587783813477e-01
2.898073494434356689e-01
-9.706979617476463318e-03
5.408793091773986816e-01
2.681746482849121094e-01
-1.064824219793081284e-02
5.117147564888000488e-01
3.793431222438812256e-01
-6.778686773031949997e-03
5.257604718208312988e-01
3.433550298213958740e-01
-8.391427807509899139e-03
5.337426066398620605e-01
3.211286664009094238e-01
-7.150687277317047119e-03
5.396612882614135742e-01
3.032490611076354980e-01
-5.646548699587583542e-03
