3.584671318531036377e-01
8.037424087524414062e-01
4.515401030857901787e-07
3.214458227157592773e-01
7.386199831962585449e-01
-3.834590688347816467e-02
3.220431506633758545e-01
6.723279953002929688e-01
-5.911346152424812317e-02
3.530202507972717285e-01
6.225939989089965820e-01
-7.188119739294052124e-02
3.809686005115509033e-01
5.811913013458251953e-01
-8.316933363676071167e-02
3.978779315948486328e-01
6.744222044944763184e-01
-5.662593990564346313e-02
4.506320357322692871e-01
6.227563023567199707e-01
-8.044856041669845581e-02
4.884441494941711426e-01
5.980027318000793457e-01
-9.532579779624938965e-02
5.215285420417785645e-01
5.830678343772888184e-01
-1.033355146646499634e-01
4.293234646320343018e-01
7.011657357215881348e-01
-4.685178771615028381e-02
4.835454225540161133e-01
6.442109942436218262e-01
-6.529891490936279297e-02
5.227198600769042969e-01
6.112469434738159180e-01
-7.526290416717529297e-02
5.582682490348815918e-01
5.890779495239257812e-01
-8.225579559803009033e-02
4.488319456577301025e-01
7.222012877464294434e-01
-3.923809900879859924e-02
4.969955086708068848e-01
6.673325300216674805e-01
-5.558907613158226013e-02
5.313167572021484375e-01
6.325579285621643066e-01
-6.327114254236221313e-02
5.619847774505615234e-01
6.103935241699218750e-01
-6.758488714694976807e-02
4.605623483657836914e-01
7.378277182579040527e-01
-3.432979062199592590e-02
4.999861121177673340e-01
6.905675530433654785e-01
-4.844452068209648132e-02
5.275640487670898438e-01
6.625813841819763184e-01
-5.430486053228378296e-02
5.523259043693542480e-01
6.418883800506591797e-01
-5.702532082796096802e-02
