4.432154595851898193e-01
6.876040697097778320e-01
2.581599005679890979e-07
4.058254957199096680e-01
6.168367266654968262e-01
-1.059102918952703476e-02
4.135790169239044189e-01
5.415109992027282715e-01
-1.203689072281122208e-02
4.476487934589385986e-01
4.868539273738861084e-01
-1.126101240515708923e-02
4.675572514533996582e-01
4.474751055240631104e-01
-8.801111951470375061e-03
4.793180227279663086e-01
5.126241445541381836e-01
-1.756823388859629631e-03
5.184495449066162109e-01
4.503012299537658691e-01
-5.196341779083013535e-03
5.452916622161865234e-01
4.209521412849426270e-01
-9.616190567612648010e-03
5.680220127105712891e-01
4.012500047683715820e-01
-1.176779903471469879e-02
5.093813538551330566e-01
5.357425808906555176e-01
1.085511059500277042e-03
5.469610095024108887e-01
4.751762747764587402e-01
2.262459835037589073e-03
5.706542134284973145e-01
4.415590763092041016e-01
-5.965047166682779789e-04
5.927507877349853516e-01
4.170955419540405273e-01
-3.009881358593702316e-03
5.281612277030944824e-01
5.595495700836181641e-01
2.425487153232097626e-03
5.584390759468078613e-01
5.025378465652465820e-01
1.997621264308691025e-03
5.786763429641723633e-01
4.675508737564086914e-01
1.105001647374592721e-04
5.965459942817687988e-01
4.409446716308593750e-01
-1.370568526908755302e-03
5.389813184738159180e-01
5.812373757362365723e-01
2.594445133581757545e-03
5.619826316833496094e-01
5.337744355201721191e-01
3.577258205041289330e-03
5.744403600692749023e-01
5.042188763618469238e-01
6.083045620471239090e-03
5.846132040023803711e-01
4.797749221324920654e-01
8.377310819923877716e-03
