3.693637847900390625e-01
6.852250099182128906e-01
3.752244026600237703e-07
3.394693136215209961e-01
6.152186393737792969e-01
-1.517919637262821198e-02
3.433456122875213623e-01
5.494571328163146973e-01
-2.526803687214851379e-02
3.719170689582824707e-01
4.974239468574523926e-01
-3.235149011015892029e-02
3.918617069721221924e-01
4.548835158348083496e-01
-3.891146928071975708e-02
4.113006889820098877e-01
5.237046480178833008e-01
-2.804686874151229858e-02
4.584634602069854736e-01
4.567283093929290771e-01
-4.115013778209686279e-02
4.887120425701141357e-01
4.234338700771331787e-01
-4.865422472357749939e-02
5.149821639060974121e-01
4.006765782833099365e-01
-5.207252129912376404e-02
4.425593018531799316e-01
5.503131747245788574e-01
-2.755284681916236877e-02
4.940234422683715820e-01
4.766341447830200195e-01
-3.644132986664772034e-02
5.257107615470886230e-01
4.332821071147918701e-01
-4.134693369269371033e-02
5.516391396522521973e-01
4.046760499477386475e-01
-4.444386437535285950e-02
4.626904726028442383e-01
5.802842378616333008e-01
-2.775704115629196167e-02
5.088949203491210938e-01
5.122065544128417969e-01
-3.486272692680358887e-02
5.377809405326843262e-01
4.702145457267761230e-01
-3.935125842690467834e-02
5.615087151527404785e-01
4.403120279312133789e-01
-4.256667196750640869e-02
4.743180871009826660e-01
6.102286577224731445e-01
-2.904106304049491882e-02
5.094096660614013672e-01
5.612645149230957031e-01
-3.460471704602241516e-02
5.300038456916809082e-01
5.300306081771850586e-01
-3.583442047238349915e-02
5.476331114768981934e-01
5.041323900222778320e-01
-3.583789244294166565e-02
