4.347609579563140869e-01
6.752943992614746094e-01
2.936928638064273400e-07
3.938931524753570557e-01
6.052280664443969727e-01
-8.990164846181869507e-03
3.990432620048522949e-01
5.328365564346313477e-01
-7.820338942110538483e-03
4.309973120689392090e-01
4.772470593452453613e-01
-3.610318526625633240e-03
4.530095458030700684e-01
4.411255717277526855e-01
2.625453285872936249e-03
4.672900438308715820e-01
4.978089928627014160e-01
4.793204367160797119e-03
5.043857097625732422e-01
4.361128807067871094e-01
9.432827122509479523e-03
5.278702378273010254e-01
4.066535234451293945e-01
1.200549211353063583e-02
5.468133687973022461e-01
3.869632482528686523e-01
1.473046839237213135e-02
4.996320605278015137e-01
5.205472707748413086e-01
1.071426458656787872e-02
5.385715365409851074e-01
4.578102827072143555e-01
1.858962327241897583e-02
5.607152581214904785e-01
4.253693819046020508e-01
2.189590968191623688e-02
5.803390741348266602e-01
4.021050930023193359e-01
2.453942596912384033e-02
5.199043154716491699e-01
5.441466569900512695e-01
1.534236781299114227e-02
5.522413849830627441e-01
4.862345457077026367e-01
2.141042612493038177e-02
5.716775655746459961e-01
4.535829424858093262e-01
2.353177033364772797e-02
5.888739228248596191e-01
4.291234016418457031e-01
2.499342709779739380e-02
5.301259160041809082e-01
5.643740892410278320e-01
1.900050789117813110e-02
5.558933615684509277e-01
5.157575607299804688e-01
2.598020993173122406e-02
5.709649920463562012e-01
4.888814687728881836e-01
3.101667016744613647e-02
5.843342542648315430e-01
4.685948193073272705e-01
3.509048372507095337e-02
