4.535229206085205078e-01
4.563600122928619385e-01
2.091455542085896013e-07
4.265424013137817383e-01
4.137994349002838135e-01
-1.056162081658840179e-02
4.259009361267089844e-01
3.656151592731475830e-01
-1.451547443866729736e-02
4.377309978008270264e-01
3.239400982856750488e-01
-1.618449576199054718e-02
4.411639869213104248e-01
2.906475365161895752e-01
-1.684454083442687988e-02
4.692517817020416260e-01
3.320606350898742676e-01
-9.836045093834400177e-03
4.920848608016967773e-01
2.841299176216125488e-01
-1.482898369431495667e-02
5.073814988136291504e-01
2.582928240299224854e-01
-1.869674958288669586e-02
5.208352208137512207e-01
2.391571998596191406e-01
-2.030261978507041931e-02
4.922462701797485352e-01
3.469385504722595215e-01
-7.090992759913206100e-03
5.129013657569885254e-01
2.946774065494537354e-01
-8.675290271639823914e-03
5.268275141716003418e-01
2.635671794414520264e-01
-1.043240074068307877e-02
5.393960475921630859e-01
2.402024865150451660e-01
-1.171490829437971115e-02
5.069135427474975586e-01
3.651646673679351807e-01
-5.231476388871669769e-03
5.251715779304504395e-01
3.192622363567352295e-01
-7.375556044280529022e-03
5.365017652511596680e-01
2.905057072639465332e-01
-8.326881565153598785e-03
5.455840229988098145e-01
2.691741883754730225e-01
-8.619810454547405243e-03
5.152966976165771484e-01
3.820075392723083496e-01
-4.283260088413953781e-03
5.280987620353698730e-01
3.434547483921051025e-01
-5.439317785203456879e-03
5.352411866188049316e-01
3.206090629100799561e-01
-3.769018221646547318e-03
5.405921936035156250e-01
3.027553260326385498e-01
-1.696566701866686344e-03
