3.830087482929229736e-01
7.468886375427246094e-01
4.715541308542015031e-07
3.536508083343505859e-01
6.861571669578552246e-01
-3.328671678900718689e-02
3.670375943183898926e-01
6.200505495071411133e-01
-4.948830977082252502e-02
4.018763601779937744e-01
5.751062631607055664e-01
-5.862603709101676941e-02
4.265268445014953613e-01
5.379463434219360352e-01
-6.652949005365371704e-02
4.281639456748962402e-01
6.024976372718811035e-01
-4.677147045731544495e-02
4.778799712657928467e-01
5.391715168952941895e-01
-6.896273046731948853e-02
5.172441005706787109e-01
5.071247816085815430e-01
-8.425928652286529541e-02
5.492457747459411621e-01
4.876860976219177246e-01
-9.224564582109451294e-02
4.559418261051177979e-01
6.262711286544799805e-01
-3.682110458612442017e-02
5.056493878364562988e-01
5.664424896240234375e-01
-5.380106344819068909e-02
5.408704280853271484e-01
5.325270891189575195e-01
-6.421152502298355103e-02
5.713921189308166504e-01
5.102188587188720703e-01
-7.099695503711700439e-02
4.747831225395202637e-01
6.454703807830810547e-01
-2.869942784309387207e-02
5.196821093559265137e-01
5.915289521217346191e-01
-4.284435883164405823e-02
5.501414537429809570e-01
5.565237998962402344e-01
-4.833230748772621155e-02
5.769049525260925293e-01
5.337247252464294434e-01
-5.080725252628326416e-02
4.846522510051727295e-01
6.591168642044067383e-01
-2.314006164669990540e-02
5.221635699272155762e-01
6.121326684951782227e-01
-3.464049473404884338e-02
5.471315383911132812e-01
5.810247659683227539e-01
-3.800032660365104675e-02
5.693247914314270020e-01
5.584188103675842285e-01
-3.859611973166465759e-02
