4.650747776031494141e-01
7.623499631881713867e-01
3.268021657731878804e-07
4.235367178916931152e-01
6.795140504837036133e-01
-1.875016838312149048e-02
4.365616142749786377e-01
5.996658802032470703e-01
-2.335867658257484436e-02
4.772833585739135742e-01
5.426002740859985352e-01
-2.329614385962486267e-02
5.022906064987182617e-01
4.995398819446563721e-01
-2.106605656445026398e-02
5.161801576614379883e-01
5.787845253944396973e-01
-1.487834751605987549e-02
5.632210969924926758e-01
5.041484236717224121e-01
-2.182850614190101624e-02
5.949321389198303223e-01
4.685090482234954834e-01
-2.773993089795112610e-02
6.219904422760009766e-01
4.448761343955993652e-01
-2.999756671488285065e-02
5.482370257377624512e-01
6.069062948226928711e-01
-7.494948804378509521e-03
5.923249125480651855e-01
5.305917263031005859e-01
-9.075617417693138123e-03
6.198850274085998535e-01
4.880492687225341797e-01
-1.284963544458150864e-02
6.461384296417236328e-01
4.589096009731292725e-01
-1.543503347784280777e-02
5.675915479660034180e-01
6.325534582138061523e-01
-1.557360053993761539e-03
6.058285832405090332e-01
5.604058504104614258e-01
-3.600598545745015144e-03
6.306973099708557129e-01
5.181140303611755371e-01
-5.909095518290996552e-03
6.542475223541259766e-01
4.885958433151245117e-01
-7.222269196063280106e-03
5.771476626396179199e-01
6.523408293724060059e-01
2.718908013775944710e-03
6.088962554931640625e-01
5.950333476066589355e-01
2.298312261700630188e-03
6.281964182853698730e-01
5.617416501045227051e-01
4.083125852048397064e-03
6.458282470703125000e-01
5.357840657234191895e-01
6.465930957347154617e-03
