4.519520401954650879e-01
4.579378366470336914e-01
1.415884867128625046e-07
4.248937368392944336e-01
4.157496094703674316e-01
-7.866103202104568481e-03
4.230022132396697998e-01
3.648584783077239990e-01
-1.010937429964542389e-02
4.329903125762939453e-01
3.220192790031433105e-01
-1.106352824717760086e-02
4.351407289505004883e-01
2.889754176139831543e-01
-1.106094568967819214e-02
4.628477990627288818e-01
3.295257985591888428e-01
-3.654104890301823616e-03
4.824485778808593750e-01
2.815155386924743652e-01
-8.128328248858451843e-03
4.950980842113494873e-01
2.539691627025604248e-01
-1.258433982729911804e-02
5.052191019058227539e-01
2.322586923837661743e-01
-1.519090961664915085e-02
4.865799546241760254e-01
3.397136628627777100e-01
-2.948779147118330002e-03
5.049785971641540527e-01
2.896651923656463623e-01
-4.394229967147111893e-03
5.175473093986511230e-01
2.595508694648742676e-01
-7.171414326876401901e-03
5.286793708801269531e-01
2.353027164936065674e-01
-9.607384912669658661e-03
5.030427575111389160e-01
3.536721467971801758e-01
-3.338933689519762993e-03
5.197076201438903809e-01
3.064152002334594727e-01
-5.755435675382614136e-03
5.309417247772216797e-01
2.772838175296783447e-01
-7.802124135196208954e-03
5.399301052093505859e-01
2.543341517448425293e-01
-9.360005147755146027e-03
5.133812427520751953e-01
3.675005137920379639e-01
-4.586585797369480133e-03
5.260902643203735352e-01
3.292357623577117920e-01
-6.409221794456243515e-03
5.335711836814880371e-01
3.062467873096466064e-01
-5.865693092346191406e-03
5.394119024276733398e-01
2.876996099948883057e-01
-5.025019869208335876e-03
