3.708951175212860107e-01
7.100841999053955078e-01
2.317103167115419637e-07
3.414188623428344727e-01
6.381118893623352051e-01
-1.284239534288644791e-02
3.460907638072967529e-01
5.692040920257568359e-01
-2.118195965886116028e-02
3.750253915786743164e-01
5.137650966644287109e-01
-2.706636302173137665e-02
3.941681683063507080e-01
4.695797562599182129e-01
-3.168757632374763489e-02
4.106790721416473389e-01
5.453892350196838379e-01
-2.147362381219863892e-02
4.569137096405029297e-01
4.741489589214324951e-01
-3.198169171810150146e-02
4.858633577823638916e-01
4.409405291080474854e-01
-3.682736307382583618e-02
5.081464052200317383e-01
4.193512201309204102e-01
-3.783447667956352234e-02
4.401491880416870117e-01
5.741653442382812500e-01
-1.965724118053913116e-02
4.862043857574462891e-01
4.984284043312072754e-01
-2.435153909027576447e-02
5.100040435791015625e-01
4.614814519882202148e-01
-2.460721880197525024e-02
5.299124717712402344e-01
4.364343881607055664e-01
-2.393196895718574524e-02
4.600056409835815430e-01
6.030090451240539551e-01
-1.857743598520755768e-02
4.987767636775970459e-01
5.349169969558715820e-01
-2.166109904646873474e-02
5.198293924331665039e-01
4.970137476921081543e-01
-1.961862109601497650e-02
5.368882417678833008e-01
4.719768166542053223e-01
-1.771503500640392303e-02
4.727486073970794678e-01
6.287163496017456055e-01
-1.871967129409313202e-02
5.040890574455261230e-01
5.748458504676818848e-01
-2.030277624726295471e-02
5.212311148643493652e-01
5.433909893035888672e-01
-1.680961437523365021e-02
5.359078049659729004e-01
5.189600586891174316e-01
-1.272055879235267639e-02
