4.633551836013793945e-01
8.028934001922607422e-01
3.741990326489030849e-07
4.258720278739929199e-01
7.153525352478027344e-01
-1.948449388146400452e-02
4.380430281162261963e-01
6.339182853698730469e-01
-2.799024432897567749e-02
4.802974462509155273e-01
5.726184844970703125e-01
-3.255354240536689758e-02
5.076649785041809082e-01
5.264049768447875977e-01
-3.556471318006515503e-02
5.195559263229370117e-01
6.140379309654235840e-01
-1.967095024883747101e-02
5.707056522369384766e-01
5.380323529243469238e-01
-3.154235333204269409e-02
6.066170930862426758e-01
5.007749795913696289e-01
-4.151541367173194885e-02
6.370176076889038086e-01
4.765241146087646484e-01
-4.633740335702896118e-02
5.513127446174621582e-01
6.433112621307373047e-01
-1.438309717923402786e-02
5.994738340377807617e-01
5.654121041297912598e-01
-1.969409547746181488e-02
6.300591826438903809e-01
5.220180153846740723e-01
-2.531511522829532623e-02
6.578824520111083984e-01
4.919248521327972412e-01
-2.919470332562923431e-02
5.706039071083068848e-01
6.724467277526855469e-01
-1.061640679836273193e-02
6.120528578758239746e-01
5.988540053367614746e-01
-1.497899089008569717e-02
6.402076482772827148e-01
5.529009103775024414e-01
-1.661984995007514954e-02
6.650481820106506348e-01
5.205656290054321289e-01
-1.726853474974632263e-02
5.812196135520935059e-01
6.988943219184875488e-01
-8.679832331836223602e-03
6.166113615036010742e-01
6.387846469879150391e-01
-9.763057343661785126e-03
6.380615234375000000e-01
6.017538309097290039e-01
-6.191088352352380753e-03
6.560313105583190918e-01
5.731173753738403320e-01
-2.449783729389309883e-03
