4.672909677028656006e-01
5.933367013931274414e-01
3.519494953252433334e-07
4.471092820167541504e-01
5.434328913688659668e-01
-1.793894357979297638e-02
4.525310993194580078e-01
4.855458140373229980e-01
-2.750046364963054657e-02
4.687247276306152344e-01
4.437482953071594238e-01
-3.341857716441154480e-02
4.753544926643371582e-01
4.065715074539184570e-01
-3.832725808024406433e-02
4.938581883907318115e-01
4.871542453765869141e-01
-2.802962996065616608e-02
5.289744734764099121e-01
4.383897781372070312e-01
-4.155367240309715271e-02
5.546917319297790527e-01
4.086222350597381592e-01
-5.027297139167785645e-02
5.756279230117797852e-01
3.864025175571441650e-01
-5.459711328148841858e-02
5.166752934455871582e-01
5.060899853706359863e-01
-2.463199570775032043e-02
5.507050156593322754e-01
4.556971788406372070e-01
-3.430545330047607422e-02
5.753509998321533203e-01
4.213208556175231934e-01
-4.047396406531333923e-02
5.970188975334167480e-01
3.944156765937805176e-01
-4.477126896381378174e-02
5.322013497352600098e-01
5.202452540397644043e-01
-2.202883176505565643e-02
5.631172657012939453e-01
4.726687669754028320e-01
-3.064459003508090973e-02
5.834079980850219727e-01
4.392042756080627441e-01
-3.481256216764450073e-02
6.006961464881896973e-01
4.124522805213928223e-01
-3.686322644352912903e-02
5.409698486328125000e-01
5.295213460922241211e-01
-2.059357240796089172e-02
5.664427280426025391e-01
4.898158013820648193e-01
-2.773046121001243591e-02
5.823358297348022461e-01
4.616428315639495850e-01
-2.983772009611129761e-02
5.959497690200805664e-01
4.384088516235351562e-01
-3.021194972097873688e-02
