4.661939144134521484e-01
7.956758141517639160e-01
3.453892816196457716e-07
4.274705648422241211e-01
7.099735140800476074e-01
-2.234659530222415924e-02
4.432457685470581055e-01
6.324571371078491211e-01
-2.970822341740131378e-02
4.871274828910827637e-01
5.766916275024414062e-01
-3.153336420655250549e-02
5.165856480598449707e-01
5.338761806488037109e-01
-3.122075460851192474e-02
5.256517529487609863e-01
6.142143011093139648e-01
-2.131301723420619965e-02
5.764353871345520020e-01
5.411249995231628418e-01
-3.149247169494628906e-02
6.096265316009521484e-01
5.063857436180114746e-01
-3.890074044466018677e-02
6.378721594810485840e-01
4.837179183959960938e-01
-4.191804304718971252e-02
5.580934882164001465e-01
6.407361030578613281e-01
-1.253951713442802429e-02
6.077290177345275879e-01
5.629296302795410156e-01
-1.788716390728950500e-02
6.377468705177307129e-01
5.203698873519897461e-01
-2.204529568552970886e-02
6.652573943138122559e-01
4.921613037586212158e-01
-2.425989881157875061e-02
5.777621269226074219e-01
6.657111048698425293e-01
-5.434943363070487976e-03
6.204792857170104980e-01
5.930202007293701172e-01
-1.002827100455760956e-02
6.468248367309570312e-01
5.498952865600585938e-01
-1.216543093323707581e-02
6.709204912185668945e-01
5.199214816093444824e-01
-1.278247591108083725e-02
5.877612233161926270e-01
6.875794529914855957e-01
-2.864644629880785942e-04
6.231975555419921875e-01
6.309033036231994629e-01
-1.883275457657873631e-03
6.444562673568725586e-01
5.970250368118286133e-01
-3.210950817447155714e-04
6.636276245117187500e-01
5.700681209564208984e-01
2.116790972650051117e-03
