4.316660165786743164e-01
6.720358133316040039e-01
3.070563252549618483e-07
3.965244889259338379e-01
5.896300077438354492e-01
-7.035131566226482391e-03
4.082108139991760254e-01
5.203683376312255859e-01
-7.158354390412569046e-03
4.438982903957366943e-01
4.952715337276458740e-01
-5.433617159724235535e-03
4.674099683761596680e-01
4.910883307456970215e-01
-3.498115343973040581e-03
4.667970836162567139e-01
5.016689300537109375e-01
-6.394820287823677063e-03
5.039450526237487793e-01
4.392442703247070312e-01
-8.205079473555088043e-03
5.282768011093139648e-01
4.060778319835662842e-01
-9.709915146231651306e-03
5.480154752731323242e-01
3.830659985542297363e-01
-9.697567671537399292e-03
4.991359114646911621e-01
5.265730023384094238e-01
-3.998957108706235886e-03
5.345745086669921875e-01
4.586856961250305176e-01
-2.337536308914422989e-03
5.558538436889648438e-01
4.216659963130950928e-01
-2.248318167403340340e-03
5.754722952842712402e-01
3.974230885505676270e-01
-1.731488737277686596e-03
5.186891555786132812e-01
5.509676933288574219e-01
-2.043514512479305267e-03
5.480365157127380371e-01
4.891656935214996338e-01
-1.964791008504107594e-04
5.663638710975646973e-01
4.531056880950927734e-01
-3.366133896633982658e-04
5.832381248474121094e-01
4.293859004974365234e-01
-9.040159784490242600e-05
5.267121791839599609e-01
5.705756545066833496e-01
-8.623925969004631042e-04
5.486890077590942383e-01
5.177283287048339844e-01
2.503127790987491608e-03
5.621742010116577148e-01
4.876147806644439697e-01
6.802696269005537033e-03
5.746375322341918945e-01
4.663802981376647949e-01
1.068334002047777176e-02
