3.856389522552490234e-01
8.351889848709106445e-01
4.237842006205028156e-07
3.547598123550415039e-01
7.773384451866149902e-01
-2.815202809870243073e-02
3.469747304916381836e-01
7.209510803222656250e-01
-4.942128434777259827e-02
3.607824146747589111e-01
6.763301491737365723e-01
-6.501396000385284424e-02
3.772157728672027588e-01
6.372051239013671875e-01
-7.984176278114318848e-02
4.157642722129821777e-01
7.124847173690795898e-01
-5.745716020464897156e-02
4.672889113426208496e-01
6.414633989334106445e-01
-7.994075864553451538e-02
5.003356933593750000e-01
6.039034724235534668e-01
-9.115678071975708008e-02
5.277968049049377441e-01
5.780519247055053711e-01
-9.592045843601226807e-02
4.484302699565887451e-01
7.430996894836425781e-01
-5.345332622528076172e-02
5.007691979408264160e-01
6.656417250633239746e-01
-7.145203649997711182e-02
5.357465147972106934e-01
6.211026310920715332e-01
-7.940593361854553223e-02
5.645866990089416504e-01
5.891561508178710938e-01
-8.435772359371185303e-02
4.709501266479492188e-01
7.658597826957702637e-01
-4.992139711976051331e-02
5.171197652816772461e-01
6.937212944030761719e-01
-6.482052803039550781e-02
5.474782586097717285e-01
6.503909230232238770e-01
-7.074479758739471436e-02
5.720404386520385742e-01
6.193666458129882812e-01
-7.355695217847824097e-02
4.847105741500854492e-01
7.797273397445678711e-01
-4.781795665621757507e-02
5.226744413375854492e-01
7.220101356506347656e-01
-6.014968082308769226e-02
5.467949509620666504e-01
6.865299940109252930e-01
-6.341344118118286133e-02
5.660359263420104980e-01
6.575805544853210449e-01
-6.372985243797302246e-02
