4.619973301887512207e-01
5.538542270660400391e-01
3.127074137410090771e-07
4.371729493141174316e-01
5.035942792892456055e-01
-8.505717851221561432e-03
4.389257729053497314e-01
4.457637071609497070e-01
-1.424253918230533600e-02
4.535292088985443115e-01
4.022021889686584473e-01
-1.853385008871555328e-02
4.561472833156585693e-01
3.659342527389526367e-01
-2.245783247053623199e-02
4.742587804794311523e-01
4.253304898738861084e-01
-1.836225017905235291e-02
5.032253265380859375e-01
3.602208197116851807e-01
-2.981379628181457520e-02
5.250490307807922363e-01
3.269751667976379395e-01
-3.622035682201385498e-02
5.436678528785705566e-01
3.044375181198120117e-01
-3.864876180887222290e-02
4.986124634742736816e-01
4.402225613594055176e-01
-1.979060284793376923e-02
5.271146893501281738e-01
3.731638193130493164e-01
-2.773565612733364105e-02
5.485631823539733887e-01
3.344586491584777832e-01
-3.286298736929893494e-02
5.667260289192199707e-01
3.067644834518432617e-01
-3.594793379306793213e-02
5.163413882255554199e-01
4.560583233833312988e-01
-2.149054035544395447e-02
5.410583615303039551e-01
3.940357267856597900e-01
-2.812322229146957397e-02
5.582785010337829590e-01
3.559074401855468750e-01
-3.166444599628448486e-02
5.732958316802978516e-01
3.277959227561950684e-01
-3.355263546109199524e-02
5.274876952171325684e-01
4.704194366931915283e-01
-2.367027290165424347e-02
5.464142560958862305e-01
4.192134737968444824e-01
-2.898206748068332672e-02
5.589864850044250488e-01
3.871275186538696289e-01
-2.972893975675106049e-02
5.702135562896728516e-01
3.618998229503631592e-01
-2.915088459849357605e-02
