4.822813868522644043e-01
6.082506179809570312e-01
2.826150478085764917e-07
4.533639848232269287e-01
5.642046928405761719e-01
-1.789738796651363373e-02
4.563409388065338135e-01
5.159270167350769043e-01
-2.696073055267333984e-02
4.761240184307098389e-01
4.771941602230072021e-01
-3.234947100281715393e-02
4.829951822757720947e-01
4.446027278900146484e-01
-3.717304766178131104e-02
5.075249671936035156e-01
4.922471046447753906e-01
-2.514862455427646637e-02
5.374928116798400879e-01
4.392838478088378906e-01
-3.703602030873298645e-02
5.597257614135742188e-01
4.133955836296081543e-01
-4.519305750727653503e-02
5.801703333854675293e-01
3.958914875984191895e-01
-4.916407167911529541e-02
5.316388607025146484e-01
5.088636279106140137e-01
-2.071247436106204987e-02
5.629891753196716309e-01
4.545681774616241455e-01
-2.812238782644271851e-02
5.850323438644409180e-01
4.238837063312530518e-01
-3.353977948427200317e-02
6.050075888633728027e-01
4.026820957660675049e-01
-3.728087991476058960e-02
5.455932617187500000e-01
5.258024930953979492e-01
-1.730690337717533112e-02
5.716015100479125977e-01
4.765306115150451660e-01
-2.357919700443744659e-02
5.895709991455078125e-01
4.462176263332366943e-01
-2.730836346745491028e-02
6.061782240867614746e-01
4.256460964679718018e-01
-2.959058992564678192e-02
5.522137880325317383e-01
5.406407713890075684e-01
-1.527655497193336487e-02
5.730562806129455566e-01
5.022835135459899902e-01
-1.983156427741050720e-02
5.864916443824768066e-01
4.792842566967010498e-01
-2.068328112363815308e-02
5.985121726989746094e-01
4.608277678489685059e-01
-2.058510296046733856e-02
