4.674087166786193848e-01
5.802521705627441406e-01
2.417462212633836316e-07
4.388947486877441406e-01
5.314588546752929688e-01
-1.413668692111968994e-02
4.399505555629730225e-01
4.786716699600219727e-01
-2.124917134642601013e-02
4.580569565296173096e-01
4.364306628704071045e-01
-2.578925155103206635e-02
4.621200263500213623e-01
4.019715785980224609e-01
-2.981750667095184326e-02
4.890226125717163086e-01
4.508294761180877686e-01
-1.889195479452610016e-02
5.163059234619140625e-01
3.922467231750488281e-01
-2.942707203328609467e-02
5.355536341667175293e-01
3.600765168666839600e-01
-3.671173378825187683e-02
5.526397824287414551e-01
3.365217447280883789e-01
-4.033619537949562073e-02
5.142432451248168945e-01
4.677066206932067871e-01
-1.718510873615741730e-02
5.425298213958740234e-01
4.066557288169860840e-01
-2.423524670302867889e-02
5.622390508651733398e-01
3.696838915348052979e-01
-2.947986312210559845e-02
5.798699855804443359e-01
3.438376188278198242e-01
-3.297468647360801697e-02
5.299578905105590820e-01
4.861942529678344727e-01
-1.657778955996036530e-02
5.530022382736206055e-01
4.300496876239776611e-01
-2.299322560429573059e-02
5.689307451248168945e-01
3.937591314315795898e-01
-2.731226570904254913e-02
5.832122564315795898e-01
3.671680688858032227e-01
-2.990280650556087494e-02
5.381084680557250977e-01
5.027059316635131836e-01
-1.712861470878124237e-02
5.565379261970520020e-01
4.591425657272338867e-01
-2.251449786126613617e-02
5.673621892929077148e-01
4.302107095718383789e-01
-2.407694607973098755e-02
5.770758986473083496e-01
4.071560800075531006e-01
-2.428963407874107361e-02
