4.675483703613281250e-01
7.961527109146118164e-01
3.757905346901679877e-07
4.280581772327423096e-01
7.105417847633361816e-01
-2.273874357342720032e-02
4.408787786960601807e-01
6.339215636253356934e-01
-3.051789291203022003e-02
4.838696122169494629e-01
5.795397162437438965e-01
-3.265181928873062134e-02
5.137853622436523438e-01
5.348528623580932617e-01
-3.252120316028594971e-02
5.246993303298950195e-01
6.101341247558593750e-01
-2.092976681888103485e-02
5.756679177284240723e-01
5.380123853683471680e-01
-3.055543452501296997e-02
6.088705062866210938e-01
5.042320489883422852e-01
-3.750244528055191040e-02
6.384137868881225586e-01
4.812782108783721924e-01
-4.020629078149795532e-02
5.586442947387695312e-01
6.383461952209472656e-01
-1.186091173440217972e-02
6.095946431159973145e-01
5.609946846961975098e-01
-1.642162539064884186e-02
6.400175094604492188e-01
5.186181068420410156e-01
-1.993480697274208069e-02
6.684080958366394043e-01
4.896285533905029297e-01
-2.185434103012084961e-02
5.784921050071716309e-01
6.651059985160827637e-01
-4.529024474322795868e-03
6.224749684333801270e-01
5.932183861732482910e-01
-8.434978313744068146e-03
6.488434076309204102e-01
5.522111058235168457e-01
-9.489575400948524475e-03
6.731170415878295898e-01
5.233229398727416992e-01
-9.431025013327598572e-03
5.884009599685668945e-01
6.879808902740478516e-01
8.433397160843014717e-04
6.235888600349426270e-01
6.296567320823669434e-01
1.241357531398534775e-04
6.440344452857971191e-01
5.968984961509704590e-01
2.934674266725778580e-03
6.628149747848510742e-01
5.706804394721984863e-01
6.183379329741001129e-03
