4.343882501125335693e-01
6.747521162033081055e-01
3.045287542136065895e-07
3.944563865661621094e-01
6.039434075355529785e-01
-8.748379535973072052e-03
3.991530239582061768e-01
5.324393510818481445e-01
-7.766780443489551544e-03
4.304513335227966309e-01
4.773600995540618896e-01
-3.860328346490859985e-03
4.524124860763549805e-01
4.415617585182189941e-01
2.094160532578825951e-03
4.668551981449127197e-01
4.967513978481292725e-01
4.856807179749011993e-03
5.045639872550964355e-01
4.354605376720428467e-01
9.340626187622547150e-03
5.282221436500549316e-01
4.060315787792205811e-01
1.200209092348814011e-02
5.471614003181457520e-01
3.865574002265930176e-01
1.489604637026786804e-02
4.988564550876617432e-01
5.199106335639953613e-01
1.047480665147304535e-02
5.385810732841491699e-01
4.572965800762176514e-01
1.822956651449203491e-02
5.607739090919494629e-01
4.249466657638549805e-01
2.180576883256435394e-02
5.803335905075073242e-01
4.014261960983276367e-01
2.472622320055961609e-02
5.190215110778808594e-01
5.438383221626281738e-01
1.479085907340049744e-02
5.519245266914367676e-01
4.862236380577087402e-01
2.088878117501735687e-02
5.715980529785156250e-01
4.533863067626953125e-01
2.339701168239116669e-02
5.887738466262817383e-01
4.288069605827331543e-01
2.518726699054241180e-02
5.293483138084411621e-01
5.644295215606689453e-01
1.812729984521865845e-02
5.550956130027770996e-01
5.159309506416320801e-01
2.535027265548706055e-02
5.702490210533142090e-01
4.888624250888824463e-01
3.087360970675945282e-02
5.836106538772583008e-01
4.684470295906066895e-01
3.534502536058425903e-02
