3.706267476081848145e-01
6.974654793739318848e-01
3.159277071063115727e-07
3.426263630390167236e-01
6.235664486885070801e-01
-5.543360952287912369e-03
3.548844158649444580e-01
5.552026033401489258e-01
-7.957950234413146973e-03
3.916895091533660889e-01
5.066078901290893555e-01
-8.144358173012733459e-03
4.154677987098693848e-01
4.729278981685638428e-01
-7.961281575262546539e-03
4.178186058998107910e-01
5.267834663391113281e-01
-1.704651489853858948e-02
4.688871204853057861e-01
4.596783518791198730e-01
-2.420251630246639252e-02
4.999656081199645996e-01
4.266212582588195801e-01
-2.678989246487617493e-02
5.257270336151123047e-01
4.037029147148132324e-01
-2.697454579174518585e-02
4.488118886947631836e-01
5.554161071777343750e-01
-1.742645725607872009e-02
5.011096000671386719e-01
4.797006845474243164e-01
-2.296807616949081421e-02
5.323133468627929688e-01
4.379328489303588867e-01
-2.474217675626277924e-02
5.581266880035400391e-01
4.099628925323486328e-01
-2.491524629294872284e-02
4.677242338657379150e-01
5.855280160903930664e-01
-1.738858595490455627e-02
5.134090185165405273e-01
5.151761770248413086e-01
-2.165883965790271759e-02
5.420933365821838379e-01
4.724725484848022461e-01
-2.446568384766578674e-02
5.649288892745971680e-01
4.425880908966064453e-01
-2.597023732960224152e-02
4.763411879539489746e-01
6.145479083061218262e-01
-1.746041141450405121e-02
5.109130740165710449e-01
5.637908577919006348e-01
-1.918024197220802307e-02
5.320549607276916504e-01
5.322625637054443359e-01
-1.840315759181976318e-02
5.500484704971313477e-01
5.079732537269592285e-01
-1.693576015532016754e-02
