4.514837265014648438e-01
4.735362231731414795e-01
2.335172979428534745e-07
4.269651472568511963e-01
4.272540211677551270e-01
-7.010498549789190292e-03
4.272308051586151123e-01
3.734161257743835449e-01
-1.001195888966321945e-02
4.371918737888336182e-01
3.334518074989318848e-01
-1.184604037553071976e-02
4.402322471141815186e-01
3.013255596160888672e-01
-1.292234566062688828e-02
4.660910964012145996e-01
3.466256260871887207e-01
-7.237701211124658585e-03
4.863325953483581543e-01
2.941428422927856445e-01
-1.401678565889596939e-02
5.019590258598327637e-01
2.680009007453918457e-01
-1.925351843237876892e-02
5.160508155822753906e-01
2.501605153083801270e-01
-2.160670608282089233e-02
4.879516363143920898e-01
3.615304529666900635e-01
-7.496824022382497787e-03
5.083277225494384766e-01
3.075965344905853271e-01
-1.083159353584051132e-02
5.232511162757873535e-01
2.752226293087005615e-01
-1.456857565790414810e-02
5.372656583786010742e-01
2.507780492305755615e-01
-1.707620546221733093e-02
5.032306909561157227e-01
3.792811036109924316e-01
-8.467292413115501404e-03
5.207075476646423340e-01
3.307117819786071777e-01
-1.165891252458095551e-02
5.314729213714599609e-01
3.003751337528228760e-01
-1.307668443769216537e-02
5.415539145469665527e-01
2.784033119678497314e-01
-1.366485003381967545e-02
5.127178430557250977e-01
3.963300287723541260e-01
-1.007871981710195541e-02
5.253909230232238770e-01
3.545114994049072266e-01
-1.215036585927009583e-02
5.328268408775329590e-01
3.288656771183013916e-01
-1.039636228233575821e-02
5.396009683609008789e-01
3.088526129722595215e-01
-8.140096440911293030e-03
