3.779014348983764648e-01
7.384114861488342285e-01
4.749197444198216544e-07
3.435759842395782471e-01
6.830205321311950684e-01
-3.967440873384475708e-02
3.422247469425201416e-01
6.204425692558288574e-01
-6.055855378508567810e-02
3.664293289184570312e-01
5.675446987152099609e-01
-7.277243584394454956e-02
3.883399963378906250e-01
5.210062265396118164e-01
-8.321835100650787354e-02
4.120399653911590576e-01
6.153253316879272461e-01
-6.013690307736396790e-02
4.583957791328430176e-01
5.547944307327270508e-01
-8.305297791957855225e-02
4.912582337856292725e-01
5.197969675064086914e-01
-9.737212210893630981e-02
5.188977122306823730e-01
4.939571321010589600e-01
-1.045158356428146362e-01
4.439087212085723877e-01
6.403638124465942383e-01
-4.736053571105003357e-02
4.861351251602172852e-01
5.779767632484436035e-01
-6.453485041856765747e-02
5.158866047859191895e-01
5.362694263458251953e-01
-7.303302735090255737e-02
5.419137477874755859e-01
5.053806900978088379e-01
-7.825443893671035767e-02
4.653237462043762207e-01
6.559258699417114258e-01
-3.619720786809921265e-02
5.023653507232666016e-01
5.987796187400817871e-01
-5.048234760761260986e-02
5.283195376396179199e-01
5.573844909667968750e-01
-5.514592304825782776e-02
5.514056682586669922e-01
5.271565914154052734e-01
-5.678388848900794983e-02
4.764329195022583008e-01
6.627448797225952148e-01
-2.777664922177791595e-02
5.081188678741455078e-01
6.123023033142089844e-01
-4.020950943231582642e-02
5.284065008163452148e-01
5.781517028808593750e-01
-4.325170069932937622e-02
5.468552112579345703e-01
5.518237352371215820e-01
-4.294181242585182190e-02
