3.836114406585693359e-01
7.071467638015747070e-01
3.404378219329373678e-07
3.529593646526336670e-01
6.407819986343383789e-01
-1.077796425670385361e-02
3.528310656547546387e-01
5.728747844696044922e-01
-1.902348920702934265e-02
3.771921992301940918e-01
5.149329900741577148e-01
-2.486544474959373474e-02
3.888842761516571045e-01
4.667327404022216797e-01
-3.026662580668926239e-02
4.228959381580352783e-01
5.336174964904785156e-01
-2.329106070101261139e-02
4.693850576877593994e-01
4.618381857872009277e-01
-3.400290757417678833e-02
4.982164204120635986e-01
4.260236024856567383e-01
-4.003831744194030762e-02
5.230857133865356445e-01
4.008231163024902344e-01
-4.255503416061401367e-02
4.559563100337982178e-01
5.582906007766723633e-01
-2.371238544583320618e-02
5.045055747032165527e-01
4.785160422325134277e-01
-3.000457957386970520e-02
5.342692136764526367e-01
4.336357116699218750e-01
-3.290015086531639099e-02
5.584786534309387207e-01
4.043640494346618652e-01
-3.461015969514846802e-02
4.779791533946990967e-01
5.882911086082458496e-01
-2.441609092056751251e-02
5.203578472137451172e-01
5.135928988456726074e-01
-2.887466736137866974e-02
5.479540228843688965e-01
4.703345894813537598e-01
-3.179330378770828247e-02
5.697441101074218750e-01
4.397815763950347900e-01
-3.424912691116333008e-02
4.915791451930999756e-01
6.196334362030029297e-01
-2.582714706659317017e-02
5.233386754989624023e-01
5.650225281715393066e-01
-2.892163954675197601e-02
5.423309803009033203e-01
5.332445502281188965e-01
-2.854322269558906555e-02
5.588138699531555176e-01
5.075221657752990723e-01
-2.753667533397674561e-02
