4.689650535583496094e-01
5.593688488006591797e-01
2.298355070706747938e-07
4.410950541496276855e-01
5.117548704147338867e-01
-8.767940104007720947e-03
4.416008293628692627e-01
4.554408788681030273e-01
-1.332763209939002991e-02
4.560913443565368652e-01
4.112044870853424072e-01
-1.592078432440757751e-02
4.576397538185119629e-01
3.749492168426513672e-01
-1.816846057772636414e-02
4.843948781490325928e-01
4.306355118751525879e-01
-1.737483777105808258e-02
5.105417966842651367e-01
3.673700690269470215e-01
-2.651226706802845001e-02
5.295915603637695312e-01
3.328357636928558350e-01
-3.156069666147232056e-02
5.458318591117858887e-01
3.086651563644409180e-01
-3.362691402435302734e-02
5.104613900184631348e-01
4.473259747028350830e-01
-1.785159111022949219e-02
5.357508659362792969e-01
3.812677264213562012e-01
-2.445251122117042542e-02
5.541573166847229004e-01
3.430910408496856689e-01
-2.915749885141849518e-02
5.704043507575988770e-01
3.150980472564697266e-01
-3.228476271033287048e-02
5.283710956573486328e-01
4.647586941719055176e-01
-1.851168647408485413e-02
5.501289367675781250e-01
4.036363363265991211e-01
-2.510193921625614166e-02
5.655577182769775391e-01
3.658980727195739746e-01
-2.926376834511756897e-02
5.791536569595336914e-01
3.371247053146362305e-01
-3.159276396036148071e-02
5.385122895240783691e-01
4.793359041213989258e-01
-1.950939372181892395e-02
5.553476214408874512e-01
4.297025799751281738e-01
-2.527308464050292969e-02
5.653262734413146973e-01
3.982889950275421143e-01
-2.679629810154438019e-02
5.744146108627319336e-01
3.732974827289581299e-01
-2.683820761740207672e-02
