4.366466104984283447e-01
6.705114245414733887e-01
2.774295353447087109e-07
3.986276388168334961e-01
5.929410457611083984e-01
-9.476633742451667786e-03
4.086410701274871826e-01
5.240880250930786133e-01
-1.022478099912405014e-02
4.454820752143859863e-01
4.960815012454986572e-01
-8.824217133224010468e-03
4.695177078247070312e-01
4.884444475173950195e-01
-6.685595028102397919e-03
4.698311984539031982e-01
4.996486306190490723e-01
-4.951032344251871109e-03
5.061969757080078125e-01
4.366575181484222412e-01
-6.875797174870967865e-03
5.297337174415588379e-01
4.055961072444915771e-01
-8.540505543351173401e-03
5.484439134597778320e-01
3.850514292716979980e-01
-8.749416097998619080e-03
5.033795833587646484e-01
5.228212475776672363e-01
-1.486305147409439087e-03
5.376579165458679199e-01
4.578883051872253418e-01
-1.923764066305011511e-04
5.569176673889160156e-01
4.238215982913970947e-01
-5.384744144976139069e-04
5.746579766273498535e-01
3.998714387416839600e-01
-2.764488453976809978e-04
5.240088105201721191e-01
5.442674756050109863e-01
9.756105719134211540e-04
5.509327650070190430e-01
4.853243827819824219e-01
1.921742339618504047e-03
5.668343305587768555e-01
4.500080943107604980e-01
1.939835958182811737e-03
5.818949341773986816e-01
4.247203469276428223e-01
2.467727987095713615e-03
5.332062244415283203e-01
5.600237250328063965e-01
2.360949525609612465e-03
5.523629188537597656e-01
5.089491009712219238e-01
5.011855624616146088e-03
5.635291934013366699e-01
4.797517657279968262e-01
9.228031150996685028e-03
5.739215612411499023e-01
4.576789736747741699e-01
1.320249307900667191e-02
