3.723918497562408447e-01
8.191709518432617188e-01
3.582820511383033590e-07
3.412104845046997070e-01
7.704563736915588379e-01
-4.097549244761466980e-02
3.404677808284759521e-01
7.150961756706237793e-01
-6.485135108232498169e-02
3.618431091308593750e-01
6.704056262969970703e-01
-8.148214221000671387e-02
3.820405602455139160e-01
6.272429823875427246e-01
-9.626447409391403198e-02
4.203161001205444336e-01
6.971771717071533203e-01
-6.044654175639152527e-02
4.750589728355407715e-01
6.344838142395019531e-01
-8.814329653978347778e-02
5.145686864852905273e-01
6.099638342857360840e-01
-1.054515987634658813e-01
5.479052066802978516e-01
5.994915366172790527e-01
-1.141036227345466614e-01
4.474465250968933105e-01
7.208107113838195801e-01
-5.031712353229522705e-02
4.972754120826721191e-01
6.580158472061157227e-01
-7.170782238245010376e-02
5.340501070022583008e-01
6.286157369613647461e-01
-8.293342590332031250e-02
5.665487051010131836e-01
6.113473773002624512e-01
-8.991060405969619751e-02
4.637925922870635986e-01
7.362308502197265625e-01
-4.278052598237991333e-02
5.060204267501831055e-01
6.754025220870971680e-01
-6.057808175683021545e-02
5.377728343009948730e-01
6.475540995597839355e-01
-6.677468866109848022e-02
5.661901235580444336e-01
6.314967870712280273e-01
-6.938259303569793701e-02
4.720694720745086670e-01
7.422931194305419922e-01
-3.839818388223648071e-02
5.068624019622802734e-01
6.908394098281860352e-01
-5.263995379209518433e-02
5.314720869064331055e-01
6.650992035865783691e-01
-5.647266283631324768e-02
5.528273582458496094e-01
6.473030447959899902e-01
-5.714250355958938599e-02
