4.693099856376647949e-01
4.892992973327636719e-01
1.075228155400509422e-07
4.439247846603393555e-01
4.473051130771636963e-01
-5.634958855807781219e-03
4.461195170879364014e-01
3.986310958862304688e-01
-9.000636637210845947e-03
4.545929431915283203e-01
3.613692224025726318e-01
-1.196893863379955292e-02
4.609341919422149658e-01
3.340368866920471191e-01
-1.441142801195383072e-02
4.943895041942596436e-01
3.846083283424377441e-01
-9.071152657270431519e-03
5.134710073471069336e-01
3.319068253040313721e-01
-1.856540516018867493e-02
5.285888910293579102e-01
3.012839555740356445e-01
-2.490780316293239594e-02
5.420714020729064941e-01
2.823379635810852051e-01
-2.782262675464153290e-02
5.107437968254089355e-01
3.890733122825622559e-01
-1.081997528672218323e-02
5.291919112205505371e-01
3.332530260086059570e-01
-1.825037039816379547e-02
5.414367318153381348e-01
3.012616336345672607e-01
-2.216084487736225128e-02
5.541657209396362305e-01
2.788762450218200684e-01
-2.407659962773323059e-02
5.211395621299743652e-01
3.928371965885162354e-01
-1.337973773479461670e-02
5.392950773239135742e-01
3.382228910923004150e-01
-2.048153989017009735e-02
5.502081513404846191e-01
3.066392540931701660e-01
-2.137291058897972107e-02
5.619094371795654297e-01
2.830865383148193359e-01
-2.051523141562938690e-02
5.247221589088439941e-01
3.956733345985412598e-01
-1.649245806038379669e-02
5.409053564071655273e-01
3.511712253093719482e-01
-2.077138796448707581e-02
5.510259866714477539e-01
3.229718208312988281e-01
-1.972362212836742401e-02
5.600187778472900391e-01
3.003159165382385254e-01
-1.781939156353473663e-02
