4.738893806934356689e-01
5.639580488204956055e-01
2.505240104255790357e-07
4.541358053684234619e-01
5.189830064773559570e-01
-1.467374432832002640e-02
4.564046263694763184e-01
4.649118185043334961e-01
-2.339429780840873718e-02
4.668734669685363770e-01
4.247329831123352051e-01
-2.936367504298686981e-02
4.707931578159332275e-01
3.914006054401397705e-01
-3.464489057660102844e-02
4.936323463916778564e-01
4.619939625263214111e-01
-2.548027224838733673e-02
5.244622230529785156e-01
4.096574485301971436e-01
-3.877434879541397095e-02
5.470434427261352539e-01
3.801926970481872559e-01
-4.673847556114196777e-02
5.649842619895935059e-01
3.610100746154785156e-01
-5.031624808907508850e-02
5.134551525115966797e-01
4.766928851604461670e-01
-2.322165109217166901e-02
5.427870154380798340e-01
4.253413379192352295e-01
-3.321347013115882874e-02
5.646125078201293945e-01
3.945137858390808105e-01
-3.870438039302825928e-02
5.832052826881408691e-01
3.728908300399780273e-01
-4.207636788487434387e-02
5.276703834533691406e-01
4.893219769001007080e-01
-2.163734100759029388e-02
5.544526576995849609e-01
4.412624835968017578e-01
-3.022903576493263245e-02
5.738016963005065918e-01
4.129469394683837891e-01
-3.288121521472930908e-02
5.907902717590332031e-01
3.918960690498352051e-01
-3.362345322966575623e-02
5.358466506004333496e-01
4.983739852905273438e-01
-2.094830758869647980e-02
5.591557025909423828e-01
4.602411985397338867e-01
-2.740902081131935120e-02
5.747094750404357910e-01
4.351646900177001953e-01
-2.831685729324817657e-02
5.879198908805847168e-01
4.150027930736541748e-01
-2.782726101577281952e-02
