3.674891293048858643e-01
7.819763422012329102e-01
4.582186079460370820e-07
3.293351233005523682e-01
7.273796796798706055e-01
-4.022777080535888672e-02
3.276086449623107910e-01
6.658104062080383301e-01
-6.099731847643852234e-02
3.538799881935119629e-01
6.164869666099548340e-01
-7.365281134843826294e-02
3.786855041980743408e-01
5.758156180381774902e-01
-8.444188535213470459e-02
4.080956876277923584e-01
6.628724336624145508e-01
-5.512151494622230530e-02
4.584957659244537354e-01
6.055983304977416992e-01
-7.854051887989044189e-02
4.952709376811981201e-01
5.815495252609252930e-01
-9.324640035629272461e-02
5.272471308708190918e-01
5.707154273986816406e-01
-1.007596701383590698e-01
4.385575652122497559e-01
6.862834692001342773e-01
-4.354818165302276611e-02
4.878740906715393066e-01
6.294283866882324219e-01
-6.283306330442428589e-02
5.246578454971313477e-01
5.999986529350280762e-01
-7.447282969951629639e-02
5.588740110397338867e-01
5.838428139686584473e-01
-8.217068016529083252e-02
4.576440453529357910e-01
7.008970975875854492e-01
-3.434325009584426880e-02
5.017115473747253418e-01
6.470071077346801758e-01
-5.157597362995147705e-02
5.343659520149230957e-01
6.187304854393005371e-01
-6.096597760915756226e-02
5.642011165618896484e-01
6.039542555809020996e-01
-6.586647033691406250e-02
4.676240682601928711e-01
7.077622413635253906e-01
-2.789727970957756042e-02
5.052189826965332031e-01
6.628860235214233398e-01
-4.264298081398010254e-02
5.325394868850708008e-01
6.384820938110351562e-01
-4.979504272341728210e-02
5.573993921279907227e-01
6.225702166557312012e-01
-5.300027504563331604e-02
