3.916246294975280762e-01
7.854624986648559570e-01
3.258246294990385650e-07
3.536729812622070312e-01
7.250121235847473145e-01
-3.532540798187255859e-02
3.658398687839508057e-01
6.537482738494873047e-01
-4.991267621517181396e-02
4.077776670455932617e-01
6.059316992759704590e-01
-5.728160962462425232e-02
4.410030245780944824e-01
5.705841183662414551e-01
-6.340258568525314331e-02
4.442647695541381836e-01
6.478468179702758789e-01
-4.238826408982276917e-02
4.960223138332366943e-01
6.016042232513427734e-01
-6.083201989531517029e-02
5.306038260459899902e-01
5.932649970054626465e-01
-7.364873588085174561e-02
5.623728036880493164e-01
5.940931439399719238e-01
-8.117018640041351318e-02
4.758996963500976562e-01
6.735548973083496094e-01
-3.180547058582305908e-02
5.287055969238281250e-01
6.296676993370056152e-01
-4.485907033085823059e-02
5.651567578315734863e-01
6.143239736557006836e-01
-5.457208305597305298e-02
5.992196798324584961e-01
6.109903454780578613e-01
-6.262350082397460938e-02
4.924130439758300781e-01
6.945084333419799805e-01
-2.384606376290321350e-02
5.408979654312133789e-01
6.521051526069641113e-01
-3.737494722008705139e-02
5.710985660552978516e-01
6.362294554710388184e-01
-4.579659551382064819e-02
6.000769138336181641e-01
6.319397091865539551e-01
-5.150967836380004883e-02
4.993975162506103516e-01
7.092353701591491699e-01
-1.850131340324878693e-02
5.382921099662780762e-01
6.737914085388183594e-01
-3.014527261257171631e-02
5.634929537773132324e-01
6.581971049308776855e-01
-3.594787791371345520e-02
5.864511728286743164e-01
6.501327753067016602e-01
-3.956685215234756470e-02
