3.735180497169494629e-01
7.342757582664489746e-01
3.062402527120866580e-07
3.533787727355957031e-01
6.478199958801269531e-01
-3.015226451680064201e-03
3.700278699398040771e-01
5.742354989051818848e-01
-7.983069866895675659e-03
4.065854549407958984e-01
5.325008034706115723e-01
-1.259020622819662094e-02
4.353924989700317383e-01
5.179010629653930664e-01
-1.720343157649040222e-02
4.150022864341735840e-01
5.500482916831970215e-01
-2.052593044936656952e-02
4.652820527553558350e-01
4.690437018871307373e-01
-3.261063247919082642e-02
4.979456067085266113e-01
4.319621920585632324e-01
-3.801335021853446960e-02
5.243571996688842773e-01
4.063426852226257324e-01
-3.958661109209060669e-02
4.479826092720031738e-01
5.772327184677124023e-01
-2.487785741686820984e-02
4.999659061431884766e-01
4.869795441627502441e-01
-3.339028730988502502e-02
5.313156247138977051e-01
4.420696198940277100e-01
-3.532204777002334595e-02
5.565872192382812500e-01
4.130002260208129883e-01
-3.508190438151359558e-02
4.706068336963653564e-01
6.056379675865173340e-01
-2.854447066783905029e-02
5.125832557678222656e-01
5.229927301406860352e-01
-3.334247693419456482e-02
5.376155972480773926e-01
4.766838848590850830e-01
-3.275066241621971130e-02
5.577839016914367676e-01
4.468498229980468750e-01
-3.173474594950675964e-02
4.826558530330657959e-01
6.325736045837402344e-01
-3.262694552540779114e-02
5.123796463012695312e-01
5.690660476684570312e-01
-3.402929753065109253e-02
5.293919444084167480e-01
5.334929823875427246e-01
-2.953056432306766510e-02
5.445179939270019531e-01
5.085761547088623047e-01
-2.493600547313690186e-02
