4.662332534790039062e-01
5.788262486457824707e-01
2.423321632250008406e-07
4.389502406120300293e-01
5.305359959602355957e-01
-1.067180652171373367e-02
4.401763379573822021e-01
4.766786098480224609e-01
-1.616295985877513885e-02
4.570211172103881836e-01
4.349867403507232666e-01
-1.939938403666019440e-02
4.605464041233062744e-01
3.993516266345977783e-01
-2.211841382086277008e-02
4.864224195480346680e-01
4.506200253963470459e-01
-1.741979829967021942e-02
5.127254724502563477e-01
3.900766968727111816e-01
-2.736731059849262238e-02
5.323431491851806641e-01
3.578099012374877930e-01
-3.377999737858772278e-02
5.498967766761779785e-01
3.347664177417755127e-01
-3.676856309175491333e-02
5.127912163734436035e-01
4.677790701389312744e-01
-1.692606136202812195e-02
5.403181910514831543e-01
4.044076204299926758e-01
-2.315376698970794678e-02
5.603272914886474609e-01
3.668593764305114746e-01
-2.811448276042938232e-02
5.786558985710144043e-01
3.385394215583801270e-01
-3.170840814709663391e-02
5.293498039245605469e-01
4.859043955802917480e-01
-1.701431535184383392e-02
5.526214241981506348e-01
4.279516339302062988e-01
-2.324250154197216034e-02
5.690943002700805664e-01
3.922075331211090088e-01
-2.735320851206779480e-02
5.833045244216918945e-01
3.647419810295104980e-01
-2.986139804124832153e-02
5.377863049507141113e-01
5.013957619667053223e-01
-1.778149604797363281e-02
5.557377934455871582e-01
4.553655385971069336e-01
-2.317588403820991516e-02
5.663570761680603027e-01
4.262227714061737061e-01
-2.442725747823715210e-02
5.751169919967651367e-01
4.023195803165435791e-01
-2.446823008358478546e-02
