4.701012969017028809e-01
6.280480027198791504e-01
2.706650832351442659e-07
4.463650882244110107e-01
5.792674422264099121e-01
-1.445826049894094467e-02
4.509924054145812988e-01
5.283247828483581543e-01
-2.290796861052513123e-02
4.717436730861663818e-01
4.930808842182159424e-01
-2.836067602038383484e-02
4.807873070240020752e-01
4.616656005382537842e-01
-3.346936777234077454e-02
4.989110827445983887e-01
5.216057896614074707e-01
-2.720378711819648743e-02
5.337791442871093750e-01
4.685392677783966064e-01
-3.970611840486526489e-02
5.589439272880554199e-01
4.436659812927246094e-01
-4.704742878675460815e-02
5.802717208862304688e-01
4.274412095546722412e-01
-5.052053555846214294e-02
5.236117243766784668e-01
5.435858964920043945e-01
-2.563445828855037689e-02
5.579347610473632812e-01
4.907398819923400879e-01
-3.407314047217369080e-02
5.823597908020019531e-01
4.601788222789764404e-01
-3.977100551128387451e-02
6.034775376319885254e-01
4.379533827304840088e-01
-4.407759383320808411e-02
5.387064218521118164e-01
5.622915625572204590e-01
-2.452172525227069855e-02
5.689720511436462402e-01
5.138767361640930176e-01
-3.237921744585037231e-02
5.896520614624023438e-01
4.838880598545074463e-01
-3.706826269626617432e-02
6.073073744773864746e-01
4.617944955825805664e-01
-4.008445888757705688e-02
5.462527871131896973e-01
5.750764012336730957e-01
-2.423850819468498230e-02
5.706019997596740723e-01
5.371245145797729492e-01
-3.145224228501319885e-02
5.861326456069946289e-01
5.125683546066284180e-01
-3.410192579030990601e-02
5.990905761718750000e-01
4.928225278854370117e-01
-3.518309071660041809e-02
