4.781880378723144531e-01
5.904666185379028320e-01
2.932550842160708271e-07
4.518314599990844727e-01
5.407872200012207031e-01
-1.233743131160736084e-02
4.545515179634094238e-01
4.879739582538604736e-01
-2.000055834650993347e-02
4.708184003829956055e-01
4.491113424301147461e-01
-2.470982074737548828e-02
4.764852225780487061e-01
4.161247611045837402e-01
-2.857364900410175323e-02
4.981054663658142090e-01
4.724778831005096436e-01
-2.693064138293266296e-02
5.315740704536437988e-01
4.116149544715881348e-01
-3.998342528939247131e-02
5.571914911270141602e-01
3.848485648632049561e-01
-4.681988805532455444e-02
5.787467956542968750e-01
3.693844676017761230e-01
-4.891848191618919373e-02
5.241584181785583496e-01
4.915564358234405518e-01
-2.474013902246952057e-02
5.553735494613647461e-01
4.298286139965057373e-01
-3.331337124109268188e-02
5.789209604263305664e-01
3.988509178161621094e-01
-3.726794570684432983e-02
5.989764332771301270e-01
3.791601061820983887e-01
-3.940445557236671448e-02
5.413938164710998535e-01
5.077404379844665527e-01
-2.260115928947925568e-02
5.665264129638671875e-01
4.508447349071502686e-01
-2.921832539141178131e-02
5.848932266235351562e-01
4.186578094959259033e-01
-3.097811900079250336e-02
6.010717153549194336e-01
3.970821499824523926e-01
-3.122609108686447144e-02
5.504525303840637207e-01
5.182587504386901855e-01
-2.110752277076244354e-02
5.701223015785217285e-01
4.690242111682891846e-01
-2.609292604029178619e-02
5.834630727767944336e-01
4.394037723541259766e-01
-2.594923041760921478e-02
5.948792099952697754e-01
4.169869422912597656e-01
-2.437797747552394867e-02
