4.633085727691650391e-01
7.408894896507263184e-01
2.704898065530869644e-07
4.199972450733184814e-01
6.604416966438293457e-01
-1.485065370798110962e-02
4.304072558879852295e-01
5.784407854080200195e-01
-1.661820523440837860e-02
4.694060385227203369e-01
5.196440219879150391e-01
-1.462077815085649490e-02
4.925280213356018066e-01
4.778349995613098145e-01
-9.967210702598094940e-03
5.086353421211242676e-01
5.507584810256958008e-01
-5.649828352034091949e-03
5.541128516197204590e-01
4.810750186443328857e-01
-8.926310576498508453e-03
5.842317342758178711e-01
4.487574100494384766e-01
-1.277506165206432343e-02
6.097023487091064453e-01
4.290184378623962402e-01
-1.384797133505344391e-02
5.411122441291809082e-01
5.764192938804626465e-01
1.345920725725591183e-03
5.793666839599609375e-01
5.045553445816040039e-01
3.281794721260666847e-03
6.008285880088806152e-01
4.657220244407653809e-01
2.587328199297189713e-03
6.220771074295043945e-01
4.393357634544372559e-01
2.361925318837165833e-03
5.609109997749328613e-01
6.006474494934082031e-01
6.871489807963371277e-03
5.918816924095153809e-01
5.315222144126892090e-01
8.143227547407150269e-03
6.098217964172363281e-01
4.926297664642333984e-01
1.037372928112745285e-02
6.270729303359985352e-01
4.652773141860961914e-01
1.235462538897991180e-02
5.713428258895874023e-01
6.212508082389831543e-01
1.069751847535371780e-02
5.960607528686523438e-01
5.636695623397827148e-01
1.394844800233840942e-02
6.079539060592651367e-01
5.315561890602111816e-01
1.986460387706756592e-02
6.174379587173461914e-01
5.070102214813232422e-01
2.540113590657711029e-02
