4.525825977325439453e-01
4.544812142848968506e-01
1.877997419796884060e-07
4.257362484931945801e-01
4.152565896511077881e-01
-9.279404766857624054e-03
4.172981977462768555e-01
3.681661188602447510e-01
-1.435688883066177368e-02
4.178931713104248047e-01
3.272454738616943359e-01
-1.777967251837253571e-02
4.151361882686614990e-01
2.966583073139190674e-01
-2.055695094168186188e-02
4.620164334774017334e-01
3.290274441242218018e-01
-1.020740624517202377e-02
4.812939167022705078e-01
2.803678512573242188e-01
-1.658476144075393677e-02
4.946710467338562012e-01
2.522518336772918701e-01
-2.193139120936393738e-02
5.061138868331909180e-01
2.307032048702239990e-01
-2.470380254089832306e-02
4.853632152080535889e-01
3.390554785728454590e-01
-8.821764029562473297e-03
5.035724639892578125e-01
2.858280539512634277e-01
-1.152673643082380295e-02
5.157693624496459961e-01
2.530680894851684570e-01
-1.398793887346982956e-02
5.269986391067504883e-01
2.283909618854522705e-01
-1.579166576266288757e-02
5.014357566833496094e-01
3.546803593635559082e-01
-8.182193152606487274e-03
5.176384449005126953e-01
3.077607750892639160e-01
-1.041143108159303665e-02
5.287876725196838379e-01
2.770572304725646973e-01
-1.152960490435361862e-02
5.382376313209533691e-01
2.544847130775451660e-01
-1.225043833255767822e-02
5.115827918052673340e-01
3.720917403697967529e-01
-8.430276066064834595e-03
5.234681963920593262e-01
3.353829681873321533e-01
-9.521592408418655396e-03
5.307379961013793945e-01
3.125670850276947021e-01
-7.730659097433090210e-03
5.368156433105468750e-01
2.943931818008422852e-01
-5.750058218836784363e-03
