4.527388215065002441e-01
4.792317748069763184e-01
1.695109688171214657e-07
4.312276244163513184e-01
4.338886737823486328e-01
-3.583085956051945686e-03
4.331335425376892090e-01
3.773255050182342529e-01
-5.168812815099954605e-03
4.416070878505706787e-01
3.373588025569915771e-01
-6.334779318422079086e-03
4.436588883399963379e-01
3.070350289344787598e-01
-7.078735623508691788e-03
4.657601416110992432e-01
3.598088920116424561e-01
-4.723889753222465515e-03
4.848112761974334717e-01
3.105474114418029785e-01
-1.256643235683441162e-02
5.008825063705444336e-01
2.799893915653228760e-01
-1.861776039004325867e-02
5.140797495841979980e-01
2.574100792407989502e-01
-2.194918878376483917e-02
4.849560856819152832e-01
3.713011741638183594e-01
-7.399640511721372604e-03
5.062671303749084473e-01
3.197331726551055908e-01
-1.345010381191968918e-02
5.234118103981018066e-01
2.865269780158996582e-01
-1.854622177779674530e-02
5.393248200416564941e-01
2.581517994403839111e-01
-2.184694074094295502e-02
5.004568696022033691e-01
3.844902217388153076e-01
-1.065759174525737762e-02
5.203855633735656738e-01
3.344418108463287354e-01
-1.651213131844997406e-02
5.362378954887390137e-01
3.025843799114227295e-01
-1.945273391902446747e-02
5.509371757507324219e-01
2.748070359230041504e-01
-2.074502967298030853e-02
5.121262073516845703e-01
3.979417085647583008e-01
-1.419437397271394730e-02
5.288828611373901367e-01
3.567703962326049805e-01
-1.869968511164188385e-02
5.408887863159179688e-01
3.292297124862670898e-01
-1.935062557458877563e-02
5.521981716156005859e-01
3.047060966491699219e-01
-1.901298016309738159e-02
