4.389777183532714844e-01
6.797945499420166016e-01
2.744906737461860757e-07
4.008973538875579834e-01
6.037277579307556152e-01
-9.420405142009258270e-03
4.112043380737304688e-01
5.352911353111267090e-01
-1.009046565741300583e-02
4.494167268276214600e-01
5.032960176467895508e-01
-8.107082918286323547e-03
4.747185707092285156e-01
4.951668977737426758e-01
-5.735501646995544434e-03
4.760657250881195068e-01
5.145204067230224609e-01
-9.409454651176929474e-03
5.150271654129028320e-01
4.503783285617828369e-01
-1.202860940247774124e-02
5.395623445510864258e-01
4.176848828792572021e-01
-1.379769947379827499e-02
5.595286488533020020e-01
3.937614858150482178e-01
-1.412276178598403931e-02
5.112395882606506348e-01
5.351492762565612793e-01
-5.940339528024196625e-03
5.495216846466064453e-01
4.665084779262542725e-01
-6.912174634635448456e-03
5.710669159889221191e-01
4.285621643066406250e-01
-8.182531222701072693e-03
5.899010300636291504e-01
4.015297889709472656e-01
-8.201600983738899231e-03
5.325047373771667480e-01
5.553063750267028809e-01
-2.968811430037021637e-03
5.645931959152221680e-01
4.911611676216125488e-01
-4.699502605944871902e-03
5.843769907951354980e-01
4.527172446250915527e-01
-6.969205569475889206e-03
6.019324660301208496e-01
4.246121644973754883e-01
-7.377879228442907333e-03
5.416556596755981445e-01
5.707818865776062012e-01
-6.356416852213442326e-04
5.696980953216552734e-01
5.147916674613952637e-01
-3.321124240756034851e-04
5.867103934288024902e-01
4.836652576923370361e-01
1.839157543145120144e-03
6.018638014793395996e-01
4.603444039821624756e-01
4.591103643178939819e-03
