3.839822411537170410e-01
7.096613645553588867e-01
2.935099985279521206e-07
3.532958924770355225e-01
6.429744958877563477e-01
-9.219929575920104980e-03
3.535179495811462402e-01
5.741312503814697266e-01
-1.640894263982772827e-02
3.778788745403289795e-01
5.164681673049926758e-01
-2.181779034435749054e-02
3.895541131496429443e-01
4.697481691837310791e-01
-2.664255350828170776e-02
4.249107837677001953e-01
5.363599061965942383e-01
-2.013897895812988281e-02
4.705181419849395752e-01
4.643477201461791992e-01
-3.021986410021781921e-02
4.991553425788879395e-01
4.280698895454406738e-01
-3.594967350363731384e-02
5.231966972351074219e-01
4.035814404487609863e-01
-3.825294971466064453e-02
4.580059945583343506e-01
5.607014298439025879e-01
-2.161334827542304993e-02
5.052307248115539551e-01
4.800941944122314453e-01
-2.694606781005859375e-02
5.334178209304809570e-01
4.354439973831176758e-01
-2.952869236469268799e-02
5.565636754035949707e-01
4.073843061923980713e-01
-3.112727217376232147e-02
4.802737832069396973e-01
5.897487401962280273e-01
-2.345995418727397919e-02
5.220245718955993652e-01
5.151796340942382812e-01
-2.703811973333358765e-02
5.481471419334411621e-01
4.714679121971130371e-01
-2.924947999417781830e-02
5.686919093132019043e-01
4.416906535625457764e-01
-3.132553026080131531e-02
4.939466118812561035e-01
6.206417679786682129e-01
-2.610936947166919708e-02
5.264085531234741211e-01
5.669355988502502441e-01
-2.851304039359092712e-02
5.451995730400085449e-01
5.346775054931640625e-01
-2.757670730352401733e-02
5.607947111129760742e-01
5.086413621902465820e-01
-2.615060470998287201e-02
