4.700645208358764648e-01
5.056259036064147949e-01
1.700787066738485009e-07
4.447596967220306396e-01
4.622810184955596924e-01
-1.256369613111019135e-02
4.427860379219055176e-01
4.083876013755798340e-01
-1.831366308033466339e-02
4.533065855503082275e-01
3.657473623752593994e-01
-2.143743634223937988e-02
4.589734375476837158e-01
3.352022469043731689e-01
-2.399174496531486511e-02
4.902954995632171631e-01
4.004136919975280762e-01
-2.040454372763633728e-02
5.184704065322875977e-01
3.485234677791595459e-01
-2.976708300411701202e-02
5.355504751205444336e-01
3.142035901546478271e-01
-3.542480990290641785e-02
5.471333861351013184e-01
2.892169058322906494e-01
-3.801977261900901794e-02
5.106954574584960938e-01
4.091459214687347412e-01
-1.782952621579170227e-02
5.367050170898437500e-01
3.558039665222167969e-01
-2.450562827289104462e-02
5.488818287849426270e-01
3.191705644130706787e-01
-2.776240371167659760e-02
5.573043823242187500e-01
2.908366322517395020e-01
-2.961739525198936462e-02
5.244712829589843750e-01
4.175329506397247314e-01
-1.584903709590435028e-02
5.477510690689086914e-01
3.672567903995513916e-01
-2.205470576882362366e-02
5.576105117797851562e-01
3.318278193473815918e-01
-2.323808148503303528e-02
5.645284652709960938e-01
3.050505518913269043e-01
-2.296164445579051971e-02
5.321161150932312012e-01
4.252281785011291504e-01
-1.473412942141294479e-02
5.500145554542541504e-01
3.827887475490570068e-01
-1.966950669884681702e-02
5.583721399307250977e-01
3.535798192024230957e-01
-1.949175633490085602e-02
5.629769563674926758e-01
3.301427960395812988e-01
-1.805818639695644379e-02
