4.678009748458862305e-01
4.872670173645019531e-01
1.310669119902740931e-07
4.439408481121063232e-01
4.488747119903564453e-01
-1.119954138994216919e-02
4.444605112075805664e-01
3.993733227252960205e-01
-1.627216488122940063e-02
4.533626437187194824e-01
3.610171973705291748e-01
-1.951679028570652008e-02
4.603475332260131836e-01
3.327125012874603271e-01
-2.201687917113304138e-02
4.922805428504943848e-01
3.886290490627288818e-01
-1.508768461644649506e-02
5.129280686378479004e-01
3.390983641147613525e-01
-2.561609074473381042e-02
5.287371277809143066e-01
3.079996705055236816e-01
-3.273285180330276489e-02
5.418978333473205566e-01
2.860514521598815918e-01
-3.654973953962326050e-02
5.087638497352600098e-01
3.919588327407836914e-01
-1.429923623800277710e-02
5.291274189949035645e-01
3.405869901180267334e-01
-2.288098074495792389e-02
5.423386096954345703e-01
3.082638084888458252e-01
-2.791870385408401489e-02
5.555208921432495117e-01
2.823395133018493652e-01
-3.089736774563789368e-02
5.189847946166992188e-01
3.944294750690460205e-01
-1.457243040204048157e-02
5.374625921249389648e-01
3.444438278675079346e-01
-2.266633696854114532e-02
5.489419698715209961e-01
3.135938048362731934e-01
-2.499970421195030212e-02
5.605722069740295410e-01
2.881191074848175049e-01
-2.544012106955051422e-02
5.227690339088439941e-01
3.959028124809265137e-01
-1.579665206372737885e-02
5.379697084426879883e-01
3.533148765563964844e-01
-2.186390571296215057e-02
5.481065511703491211e-01
3.257303237915039062e-01
-2.267640084028244019e-02
5.573620796203613281e-01
3.019493222236633301e-01
-2.220258861780166626e-02
