4.665582478046417236e-01
7.500561475753784180e-01
4.068940029355871957e-07
4.230932891368865967e-01
6.799086332321166992e-01
-2.942932955920696259e-02
4.289816021919250488e-01
6.093019247055053711e-01
-4.250987619161605835e-02
4.653560817241668701e-01
5.533792376518249512e-01
-4.904403537511825562e-02
4.901933073997497559e-01
5.045744776725769043e-01
-5.338336154818534851e-02
5.089503526687622070e-01
5.787558555603027344e-01
-3.527732193470001221e-02
5.538915395736694336e-01
5.024549961090087891e-01
-5.048447847366333008e-02
5.849623680114746094e-01
4.637366831302642822e-01
-5.997874587774276733e-02
6.120606660842895508e-01
4.369385838508605957e-01
-6.403688341379165649e-02
5.419839024543762207e-01
5.993570685386657715e-01
-2.558197639882564545e-02
5.892379879951477051e-01
5.191121697425842285e-01
-3.560975939035415649e-02
6.188253760337829590e-01
4.744383096694946289e-01
-4.072323068976402283e-02
6.456644535064697266e-01
4.435031116008758545e-01
-4.329832270741462708e-02
5.618172883987426758e-01
6.207900643348693848e-01
-1.787875033915042877e-02
6.012970209121704102e-01
5.461994409561157227e-01
-2.635909803211688995e-02
6.267099976539611816e-01
5.011953711509704590e-01
-2.985223382711410522e-02
6.496450304985046387e-01
4.706153869628906250e-01
-3.095087036490440369e-02
5.723103284835815430e-01
6.413893699645996094e-01
-1.260686852037906647e-02
6.040140986442565918e-01
5.813174843788146973e-01
-1.706000789999961853e-02
6.214541196823120117e-01
5.476739406585693359e-01
-1.653294451534748077e-02
6.352163553237915039e-01
5.229961276054382324e-01
-1.461834646761417389e-02
