4.674319326877593994e-01
5.583803653717041016e-01
1.921083878642093623e-07
4.406260550022125244e-01
5.103437304496765137e-01
-1.029019430279731750e-02
4.412930607795715332e-01
4.542801380157470703e-01
-1.573284342885017395e-02
4.563314318656921387e-01
4.101415872573852539e-01
-1.948177814483642578e-02
4.593337774276733398e-01
3.743195831775665283e-01
-2.290601469576358795e-02
4.844027459621429443e-01
4.271900355815887451e-01
-1.611690036952495575e-02
5.100466609001159668e-01
3.648779988288879395e-01
-2.654260210692882538e-02
5.288902521133422852e-01
3.320485651493072510e-01
-3.346297889947891235e-02
5.451311469078063965e-01
3.085503876209259033e-01
-3.683362156152725220e-02
5.083949565887451172e-01
4.436107575893402100e-01
-1.660890690982341766e-02
5.350612401962280273e-01
3.804161548614501953e-01
-2.329629100859165192e-02
5.538851022720336914e-01
3.450379967689514160e-01
-2.839833870530128479e-02
5.710735917091369629e-01
3.202018141746520996e-01
-3.171227872371673584e-02
5.248525738716125488e-01
4.633816480636596680e-01
-1.781859248876571655e-02
5.480540990829467773e-01
4.060467183589935303e-01
-2.404322475194931030e-02
5.634658336639404297e-01
3.697234690189361572e-01
-2.768390253186225891e-02
5.776731967926025391e-01
3.431937396526336670e-01
-2.974008582532405853e-02
5.349941849708557129e-01
4.826377928256988525e-01
-1.980481669306755066e-02
5.526797175407409668e-01
4.365819096565246582e-01
-2.507652342319488525e-02
5.628051161766052246e-01
4.069483578205108643e-01
-2.564385533332824707e-02
5.723081827163696289e-01
3.835257887840270996e-01
-2.493058517575263977e-02
