4.508731961250305176e-01
4.684924781322479248e-01
1.672579799105733400e-07
4.232202768325805664e-01
4.242288768291473389e-01
-8.433556184172630310e-03
4.225157797336578369e-01
3.735834360122680664e-01
-1.090151444077491760e-02
4.333435297012329102e-01
3.306497931480407715e-01
-1.128030382096767426e-02
4.358664453029632568e-01
2.968493402004241943e-01
-1.053723413497209549e-02
4.651721119880676270e-01
3.393998742103576660e-01
-7.275934331119060516e-03
4.868755638599395752e-01
2.892189323902130127e-01
-1.059394422918558121e-02
5.007436275482177734e-01
2.625944912433624268e-01
-1.290790271013975143e-02
5.122916102409362793e-01
2.432304620742797852e-01
-1.347373984754085541e-02
4.889314770698547363e-01
3.543111681938171387e-01
-4.780749324709177017e-03
5.075936317443847656e-01
3.005045354366302490e-01
-5.132901016622781754e-03
5.189227461814880371e-01
2.703233957290649414e-01
-5.475861951708793640e-03
5.288910865783691406e-01
2.476851493120193481e-01
-5.620521493256092072e-03
5.045426487922668457e-01
3.721144497394561768e-01
-2.982051344588398933e-03
5.201990008354187012e-01
3.230956196784973145e-01
-4.150846973061561584e-03
5.292035341262817383e-01
2.931023836135864258e-01
-3.942525014281272888e-03
5.363935232162475586e-01
2.707075774669647217e-01
-3.348695579916238785e-03
5.136508345603942871e-01
3.886860907077789307e-01
-1.892208936624228954e-03
5.255203843116760254e-01
3.477959036827087402e-01
-2.155991736799478531e-03
5.318335890769958496e-01
3.237086236476898193e-01
2.188413345720618963e-04
5.362482070922851562e-01
3.047572374343872070e-01
2.893960569053888321e-03
