4.569016993045806885e-01
7.148816585540771484e-01
2.981299189741548616e-07
4.138344526290893555e-01
6.470602750778198242e-01
-2.158315293490886688e-02
4.172196984291076660e-01
5.711116790771484375e-01
-2.938130684196949005e-02
4.490448236465454102e-01
5.128979682922363281e-01
-3.214047476649284363e-02
4.700403511524200439e-01
4.678154587745666504e-01
-3.275622799992561340e-02
4.934921264648437500e-01
5.426676273345947266e-01
-2.081482484936714172e-02
5.326113700866699219e-01
4.712648987770080566e-01
-3.089310042560100555e-02
5.602114200592041016e-01
4.333623647689819336e-01
-3.849983960390090942e-02
5.838161706924438477e-01
4.077650904655456543e-01
-4.163133352994918823e-02
5.259144306182861328e-01
5.655005574226379395e-01
-1.330386847257614136e-02
5.630657672882080078e-01
4.921839237213134766e-01
-1.762848347425460815e-02
5.858808755874633789e-01
4.493597745895385742e-01
-2.124313265085220337e-02
6.075403690338134766e-01
4.183625280857086182e-01
-2.318610996007919312e-02
5.453583002090454102e-01
5.869440436363220215e-01
-7.524111308157444000e-03
5.767306089401245117e-01
5.184226036071777344e-01
-1.232494879513978958e-02
5.964167118072509766e-01
4.751290977001190186e-01
-1.411698013544082642e-02
6.149718761444091797e-01
4.430902600288391113e-01
-1.412953529506921768e-02
5.551661252975463867e-01
6.046797633171081543e-01
-3.553995164111256599e-03
5.794489979743957520e-01
5.468742847442626953e-01
-6.334734149277210236e-03
5.935069322586059570e-01
5.120643377304077148e-01
-4.409433808177709579e-03
6.048430204391479492e-01
4.845350384712219238e-01
-1.263005426153540611e-03
