4.538003206253051758e-01
4.868586957454681396e-01
2.786967172596632736e-07
4.287985265254974365e-01
4.388956725597381592e-01
-5.956276785582304001e-03
4.282447397708892822e-01
3.841760754585266113e-01
-9.325913153588771820e-03
4.380044341087341309e-01
3.436952829360961914e-01
-1.156358607113361359e-02
4.418388307094573975e-01
3.124949932098388672e-01
-1.334661804139614105e-02
4.648967683315277100e-01
3.569871485233306885e-01
-1.071062311530113220e-02
4.884346723556518555e-01
2.999043464660644531e-01
-1.866612769663333893e-02
5.052353739738464355e-01
2.695453763008117676e-01
-2.378078363835811615e-02
5.197891592979431152e-01
2.480355948209762573e-01
-2.580047771334648132e-02
4.883664846420288086e-01
3.703726828098297119e-01
-1.168979611247777939e-02
5.118278861045837402e-01
3.106120228767395020e-01
-1.643428765237331390e-02
5.286136269569396973e-01
2.749990820884704590e-01
-1.987732015550136566e-02
5.436986088752746582e-01
2.485627532005310059e-01
-2.189446054399013519e-02
5.055180788040161133e-01
3.869770765304565430e-01
-1.300427224487066269e-02
5.250796675682067871e-01
3.328149020671844482e-01
-1.676809415221214294e-02
5.374277830123901367e-01
2.984023392200469971e-01
-1.833527721464633942e-02
5.488739013671875000e-01
2.727523446083068848e-01
-1.906418055295944214e-02
5.170129537582397461e-01
4.040437936782836914e-01
-1.477756071835756302e-02
5.315561294555664062e-01
3.595314323902130127e-01
-1.741407811641693115e-02
5.400663018226623535e-01
3.314288854598999023e-01
-1.608563773334026337e-02
5.476164817810058594e-01
3.088616728782653809e-01
-1.408967748284339905e-02
