4.511336982250213623e-01
4.729673266410827637e-01
1.511116636265796842e-07
4.256362020969390869e-01
4.277714490890502930e-01
-5.274713039398193359e-03
4.272283315658569336e-01
3.748830556869506836e-01
-5.851694848388433456e-03
4.376341104507446289e-01
3.348480463027954102e-01
-4.945434629917144775e-03
4.402713179588317871e-01
3.036914765834808350e-01
-2.878800500184297562e-03
4.654697775840759277e-01
3.490346074104309082e-01
-5.121977999806404114e-03
4.870557487010955811e-01
2.963242828845977783e-01
-8.788838051259517670e-03
5.017290711402893066e-01
2.708459496498107910e-01
-1.083728577941656113e-02
5.138705968856811523e-01
2.547257840633392334e-01
-1.097406260669231415e-02
4.878984093666076660e-01
3.640415370464324951e-01
-4.300653003156185150e-03
5.078404545783996582e-01
3.088477253913879395e-01
-5.150016862899065018e-03
5.208941102027893066e-01
2.799574732780456543e-01
-5.745507311075925827e-03
5.328524112701416016e-01
2.599501311779022217e-01
-5.956967826932668686e-03
5.034941434860229492e-01
3.807057142257690430e-01
-3.914821427315473557e-03
5.207116603851318359e-01
3.308591544628143311e-01
-5.018086172640323639e-03
5.312964916229248047e-01
3.017677664756774902e-01
-4.181101918220520020e-03
5.413538813591003418e-01
2.806242704391479492e-01
-3.124049166217446327e-03
5.124150514602661133e-01
3.951244652271270752e-01
-3.980111796408891678e-03
5.248748660087585449e-01
3.523261845111846924e-01
-4.211752209812402725e-03
5.321741104125976562e-01
3.270527124404907227e-01
-1.212445436976850033e-03
5.387936234474182129e-01
3.081307411193847656e-01
1.968896249309182167e-03
