3.822423815727233887e-01
7.937993407249450684e-01
4.963292781212658156e-07
3.456923663616180420e-01
7.225768566131591797e-01
-3.748032078146934509e-02
3.609209954738616943e-01
6.563614606857299805e-01
-5.423314496874809265e-02
4.040960669517517090e-01
6.145812869071960449e-01
-6.268978118896484375e-02
4.388164281845092773e-01
5.814533233642578125e-01
-6.983170658349990845e-02
4.384048581123352051e-01
6.579660773277282715e-01
-4.801663383841514587e-02
4.918867051601409912e-01
6.186233162879943848e-01
-6.875538825988769531e-02
5.307894349098205566e-01
6.068019866943359375e-01
-8.348793536424636841e-02
5.654643774032592773e-01
6.044130921363830566e-01
-9.190875291824340820e-02
4.674138724803924561e-01
6.812872886657714844e-01
-3.617207333445549011e-02
5.222247838973999023e-01
6.403444409370422363e-01
-5.079729855060577393e-02
5.643121600151062012e-01
6.210428476333618164e-01
-6.067929416894912720e-02
6.023650765419006348e-01
6.143745183944702148e-01
-6.851293146610260010e-02
4.826689958572387695e-01
6.997801661491394043e-01
-2.686062827706336975e-02
5.326311588287353516e-01
6.597684621810913086e-01
-4.133865237236022949e-02
5.693568587303161621e-01
6.395265460014343262e-01
-5.097406357526779175e-02
6.028931140899658203e-01
6.322419643402099609e-01
-5.743830278515815735e-02
4.892213344573974609e-01
7.134329080581665039e-01
-2.035139687359333038e-02
5.315110087394714355e-01
6.824957728385925293e-01
-3.413138538599014282e-02
5.603346824645996094e-01
6.683281064033508301e-01
-4.226490110158920288e-02
5.856544971466064453e-01
6.602109074592590332e-01
-4.727272689342498779e-02
