4.764655828475952148e-01
4.944804310798645020e-01
1.904097217675371212e-07
4.472328424453735352e-01
4.537994861602783203e-01
-9.870455600321292877e-03
4.426145553588867188e-01
4.015383720397949219e-01
-1.502362638711929321e-02
4.530453085899353027e-01
3.576140105724334717e-01
-1.831413991749286652e-02
4.573008120059967041e-01
3.237056136131286621e-01
-2.097695693373680115e-02
4.850758910179138184e-01
3.761905133724212646e-01
-1.747958362102508545e-02
5.101653933525085449e-01
3.185137212276458740e-01
-2.740658819675445557e-02
5.300015807151794434e-01
2.867699265480041504e-01
-3.324076160788536072e-02
5.461845993995666504e-01
2.649725377559661865e-01
-3.548119962215423584e-02
5.102688670158386230e-01
3.888757824897766113e-01
-1.673197187483310699e-02
5.336747765541076660e-01
3.311333060264587402e-01
-2.287944592535495758e-02
5.490042567253112793e-01
2.979801595211029053e-01
-2.586949616670608521e-02
5.617976188659667969e-01
2.725343406200408936e-01
-2.744712494313716888e-02
5.284083485603332520e-01
4.025578498840332031e-01
-1.637924648821353912e-02
5.474613904953002930e-01
3.491940796375274658e-01
-2.119310386478900909e-02
5.579220652580261230e-01
3.153393864631652832e-01
-2.103376761078834534e-02
5.668915510177612305e-01
2.900950312614440918e-01
-2.002152986824512482e-02
5.397261977195739746e-01
4.146470129489898682e-01
-1.688536256551742554e-02
5.538468956947326660e-01
3.683955967426300049e-01
-1.999428123235702515e-02
5.608615875244140625e-01
3.392488956451416016e-01
-1.775538362562656403e-02
5.658653378486633301e-01
3.164397180080413818e-01
-1.466598361730575562e-02
