3.658642768859863281e-01
8.567575216293334961e-01
4.321600215462240158e-07
3.335469663143157959e-01
8.007904887199401855e-01
-3.892561420798301697e-02
3.311345875263214111e-01
7.428246140480041504e-01
-6.184428930282592773e-02
3.532030582427978516e-01
6.987932920455932617e-01
-7.745767384767532349e-02
3.774709999561309814e-01
6.592417359352111816e-01
-9.144420176744461060e-02
4.091390073299407959e-01
7.326904535293579102e-01
-5.557981133460998535e-02
4.608660042285919189e-01
6.761450171470642090e-01
-8.081077039241790771e-02
4.980665445327758789e-01
6.518555879592895508e-01
-9.696474671363830566e-02
5.303112864494323730e-01
6.393581032752990723e-01
-1.054597049951553345e-01
4.379508793354034424e-01
7.604647874832153320e-01
-4.661289229989051819e-02
4.901115298271179199e-01
6.998530626296997070e-01
-6.609856337308883667e-02
5.285199284553527832e-01
6.687369346618652344e-01
-7.748465985059738159e-02
5.624467730522155762e-01
6.499798297882080078e-01
-8.505668491125106812e-02
4.550876617431640625e-01
7.804661393165588379e-01
-4.013085365295410156e-02
5.007297992706298828e-01
7.234399318695068359e-01
-5.653514713048934937e-02
5.353407263755798340e-01
6.918223500251770020e-01
-6.420213729143142700e-02
5.664800405502319336e-01
6.728779673576354980e-01
-6.841115653514862061e-02
4.633537530899047852e-01
7.921230792999267578e-01
-3.656817972660064697e-02
5.006952285766601562e-01
7.456114292144775391e-01
-5.034308880567550659e-02
5.279153585433959961e-01
7.195881605148315430e-01
-5.526932328939437866e-02
5.523979067802429199e-01
7.007529139518737793e-01
-5.717526003718376160e-02
