4.664111435413360596e-01
4.884875416755676270e-01
1.605111350500010303e-07
4.392899572849273682e-01
4.476217925548553467e-01
-8.001870475709438324e-03
4.385375976562500000e-01
3.936067223548889160e-01
-1.171366777271032333e-02
4.489895403385162354e-01
3.508363366127014160e-01
-1.382221560925245285e-02
4.516921639442443848e-01
3.172711431980133057e-01
-1.526442077010869980e-02
4.773096740245819092e-01
3.690577745437622070e-01
-1.361734326928853989e-02
4.995097219944000244e-01
3.130294382572174072e-01
-2.145546860992908478e-02
5.156675577163696289e-01
2.823128700256347656e-01
-2.596319653093814850e-02
5.288237929344177246e-01
2.611942291259765625e-01
-2.743901312351226807e-02
5.006864666938781738e-01
3.822453916072845459e-01
-1.338708028197288513e-02
5.205955505371093750e-01
3.222870230674743652e-01
-1.834610104560852051e-02
5.346205830574035645e-01
2.876997292041778564e-01
-2.083186246454715729e-02
5.473633408546447754e-01
2.625949382781982422e-01
-2.172083966434001923e-02
5.173441171646118164e-01
3.980385661125183105e-01
-1.348406821489334106e-02
5.339493751525878906e-01
3.439023196697235107e-01
-1.787828654050827026e-02
5.447618961334228516e-01
3.085777461528778076e-01
-1.841867342591285706e-02
5.554202795028686523e-01
2.827547788619995117e-01
-1.773523725569248199e-02
5.277006030082702637e-01
4.135615825653076172e-01
-1.415417995303869247e-02
5.399379730224609375e-01
3.685890734195709229e-01
-1.716963388025760651e-02
5.469366312026977539e-01
3.387897908687591553e-01
-1.520613580942153931e-02
5.530651211738586426e-01
3.164117634296417236e-01
-1.220770087093114853e-02
