4.755556285381317139e-01
5.218637585639953613e-01
2.492904798145900713e-07
4.460661411285400391e-01
4.777808189392089844e-01
-1.132864970713853836e-02
4.435783326625823975e-01
4.272492527961730957e-01
-1.725510135293006897e-02
4.573966264724731445e-01
3.845418691635131836e-01
-2.086311392486095428e-02
4.601192474365234375e-01
3.497205674648284912e-01
-2.399499900639057159e-02
4.888117015361785889e-01
3.939706683158874512e-01
-1.680751889944076538e-02
5.137870311737060547e-01
3.384341001510620117e-01
-2.578696794807910919e-02
5.320860743522644043e-01
3.069373965263366699e-01
-3.203858807682991028e-02
5.475872755050659180e-01
2.836241126060485840e-01
-3.520529717206954956e-02
5.148848295211791992e-01
4.094601869583129883e-01
-1.610049977898597717e-02
5.410193204879760742e-01
3.511100411415100098e-01
-2.162288315594196320e-02
5.588011741638183594e-01
3.153907060623168945e-01
-2.633411809802055359e-02
5.742978453636169434e-01
2.879662215709686279e-01
-2.969121001660823822e-02
5.325062274932861328e-01
4.271142184734344482e-01
-1.602693088352680206e-02
5.542832016944885254e-01
3.726037442684173584e-01
-2.141410484910011292e-02
5.687581300735473633e-01
3.375140428543090820e-01
-2.532302960753440857e-02
5.807648897171020508e-01
3.105942606925964355e-01
-2.783078700304031372e-02
5.432590246200561523e-01
4.434243738651275635e-01
-1.674564182758331299e-02
5.601195693016052246e-01
4.002802968025207520e-01
-2.107417955994606018e-02
5.695911645889282227e-01
3.734990358352661133e-01
-2.182517945766448975e-02
5.776413679122924805e-01
3.517852425575256348e-01
-2.155286446213722229e-02
