4.634537696838378906e-01
5.207899808883666992e-01
2.656700530678790528e-07
4.397109746932983398e-01
4.740079641342163086e-01
-7.887303829193115234e-03
4.387460350990295410e-01
4.224610924720764160e-01
-1.271637994796037674e-02
4.500928521156311035e-01
3.822279572486877441e-01
-1.628578081727027893e-02
4.537893831729888916e-01
3.502002358436584473e-01
-1.955649256706237793e-02
4.812387526035308838e-01
3.906180858612060547e-01
-1.375469844788312912e-02
5.077495574951171875e-01
3.355395197868347168e-01
-2.312298119068145752e-02
5.273560881614685059e-01
3.052837848663330078e-01
-2.945689484477043152e-02
5.445427894592285156e-01
2.842983603477478027e-01
-3.252476081252098083e-02
5.051701664924621582e-01
4.063255488872528076e-01
-1.504767034202814102e-02
5.320859551429748535e-01
3.497346341609954834e-01
-2.087888680398464203e-02
5.504377484321594238e-01
3.150988817214965820e-01
-2.601827308535575867e-02
5.667843222618103027e-01
2.889394760131835938e-01
-2.974397875368595123e-02
5.219915509223937988e-01
4.256922006607055664e-01
-1.682241261005401611e-02
5.464156270027160645e-01
3.748236298561096191e-01
-2.203805558383464813e-02
5.611282587051391602e-01
3.405330777168273926e-01
-2.597644366323947906e-02
5.735429525375366211e-01
3.140845894813537598e-01
-2.864019200205802917e-02
5.320439934730529785e-01
4.449890255928039551e-01
-1.916442997753620148e-02
5.505541563034057617e-01
4.048865735530853271e-01
-2.303295023739337921e-02
5.605839490890502930e-01
3.780575096607208252e-01
-2.354709059000015259e-02
5.692288279533386230e-01
3.559826016426086426e-01
-2.321019396185874939e-02
