4.801578819751739502e-01
6.153979897499084473e-01
2.322108088037566631e-07
4.530064463615417480e-01
5.715566277503967285e-01
-1.707672141492366791e-02
4.575552344322204590e-01
5.225735902786254883e-01
-2.782158367335796356e-02
4.769409298896789551e-01
4.850738048553466797e-01
-3.511382639408111572e-02
4.833368062973022461e-01
4.522220194339752197e-01
-4.216653481125831604e-02
5.011484026908874512e-01
5.130005478858947754e-01
-3.392653539776802063e-02
5.360427498817443848e-01
4.603328704833984375e-01
-4.745168983936309814e-02
5.597774386405944824e-01
4.364134967327117920e-01
-5.416891723871231079e-02
5.805993080139160156e-01
4.201347231864929199e-01
-5.691077932715415955e-02
5.254464149475097656e-01
5.337539315223693848e-01
-3.161426261067390442e-02
5.613726377487182617e-01
4.821272790431976318e-01
-4.131593555212020874e-02
5.857009291648864746e-01
4.524047970771789551e-01
-4.609503597021102905e-02
6.063367724418640137e-01
4.317715466022491455e-01
-4.941550269722938538e-02
5.408040285110473633e-01
5.532223582267761230e-01
-2.961968258023262024e-02
5.719951987266540527e-01
5.045770406723022461e-01
-3.786066919565200806e-02
5.919888615608215332e-01
4.754168093204498291e-01
-4.165964946150779724e-02
6.089678406715393066e-01
4.554300308227539062e-01
-4.387415200471878052e-02
5.495463013648986816e-01
5.677691698074340820e-01
-2.854662016034126282e-02
5.745931863784790039e-01
5.286692380905151367e-01
-3.467662259936332703e-02
5.909739136695861816e-01
5.034765005111694336e-01
-3.613084927201271057e-02
6.041869521141052246e-01
4.840651750564575195e-01
-3.644852340221405029e-02
