4.603500068187713623e-01
7.330048680305480957e-01
3.898426825799106155e-07
4.176084995269775391e-01
6.644380092620849609e-01
-2.192374132573604584e-02
4.217588305473327637e-01
5.898571014404296875e-01
-3.205434605479240417e-02
4.544083476066589355e-01
5.323017239570617676e-01
-3.733273223042488098e-02
4.763906300067901611e-01
4.857667088508605957e-01
-4.061255604028701782e-02
4.947761297225952148e-01
5.564345717430114746e-01
-2.744070626795291901e-02
5.393922924995422363e-01
4.806468784809112549e-01
-4.138719290494918823e-02
5.705282688140869141e-01
4.421307444572448730e-01
-5.043892562389373779e-02
5.973293185234069824e-01
4.159353971481323242e-01
-5.408988893032073975e-02
5.276589393615722656e-01
5.777493119239807129e-01
-2.119485661387443542e-02
5.713130831718444824e-01
4.992896914482116699e-01
-2.983672171831130981e-02
5.988135337829589844e-01
4.548987448215484619e-01
-3.425363451242446899e-02
6.244780421257019043e-01
4.224390983581542969e-01
-3.618792444467544556e-02
5.494982004165649414e-01
6.001147627830505371e-01
-1.638612709939479828e-02
5.856202244758605957e-01
5.259789228439331055e-01
-2.294918149709701538e-02
6.091835498809814453e-01
4.817174673080444336e-01
-2.347568050026893616e-02
6.308949589729309082e-01
4.508706033229827881e-01
-2.243494242429733276e-02
5.622825622558593750e-01
6.224014759063720703e-01
-1.356986165046691895e-02
5.906165838241577148e-01
5.608113408088684082e-01
-1.598193310201168060e-02
6.069924235343933105e-01
5.265616178512573242e-01
-1.241809688508510590e-02
6.201649904251098633e-01
5.006692409515380859e-01
-8.038038387894630432e-03
