3.707359731197357178e-01
7.345193028450012207e-01
3.346238486301444937e-07
3.507578670978546143e-01
6.485146284103393555e-01
-1.158739105449058115e-04
3.694368600845336914e-01
5.760893821716308594e-01
-2.375761745497584343e-03
4.044567346572875977e-01
5.346624851226806641e-01
-5.026516504585742950e-03
4.307025074958801270e-01
5.189991593360900879e-01
-7.984955795109272003e-03
4.160602986812591553e-01
5.514149069786071777e-01
-1.225833501666784286e-02
4.651463329792022705e-01
4.689897894859313965e-01
-2.160628512501716614e-02
4.971430003643035889e-01
4.306674599647521973e-01
-2.633192762732505798e-02
5.234684944152832031e-01
4.048193395137786865e-01
-2.766651101410388947e-02
4.474008083343505859e-01
5.768645405769348145e-01
-1.722575910389423370e-02
4.971433281898498535e-01
4.864751398563385010e-01
-2.338110841810703278e-02
5.277165770530700684e-01
4.404659271240234375e-01
-2.636265195906162262e-02
5.532036423683166504e-01
4.102922677993774414e-01
-2.717549353837966919e-02
4.694296121597290039e-01
6.043089628219604492e-01
-2.159912697970867157e-02
5.115729570388793945e-01
5.213523507118225098e-01
-2.490124665200710297e-02
5.386890172958374023e-01
4.747534394264221191e-01
-2.635629102587699890e-02
5.609890222549438477e-01
4.434678852558135986e-01
-2.711861394345760345e-02
4.807530045509338379e-01
6.304363012313842773e-01
-2.611122652888298035e-02
5.116499066352844238e-01
5.684917569160461426e-01
-2.632814459502696991e-02
5.296625494956970215e-01
5.343832969665527344e-01
-2.259010635316371918e-02
5.452856421470642090e-01
5.088385939598083496e-01
-1.890284940600395203e-02
