4.612268209457397461e-01
5.439520478248596191e-01
3.304924121039221063e-07
4.437620639801025391e-01
4.916341304779052734e-01
-1.203227229416370392e-02
4.483989179134368896e-01
4.307849407196044922e-01
-1.884442195296287537e-02
4.616646766662597656e-01
3.876542150974273682e-01
-2.305832505226135254e-02
4.661704003810882568e-01
3.509272634983062744e-01
-2.646635286509990692e-02
4.803212881088256836e-01
4.353199601173400879e-01
-2.289994060993194580e-02
5.117917656898498535e-01
3.800784349441528320e-01
-3.357067331671714783e-02
5.332321524620056152e-01
3.474049568176269531e-01
-3.968361392617225647e-02
5.496688485145568848e-01
3.210678100585937500e-01
-4.233163222670555115e-02
5.020810365676879883e-01
4.546217322349548340e-01
-2.221655659377574921e-02
5.326741337776184082e-01
3.978739082813262939e-01
-2.959327585995197296e-02
5.538184642791748047e-01
3.587291836738586426e-01
-3.446812182664871216e-02
5.703049898147583008e-01
3.274571895599365234e-01
-3.773364797234535217e-02
5.185883641242980957e-01
4.712791740894317627e-01
-2.170605584979057312e-02
5.476295351982116699e-01
4.183501005172729492e-01
-2.832103706896305084e-02
5.664845108985900879e-01
3.802964687347412109e-01
-3.252917528152465820e-02
5.807479619979858398e-01
3.500589132308959961e-01
-3.467236459255218506e-02
5.302984714508056641e-01
4.847652912139892578e-01
-2.167431265115737915e-02
5.529442429542541504e-01
4.401021003723144531e-01
-2.729090675711631775e-02
5.673673748970031738e-01
4.076245427131652832e-01
-2.883356809616088867e-02
5.785166025161743164e-01
3.806186914443969727e-01
-2.880238741636276245e-02
