3.792775273323059082e-01
7.016511559486389160e-01
3.475381333828408970e-07
3.477672338485717773e-01
6.293596029281616211e-01
-1.208241004496812820e-02
3.589371740818023682e-01
5.613279938697814941e-01
-1.717856526374816895e-02
3.941371440887451172e-01
5.119233131408691406e-01
-1.910971850156784058e-02
4.169253706932067871e-01
4.769110381603240967e-01
-2.091339044272899628e-02
4.217692315578460693e-01
5.372296571731567383e-01
-2.319838106632232666e-02
4.719445109367370605e-01
4.713937044143676758e-01
-3.338841348886489868e-02
5.040191411972045898e-01
4.388147592544555664e-01
-3.926906734704971313e-02
5.299029946327209473e-01
4.150909781455993652e-01
-4.173396900296211243e-02
4.533273875713348389e-01
5.685399770736694336e-01
-2.174617350101470947e-02
5.053427815437316895e-01
4.955257773399353027e-01
-2.748379297554492950e-02
5.378640890121459961e-01
4.549152851104736328e-01
-3.113088756799697876e-02
5.647966861724853516e-01
4.263746738433837891e-01
-3.352488949894905090e-02
4.720604419708251953e-01
5.995461344718933105e-01
-2.059572376310825348e-02
5.151737928390502930e-01
5.310221910476684570e-01
-2.591501362621784210e-02
5.436795353889465332e-01
4.893809556961059570e-01
-3.031591139733791351e-02
5.672012567520141602e-01
4.603278040885925293e-01
-3.341142460703849792e-02
4.808383285999298096e-01
6.263902187347412109e-01
-2.014137245714664459e-02
5.136910080909729004e-01
5.751606822013854980e-01
-2.455376461148262024e-02
5.335776209831237793e-01
5.438294410705566406e-01
-2.547500841319561005e-02
5.507594347000122070e-01
5.193556547164916992e-01
-2.531304396688938141e-02
