3.770084381103515625e-01
7.666142582893371582e-01
6.101070084696402773e-07
3.476965129375457764e-01
7.029668092727661133e-01
-3.952289000153541565e-02
3.629180192947387695e-01
6.367986202239990234e-01
-5.865516513586044312e-02
4.004984498023986816e-01
5.936397314071655273e-01
-6.956018507480621338e-02
4.319502115249633789e-01
5.583773851394653320e-01
-7.921873778104782104e-02
4.282713234424591064e-01
6.252487897872924805e-01
-5.255290865898132324e-02
4.861443638801574707e-01
5.766884684562683105e-01
-7.870537042617797852e-02
5.332627892494201660e-01
5.565472841262817383e-01
-9.755095094442367554e-02
5.725203752517700195e-01
5.494582056999206543e-01
-1.073094680905342102e-01
4.552715122699737549e-01
6.499049663543701172e-01
-3.957960382103919983e-02
5.098816156387329102e-01
6.009520292282104492e-01
-5.991959199309349060e-02
5.547461509704589844e-01
5.755574703216552734e-01
-7.395329326391220093e-02
5.936453938484191895e-01
5.639273524284362793e-01
-8.340719342231750488e-02
4.741950631141662598e-01
6.693220734596252441e-01
-2.894230931997299194e-02
5.231202840805053711e-01
6.228828430175781250e-01
-4.631542786955833435e-02
5.610098838806152344e-01
5.962373018264770508e-01
-5.704569071531295776e-02
5.950508117675781250e-01
5.844173431396484375e-01
-6.328499317169189453e-02
4.846909940242767334e-01
6.833575963973999023e-01
-2.115233615040779114e-02
5.242732167243957520e-01
6.443669199943542480e-01
-3.578919172286987305e-02
5.558278560638427734e-01
6.220267415046691895e-01
-4.367133229970932007e-02
5.844424962997436523e-01
6.091606616973876953e-01
-4.780516400933265686e-02
