4.667841792106628418e-01
4.453202486038208008e-01
1.710152019995803130e-07
4.448814690113067627e-01
4.074120521545410156e-01
-9.733770973980426788e-03
4.520515203475952148e-01
3.677222132682800293e-01
-1.271015033125877380e-02
4.708900451660156250e-01
3.421118259429931641e-01
-1.391778793185949326e-02
4.827680289745330811e-01
3.265083134174346924e-01
-1.443361956626176834e-02
4.734649658203125000e-01
3.347858488559722900e-01
-1.060383580625057220e-02
4.873707890510559082e-01
2.866288125514984131e-01
-1.750657148659229279e-02
4.976526498794555664e-01
2.560635209083557129e-01
-2.189788222312927246e-02
5.069221258163452148e-01
2.342294752597808838e-01
-2.414792962372303009e-02
4.934849739074707031e-01
3.441781997680664062e-01
-9.889539331197738647e-03
5.065518617630004883e-01
2.923198342323303223e-01
-1.668583974242210388e-02
5.164372324943542480e-01
2.571287751197814941e-01
-2.090506441891193390e-02
5.262557864189147949e-01
2.297588735818862915e-01
-2.272444218397140503e-02
5.074504613876342773e-01
3.569860160350799561e-01
-1.007507182657718658e-02
5.195544958114624023e-01
3.135814070701599121e-01
-1.588603109121322632e-02
5.267452597618103027e-01
2.833661437034606934e-01
-1.891290396451950073e-02
5.338940620422363281e-01
2.611345052719116211e-01
-1.990876160562038422e-02
5.157858729362487793e-01
3.720178008079528809e-01
-1.124553941190242767e-02
5.244336128234863281e-01
3.394405543804168701e-01
-1.459454838186502457e-02
5.282592177391052246e-01
3.168140649795532227e-01
-1.461262255907058716e-02
5.322099328041076660e-01
2.996532917022705078e-01
-1.350327115505933762e-02
