3.821272253990173340e-01
7.946010828018188477e-01
4.921320737594214734e-07
3.462482094764709473e-01
7.219409346580505371e-01
-3.807306662201881409e-02
3.609356880187988281e-01
6.549103856086730957e-01
-5.559654906392097473e-02
4.051463007926940918e-01
6.134990453720092773e-01
-6.467386335134506226e-02
4.397947788238525391e-01
5.813744068145751953e-01
-7.283050566911697388e-02
4.350032210350036621e-01
6.627396941184997559e-01
-5.352517217397689819e-02
4.883918464183807373e-01
6.209061741828918457e-01
-7.630523294210433960e-02
5.281541943550109863e-01
6.069449186325073242e-01
-9.221869707107543945e-02
5.637645125389099121e-01
6.025958061218261719e-01
-1.013642624020576477e-01
4.643465876579284668e-01
6.852384805679321289e-01
-4.164362698793411255e-02
5.202935934066772461e-01
6.409049630165100098e-01
-5.807469040155410767e-02
5.625970363616943359e-01
6.199368834495544434e-01
-6.867332011461257935e-02
6.010479927062988281e-01
6.121066212654113770e-01
-7.699018716812133789e-02
4.807661473751068115e-01
7.038596868515014648e-01
-3.199214860796928406e-02
5.307778716087341309e-01
6.611598730087280273e-01
-4.698238521814346313e-02
5.680919289588928223e-01
6.383540034294128418e-01
-5.708713829517364502e-02
6.022635698318481445e-01
6.300492286682128906e-01
-6.407041102647781372e-02
4.884096384048461914e-01
7.189182043075561523e-01
-2.515847235918045044e-02
5.307396054267883301e-01
6.854674220085144043e-01
-3.901094198226928711e-02
5.596912503242492676e-01
6.696792840957641602e-01
-4.734950512647628784e-02
5.852448344230651855e-01
6.610906720161437988e-01
-5.273897945880889893e-02
