4.553713798522949219e-01
7.159788608551025391e-01
2.640793468344782013e-07
4.142309427261352539e-01
6.390435695648193359e-01
-1.170849986374378204e-02
4.244661927223205566e-01
5.591171979904174805e-01
-1.283677201718091965e-02
4.602736830711364746e-01
5.004302859306335449e-01
-1.097642350941896439e-02
4.813819527626037598e-01
4.588134884834289551e-01
-6.839554756879806519e-03
4.968612790107727051e-01
5.288631916046142578e-01
-3.253286238759756088e-03
5.397891998291015625e-01
4.607101976871490479e-01
-5.672183819115161896e-03
5.682262778282165527e-01
4.294118583202362061e-01
-8.274696767330169678e-03
5.921115875244140625e-01
4.104075431823730469e-01
-8.636531420052051544e-03
5.280225872993469238e-01
5.545635223388671875e-01
1.774940872564911842e-03
5.671671628952026367e-01
4.843296706676483154e-01
3.751928918063640594e-03
5.892729759216308594e-01
4.481657743453979492e-01
3.350847167894244194e-03
6.111768484115600586e-01
4.234168231487274170e-01
3.392579266801476479e-03
5.475455522537231445e-01
5.796253085136413574e-01
5.566818639636039734e-03
5.792328119277954102e-01
5.122554302215576172e-01
6.744399666786193848e-03
5.976573824882507324e-01
4.748696684837341309e-01
8.305763825774192810e-03
6.147395372390747070e-01
4.489750862121582031e-01
9.765044786036014557e-03
5.582338571548461914e-01
6.014864444732666016e-01
8.015912957489490509e-03
5.823484063148498535e-01
5.440469980239868164e-01
1.125526428222656250e-02
5.942087173461914062e-01
5.116976499557495117e-01
1.648753881454467773e-02
6.037714481353759766e-01
4.875238835811614990e-01
2.129817567765712738e-02
