4.309822916984558105e-01
6.676250696182250977e-01
2.904576774653833127e-07
3.949532806873321533e-01
5.903759002685546875e-01
-2.547295065596699715e-03
4.037868082523345947e-01
5.220305323600769043e-01
3.962368064094334841e-04
4.380512535572052002e-01
4.925068616867065430e-01
4.857167135924100876e-03
4.609286785125732422e-01
4.851503968238830566e-01
9.697674773633480072e-03
4.661185443401336670e-01
4.979016184806823730e-01
9.414353989996016026e-04
5.037533044815063477e-01
4.348683059215545654e-01
3.640765091404318810e-03
5.268760919570922852e-01
4.036607742309570312e-01
6.464225705713033676e-03
5.445577502250671387e-01
3.825386166572570801e-01
9.680300951004028320e-03
4.985948503017425537e-01
5.214756131172180176e-01
3.349765436723828316e-03
5.362097024917602539e-01
4.546572566032409668e-01
7.299112621694803238e-03
5.562248229980468750e-01
4.195198714733123779e-01
1.016266830265522003e-02
5.730232000350952148e-01
3.956077098846435547e-01
1.365563459694385529e-02
5.186465978622436523e-01
5.451990962028503418e-01
5.606174468994140625e-03
5.497480034828186035e-01
4.834911525249481201e-01
8.590597659349441528e-03
5.680555105209350586e-01
4.475666582584381104e-01
9.674084372818470001e-03
5.834919810295104980e-01
4.228403568267822266e-01
1.176758762449026108e-02
5.273512601852416992e-01
5.637384057044982910e-01
7.781649474054574966e-03
5.528588294982910156e-01
5.108734369277954102e-01
1.268593687564134598e-02
5.680010914802551270e-01
4.814850389957427979e-01
1.781981438398361206e-02
5.814503431320190430e-01
4.607914090156555176e-01
2.291648834943771362e-02
