4.759671688079833984e-01
4.951412975788116455e-01
2.360421689218128449e-07
4.466586112976074219e-01
4.538818597793579102e-01
-9.751752018928527832e-03
4.421616196632385254e-01
4.009573757648468018e-01
-1.463851612061262131e-02
4.516890645027160645e-01
3.578719496726989746e-01
-1.709291897714138031e-02
4.576010704040527344e-01
3.250721693038940430e-01
-1.849668845534324646e-02
4.857947230339050293e-01
3.750925064086914062e-01
-1.736881397664546967e-02
5.125588774681091309e-01
3.174339830875396729e-01
-2.624053694307804108e-02
5.325003862380981445e-01
2.863210439682006836e-01
-3.090595640242099762e-02
5.486203432083129883e-01
2.657133936882019043e-01
-3.217762708663940430e-02
5.113154649734497070e-01
3.898097872734069824e-01
-1.562687940895557404e-02
5.358627438545227051e-01
3.310799598693847656e-01
-2.079765871167182922e-02
5.516279935836791992e-01
2.975451648235321045e-01
-2.279465273022651672e-02
5.652551651000976562e-01
2.724509239196777344e-01
-2.361694909632205963e-02
5.292175412178039551e-01
4.040874838829040527e-01
-1.415541395545005798e-02
5.493345260620117188e-01
3.505815863609313965e-01
-1.823173835873603821e-02
5.610381364822387695e-01
3.174748718738555908e-01
-1.791086979210376740e-02
5.710647702217102051e-01
2.925289273262023926e-01
-1.672551967203617096e-02
5.393325090408325195e-01
4.157166779041290283e-01
-1.334639731794595718e-02
5.545651912689208984e-01
3.702009320259094238e-01
-1.585657335817813873e-02
5.625224709510803223e-01
3.421399593353271484e-01
-1.373607944697141647e-02
5.689426660537719727e-01
3.202092647552490234e-01
-1.072203088551759720e-02
