4.578468203544616699e-01
7.683942317962646484e-01
3.063527458380121971e-07
4.204688370227813721e-01
6.904144883155822754e-01
-8.124276064336299896e-03
4.300474524497985840e-01
6.030360460281372070e-01
-1.034524012356996536e-02
4.674383103847503662e-01
5.395588874816894531e-01
-1.141121610999107361e-02
4.882495999336242676e-01
4.936822950839996338e-01
-1.066429354250431061e-02
4.981251657009124756e-01
5.715759396553039551e-01
-9.795621037483215332e-03
5.523034930229187012e-01
4.965257048606872559e-01
-1.820506528019905090e-02
5.917360186576843262e-01
4.637008905410766602e-01
-2.422334440052509308e-02
6.235404014587402344e-01
4.448007345199584961e-01
-2.682692185044288635e-02
5.316281318664550781e-01
5.974037051200866699e-01
-9.195144288241863251e-03
5.679545998573303223e-01
5.223723053932189941e-01
-1.126474980264902115e-02
5.866788625717163086e-01
4.934568405151367188e-01
-1.195337716490030289e-02
6.030606031417846680e-01
4.800525903701782227e-01
-1.250959560275077820e-02
5.542938709259033203e-01
6.260219812393188477e-01
-9.259463287889957428e-03
5.820931196212768555e-01
5.562725663185119629e-01
-1.156350877135992050e-02
5.934796333312988281e-01
5.329490303993225098e-01
-6.388373207300901413e-03
6.029103398323059082e-01
5.238613486289978027e-01
-2.150960965082049370e-03
5.705690979957580566e-01
6.523933410644531250e-01
-1.053310371935367584e-02
5.985565185546875000e-01
5.937917232513427734e-01
-1.125446893274784088e-02
6.101090908050537109e-01
5.706726908683776855e-01
-4.620577208697795868e-03
6.179913282394409180e-01
5.584842562675476074e-01
2.212958410382270813e-03
