4.609604477882385254e-01
7.292512655258178711e-01
3.369317482793121599e-07
4.190116524696350098e-01
6.572499275207519531e-01
-2.197581715881824493e-02
4.282941520214080811e-01
5.802573561668395996e-01
-2.925708517432212830e-02
4.620241224765777588e-01
5.214887857437133789e-01
-3.126101568341255188e-02
4.799546301364898682e-01
4.730237126350402832e-01
-3.084646724164485931e-02
5.034351348876953125e-01
5.528593063354492188e-01
-2.169058844447135925e-02
5.420920848846435547e-01
4.771401882171630859e-01
-3.171082958579063416e-02
5.691674947738647461e-01
4.394639134407043457e-01
-3.888816386461257935e-02
5.939432978630065918e-01
4.133018553256988525e-01
-4.171274974942207336e-02
5.346671938896179199e-01
5.739079713821411133e-01
-1.326679345220327377e-02
5.727236270904541016e-01
4.947383701801300049e-01
-1.840219087898731232e-02
5.955191850662231445e-01
4.502268433570861816e-01
-2.209283225238323212e-02
6.192288398742675781e-01
4.168126583099365234e-01
-2.412170358002185822e-02
5.531899333000183105e-01
5.932485461235046387e-01
-6.384801585227251053e-03
5.856858491897583008e-01
5.197857618331909180e-01
-1.073831319808959961e-02
6.051520109176635742e-01
4.782041013240814209e-01
-1.143313478678464890e-02
6.244991421699523926e-01
4.479756653308868408e-01
-1.096372120082378387e-02
5.612550973892211914e-01
6.090713739395141602e-01
-1.445964444428682327e-03
5.867038369178771973e-01
5.485110878944396973e-01
-2.531239530071616173e-03
6.004733443260192871e-01
5.155245661735534668e-01
5.638883449137210846e-04
6.122467517852783203e-01
4.893872737884521484e-01
4.166318103671073914e-03
