4.539009332656860352e-01
6.980260610580444336e-01
3.095087208748736884e-07
4.146488308906555176e-01
6.208680272102355957e-01
-1.034234650433063507e-02
4.235627055168151855e-01
5.437368750572204590e-01
-1.073618419468402863e-02
4.578299522399902344e-01
4.861373901367187500e-01
-8.064572699368000031e-03
4.783130884170532227e-01
4.458492398262023926e-01
-3.022361546754837036e-03
4.933211803436279297e-01
5.133885145187377930e-01
-3.225255291908979416e-03
5.385767817497253418e-01
4.441359639167785645e-01
-4.405801184475421906e-03
5.669164061546325684e-01
4.147046208381652832e-01
-5.218569654971361160e-03
5.908039808273315430e-01
3.965494036674499512e-01
-4.031405784189701080e-03
5.231686830520629883e-01
5.397364497184753418e-01
2.608667127788066864e-03
5.641754865646362305e-01
4.687357544898986816e-01
5.246170796453952789e-03
5.866951942443847656e-01
4.342544674873352051e-01
6.896999664604663849e-03
6.082575321197509766e-01
4.105443954467773438e-01
8.448611013591289520e-03
5.418313741683959961e-01
5.660458207130432129e-01
7.475823163986206055e-03
5.750437378883361816e-01
4.986062049865722656e-01
9.461517445743083954e-03
5.939812660217285156e-01
4.633880257606506348e-01
1.252315379679203033e-02
6.109881997108459473e-01
4.390538930892944336e-01
1.516499929130077362e-02
5.513001680374145508e-01
5.880497097969055176e-01
1.130605023354291916e-02
5.760589241981506348e-01
5.298657417297363281e-01
1.609978266060352325e-02
5.885679721832275391e-01
4.990305304527282715e-01
2.255211025476455688e-02
5.986633300781250000e-01
4.769201278686523438e-01
2.814041636884212494e-02
