3.933144211769104004e-01
7.720563411712646484e-01
2.457874757055833470e-07
3.619938194751739502e-01
7.030248641967773438e-01
-1.668163947761058807e-02
3.598483502864837646e-01
6.377136111259460449e-01
-2.976692467927932739e-02
3.802544474601745605e-01
5.789774060249328613e-01
-3.985474258661270142e-02
3.931785225868225098e-01
5.323490500450134277e-01
-4.917148873209953308e-02
4.271918237209320068e-01
6.186960935592651367e-01
-3.441543504595756531e-02
4.754015803337097168e-01
5.408644676208496094e-01
-5.008129402995109558e-02
5.045702457427978516e-01
5.005515217781066895e-01
-5.870505049824714661e-02
5.274472236633300781e-01
4.707884788513183594e-01
-6.231793388724327087e-02
4.593702256679534912e-01
6.457949280738830566e-01
-3.340115770697593689e-02
5.048719644546508789e-01
5.588983893394470215e-01
-4.352040961384773254e-02
5.304802656173706055e-01
5.100160837173461914e-01
-4.771867394447326660e-02
5.501785278320312500e-01
4.752680063247680664e-01
-5.021858215332031250e-02
4.815100729465484619e-01
6.709258556365966797e-01
-3.271328657865524292e-02
5.205459594726562500e-01
5.919635891914367676e-01
-4.005773365497589111e-02
5.437615513801574707e-01
5.461007952690124512e-01
-4.110808297991752625e-02
5.619055032730102539e-01
5.142942667007446289e-01
-4.150890186429023743e-02
4.960082471370697021e-01
6.916195154190063477e-01
-3.332153335213661194e-02
5.269773006439208984e-01
6.317461729049682617e-01
-3.874891623854637146e-02
5.452554225921630859e-01
5.978410243988037109e-01
-3.723043575882911682e-02
5.606563091278076172e-01
5.710074901580810547e-01
-3.468348830938339233e-02
