4.568000733852386475e-01
4.568671286106109619e-01
1.846682238237917772e-07
4.277912378311157227e-01
4.182200729846954346e-01
-9.796052239835262299e-03
4.224681556224822998e-01
3.702214360237121582e-01
-1.378349307924509048e-02
4.293814897537231445e-01
3.266405463218688965e-01
-1.554330810904502869e-02
4.284823834896087646e-01
2.950139045715332031e-01
-1.640245132148265839e-02
4.645994305610656738e-01
3.303467333316802979e-01
-1.020808145403862000e-02
4.847407937049865723e-01
2.804395556449890137e-01
-1.511810626834630966e-02
4.981758296489715576e-01
2.523470222949981689e-01
-1.896710507571697235e-02
5.095534324645996094e-01
2.311276495456695557e-01
-2.066554874181747437e-02
4.887434840202331543e-01
3.417748808860778809e-01
-7.387922145426273346e-03
5.064623355865478516e-01
2.881996035575866699e-01
-8.601034060120582581e-03
5.178586840629577637e-01
2.568491995334625244e-01
-9.587071835994720459e-03
5.282716155052185059e-01
2.333668172359466553e-01
-1.030456554144620895e-02
5.050876140594482422e-01
3.584212660789489746e-01
-5.232960917055606842e-03
5.199636816978454590e-01
3.118542730808258057e-01
-6.354197394102811813e-03
5.300668478012084961e-01
2.818226814270019531e-01
-6.389502901583909988e-03
5.383793115615844727e-01
2.600037455558776855e-01
-6.295171566307544708e-03
5.151435136795043945e-01
3.760200738906860352e-01
-3.985951654613018036e-03
5.259383320808410645e-01
3.395663499832153320e-01
-4.203461110591888428e-03
5.322894454002380371e-01
3.171684741973876953e-01
-1.812825794331729412e-03
5.371780991554260254e-01
3.000932931900024414e-01
6.775626679882407188e-04
