4.517640769481658936e-01
7.294628024101257324e-01
2.641769185629527783e-07
4.080302417278289795e-01
6.514810323715209961e-01
-1.388164144009351730e-02
4.186021685600280762e-01
5.688218474388122559e-01
-1.565019600093364716e-02
4.549209773540496826e-01
5.089907646179199219e-01
-1.374527998268604279e-02
4.763055145740509033e-01
4.649718403816223145e-01
-9.685827419161796570e-03
4.938878118991851807e-01
5.457393527030944824e-01
-9.110733866691589355e-03
5.375942587852478027e-01
4.750010371208190918e-01
-1.391099300235509872e-02
5.677276253700256348e-01
4.417312145233154297e-01
-1.851052977144718170e-02
5.929638743400573730e-01
4.206799864768981934e-01
-1.991053111851215363e-02
5.262076854705810547e-01
5.750286579132080078e-01
-3.331526415422558784e-03
5.648783445358276367e-01
5.011126995086669922e-01
-3.531471360474824905e-03
5.901613235473632812e-01
4.607479870319366455e-01
-5.608259700238704681e-03
6.131412386894226074e-01
4.331525862216949463e-01
-6.580440793186426163e-03
5.458409786224365234e-01
6.018082499504089355e-01
1.286266488023102283e-03
5.775615572929382324e-01
5.300040841102600098e-01
-4.883929505012929440e-04
5.985223650932312012e-01
4.876127839088439941e-01
-1.529054949060082436e-03
6.166983842849731445e-01
4.567852616310119629e-01
-1.116951578296720982e-03
5.561192035675048828e-01
6.226765513420104980e-01
4.752798005938529968e-03
5.824685096740722656e-01
5.630471110343933105e-01
5.494615994393825531e-03
5.962502360343933105e-01
5.270202159881591797e-01
9.001551195979118347e-03
6.063150763511657715e-01
4.989075660705566406e-01
1.297273114323616028e-02
