4.474025070667266846e-01
4.612573087215423584e-01
1.847509025765248225e-07
4.203824102878570557e-01
4.179731011390686035e-01
-8.992927148938179016e-03
4.193161427974700928e-01
3.686631917953491211e-01
-1.239331811666488647e-02
4.305332005023956299e-01
3.257732987403869629e-01
-1.414891332387924194e-02
4.325566291809082031e-01
2.919658720493316650e-01
-1.495579350739717484e-02
4.612948894500732422e-01
3.342247307300567627e-01
-7.022046949714422226e-03
4.828513860702514648e-01
2.856139540672302246e-01
-1.186461746692657471e-02
4.973570704460144043e-01
2.590477466583251953e-01
-1.592372357845306396e-02
5.100756287574768066e-01
2.390576004981994629e-01
-1.789592392742633820e-02
4.850164651870727539e-01
3.464383482933044434e-01
-5.637864116579294205e-03
5.047040581703186035e-01
2.933462858200073242e-01
-7.225207518786191940e-03
5.179012417793273926e-01
2.618122398853302002e-01
-9.367525577545166016e-03
5.297976732254028320e-01
2.378403395414352417e-01
-1.099798269569873810e-02
5.008210539817810059e-01
3.625943362712860107e-01
-5.206961650401353836e-03
5.176489353179931641e-01
3.130894601345062256e-01
-7.339238189160823822e-03
5.286837816238403320e-01
2.823213934898376465e-01
-8.876668289303779602e-03
5.376014709472656250e-01
2.593955695629119873e-01
-9.847612120211124420e-03
5.102057456970214844e-01
3.786064088344573975e-01
-5.673752631992101669e-03
5.226340293884277344e-01
3.395215868949890137e-01
-6.736148148775100708e-03
5.296784639358520508e-01
3.161122202873229980e-01
-5.600592121481895447e-03
5.349612832069396973e-01
2.977876067161560059e-01
-4.166179802268743515e-03
