3.823371231555938721e-01
7.118751406669616699e-01
3.879593464262143243e-07
3.544663488864898682e-01
6.412922739982604980e-01
-1.075333077460527420e-02
3.649371862411499023e-01
5.719444155693054199e-01
-1.754127442836761475e-02
3.990762829780578613e-01
5.245965719223022461e-01
-2.181593142449855804e-02
4.247574806213378906e-01
4.999701976776123047e-01
-2.580523677170276642e-02
4.224562644958496094e-01
5.532618761062622070e-01
-2.348323538899421692e-02
4.733418226242065430e-01
4.919427931308746338e-01
-3.399303182959556580e-02
5.046455264091491699e-01
4.610379040241241455e-01
-3.957160189747810364e-02
5.281683206558227539e-01
4.394474625587463379e-01
-4.183283075690269470e-02
4.505429565906524658e-01
5.844173431396484375e-01
-2.294948510825634003e-02
4.987800717353820801e-01
5.215522646903991699e-01
-2.876286953687667847e-02
5.239374637603759766e-01
4.869980812072753906e-01
-3.058778680860996246e-02
5.416618585586547852e-01
4.643304347991943359e-01
-3.158705309033393860e-02
4.694536626338958740e-01
6.148383021354675293e-01
-2.256393246352672577e-02
5.122385025024414062e-01
5.564011931419372559e-01
-2.638132497668266296e-02
5.347207188606262207e-01
5.207908153533935547e-01
-2.560029737651348114e-02
5.509821176528930664e-01
4.986710250377655029e-01
-2.511050365865230560e-02
4.808279573917388916e-01
6.402882337570190430e-01
-2.303857728838920593e-02
5.135099887847900391e-01
5.924872756004333496e-01
-2.626871131360530853e-02
5.327578186988830566e-01
5.628492832183837891e-01
-2.421719767153263092e-02
5.489018559455871582e-01
5.412738919258117676e-01
-2.150513604283332825e-02
