4.348292350769042969e-01
6.719186305999755859e-01
3.027216450846026419e-07
3.952211737632751465e-01
6.028420925140380859e-01
-9.470230899751186371e-03
3.995350599288940430e-01
5.315239429473876953e-01
-1.040804665535688400e-02
4.317058622837066650e-01
4.766805171966552734e-01
-8.764479309320449829e-03
4.549484252929687500e-01
4.418941736221313477e-01
-5.353835877031087875e-03
4.683571457862854004e-01
4.963151514530181885e-01
2.122056204825639725e-03
5.049369335174560547e-01
4.346513748168945312e-01
3.854257985949516296e-03
5.281286239624023438e-01
4.046701192855834961e-01
4.260476678609848022e-03
5.467253923416137695e-01
3.851889073848724365e-01
5.530900787562131882e-03
5.001706480979919434e-01
5.188041329383850098e-01
6.300269160419702530e-03
5.386323332786560059e-01
4.552600681781768799e-01
1.134750060737133026e-02
5.602396130561828613e-01
4.214348793029785156e-01
1.270771864801645279e-02
5.793195366859436035e-01
3.979175090789794922e-01
1.398335304111242294e-02
5.202606916427612305e-01
5.421915650367736816e-01
9.138735942542552948e-03
5.531097650527954102e-01
4.827141463756561279e-01
1.256066001951694489e-02
5.721758008003234863e-01
4.489925503730773926e-01
1.402745489031076431e-02
5.884362459182739258e-01
4.245306253433227539e-01
1.530993543565273285e-02
5.310199856758117676e-01
5.632427930831909180e-01
1.096962392330169678e-02
5.580012798309326172e-01
5.127228498458862305e-01
1.576189324259757996e-02
5.733178853988647461e-01
4.846513867378234863e-01
2.071669884026050568e-02
5.863084793090820312e-01
4.634262323379516602e-01
2.503428235650062561e-02
