3.805098235607147217e-01
6.876950860023498535e-01
4.209194344184652437e-07
3.508296012878417969e-01
6.098734736442565918e-01
-9.237059392035007477e-03
3.645686507225036621e-01
5.425062179565429688e-01
-1.388406939804553986e-02
4.035782217979431152e-01
5.087025165557861328e-01
-1.563294976949691772e-02
4.323935806751251221e-01
4.964345097541809082e-01
-1.808374747633934021e-02
4.179806113243103027e-01
5.284069776535034180e-01
-2.677521482110023499e-02
4.625939428806304932e-01
4.593178629875183105e-01
-3.741179779171943665e-02
4.916747212409973145e-01
4.214948713779449463e-01
-4.263966530561447144e-02
5.150014162063598633e-01
3.947451114654541016e-01
-4.458191618323326111e-02
4.507870376110076904e-01
5.579629540443420410e-01
-2.661496028304100037e-02
4.979777336120605469e-01
4.795418977737426758e-01
-3.562334924936294556e-02
5.280325412750244141e-01
4.321427941322326660e-01
-3.944246470928192139e-02
5.509744882583618164e-01
4.012831449508666992e-01
-4.065719246864318848e-02
4.709855914115905762e-01
5.871561169624328613e-01
-2.594160847365856171e-02
5.114773511886596680e-01
5.163956880569458008e-01
-3.361094743013381958e-02
5.358773469924926758e-01
4.705634713172912598e-01
-3.841765969991683960e-02
5.545690655708312988e-01
4.397524297237396240e-01
-4.051949456334114075e-02
4.812757670879364014e-01
6.145312190055847168e-01
-2.536535635590553284e-02
5.137141942977905273e-01
5.661857724189758301e-01
-3.057845309376716614e-02
5.324783325195312500e-01
5.352766513824462891e-01
-3.059893473982810974e-02
5.479559898376464844e-01
5.123812556266784668e-01
-2.914432063698768616e-02
