3.836084306240081787e-01
7.480869293212890625e-01
3.583153329600463621e-07
3.527726829051971436e-01
6.818760633468627930e-01
-1.291653607040643692e-02
3.574933409690856934e-01
6.169341802597045898e-01
-2.324239723384380341e-02
3.836425542831420898e-01
5.644071102142333984e-01
-3.091153502464294434e-02
4.008350372314453125e-01
5.223805308341979980e-01
-3.800554946064949036e-02
4.194588065147399902e-01
5.943779945373535156e-01
-2.915307506918907166e-02
4.704703092575073242e-01
5.256903171539306641e-01
-4.254824295639991760e-02
5.009379982948303223e-01
4.882555902004241943e-01
-4.976071789860725403e-02
5.231292843818664551e-01
4.615066647529602051e-01
-5.230247601866722107e-02
4.490139186382293701e-01
6.226751804351806641e-01
-2.864611335098743439e-02
4.986456632614135742e-01
5.490300655364990234e-01
-3.668492659926414490e-02
5.252844095230102539e-01
5.060577988624572754e-01
-4.047686234116554260e-02
5.444667339324951172e-01
4.748265445232391357e-01
-4.255723580718040466e-02
4.705205857753753662e-01
6.513142585754394531e-01
-2.812107466161251068e-02
5.134555697441101074e-01
5.820063352584838867e-01
-3.380148857831954956e-02
5.382521152496337891e-01
5.424261689186096191e-01
-3.540102764964103699e-02
5.562233924865722656e-01
5.156761407852172852e-01
-3.610776364803314209e-02
4.845651686191558838e-01
6.766346096992492676e-01
-2.837168611586093903e-02
5.193953514099121094e-01
6.228655576705932617e-01
-3.265534713864326477e-02
5.390239357948303223e-01
5.914835929870605469e-01
-3.185247257351875305e-02
5.544508695602416992e-01
5.662745833396911621e-01
-2.964583598077297211e-02
