4.530890583992004395e-01
4.579074382781982422e-01
1.739113315579743357e-07
4.257798492908477783e-01
4.163545966148376465e-01
-9.200166910886764526e-03
4.229307770729064941e-01
3.658544421195983887e-01
-1.213058736175298691e-02
4.326409995555877686e-01
3.229719996452331543e-01
-1.337721105664968491e-02
4.347056746482849121e-01
2.896773815155029297e-01
-1.358680985867977142e-02
4.632772207260131836e-01
3.301292657852172852e-01
-5.707829724997282028e-03
4.834618270397186279e-01
2.813050746917724609e-01
-1.046735420823097229e-02
4.964865446090698242e-01
2.537268698215484619e-01
-1.498445868492126465e-02
5.071173906326293945e-01
2.323092520236968994e-01
-1.748608052730560303e-02
4.872096180915832520e-01
3.405563235282897949e-01
-4.308445379137992859e-03
5.057290196418762207e-01
2.895752787590026855e-01
-5.830033682286739349e-03
5.185359716415405273e-01
2.585590183734893799e-01
-8.657085709273815155e-03
5.298419594764709473e-01
2.338492274284362793e-01
-1.108762808144092560e-02
5.037632584571838379e-01
3.545647859573364258e-01
-4.016306716948747635e-03
5.202661156654357910e-01
3.066718876361846924e-01
-6.352945696562528610e-03
5.316922068595886230e-01
2.769319415092468262e-01
-8.497650735080242157e-03
5.409481525421142578e-01
2.534970641136169434e-01
-1.009143702685832977e-02
5.140537023544311523e-01
3.683969080448150635e-01
-4.659140948206186295e-03
5.267431735992431641e-01
3.295686244964599609e-01
-6.365519016981124878e-03
5.341097116470336914e-01
3.062381744384765625e-01
-5.824384279549121857e-03
5.398756265640258789e-01
2.872807383537292480e-01
-4.945675842463970184e-03
