3.708134293556213379e-01
7.074229717254638672e-01
3.128707817268150393e-07
3.397247195243835449e-01
6.387743353843688965e-01
-1.335397176444530487e-02
3.449879884719848633e-01
5.710140466690063477e-01
-2.118350192904472351e-02
3.731265366077423096e-01
5.157202482223510742e-01
-2.586714923381805420e-02
3.917973041534423828e-01
4.744417071342468262e-01
-2.960632368922233582e-02
4.099378287792205811e-01
5.451845526695251465e-01
-2.360177040100097656e-02
4.582746326923370361e-01
4.739417433738708496e-01
-3.315325826406478882e-02
4.878251552581787109e-01
4.418003261089324951e-01
-3.768448159098625183e-02
5.112611651420593262e-01
4.207237958908081055e-01
-3.865096345543861389e-02
4.401483237743377686e-01
5.750895738601684570e-01
-2.079642750322818756e-02
4.869595766067504883e-01
4.999760985374450684e-01
-2.456672675907611847e-02
5.134903788566589355e-01
4.636683464050292969e-01
-2.563810348510742188e-02
5.354107022285461426e-01
4.403809309005737305e-01
-2.613081969320774078e-02
4.603218138217926025e-01
6.046462059020996094e-01
-1.843135990202426910e-02
5.003528594970703125e-01
5.353725552558898926e-01
-2.129703573882579803e-02
5.238206386566162109e-01
4.981798231601715088e-01
-2.177391760051250458e-02
5.432011485099792480e-01
4.737150669097900391e-01
-2.201480977237224579e-02
4.727119207382202148e-01
6.290948987007141113e-01
-1.698662713170051575e-02
5.042185783386230469e-01
5.737508535385131836e-01
-1.918601989746093750e-02
5.220966339111328125e-01
5.428051948547363281e-01
-1.759582944214344025e-02
5.374497175216674805e-01
5.179712176322937012e-01
-1.513605937361717224e-02
