4.703608453273773193e-01
8.114300966262817383e-01
3.795118743710190756e-07
4.319320917129516602e-01
7.239185571670532227e-01
-2.003668621182441711e-02
4.469760656356811523e-01
6.472141146659851074e-01
-2.701506763696670532e-02
4.884798526763916016e-01
5.885800719261169434e-01
-2.835687436163425446e-02
5.169064998626708984e-01
5.425813198089599609e-01
-2.787792310118675232e-02
5.307378768920898438e-01
6.302331089973449707e-01
-2.217181585729122162e-02
5.848355889320373535e-01
5.577266812324523926e-01
-3.028920479118824005e-02
6.182257533073425293e-01
5.200458765029907227e-01
-3.640066832304000854e-02
6.466012001037597656e-01
4.935561418533325195e-01
-3.861744701862335205e-02
5.640089511871337891e-01
6.596248745918273926e-01
-1.369949989020824432e-02
6.168306469917297363e-01
5.779779553413391113e-01
-1.696281507611274719e-02
6.493657231330871582e-01
5.319908261299133301e-01
-2.010743692517280579e-02
6.779245138168334961e-01
5.016404986381530762e-01
-2.189212851226329803e-02
5.831892490386962891e-01
6.877576708793640137e-01
-6.236348301172256470e-03
6.287429928779602051e-01
6.103086471557617188e-01
-8.760181255638599396e-03
6.578322052955627441e-01
5.641564130783081055e-01
-1.147882360965013504e-02
6.823779344558715820e-01
5.329797863960266113e-01
-1.275536045432090759e-02
5.926873087882995605e-01
7.110703587532043457e-01
-2.035241195699200034e-04
6.299405097961425781e-01
6.500062346458435059e-01
3.702843605424277484e-05
6.516879200935363770e-01
6.134627461433410645e-01
1.583193661645054817e-03
6.701332330703735352e-01
5.849920511245727539e-01
3.747044596821069717e-03
