3.671440184116363525e-01
8.631236553192138672e-01
4.450081689810758689e-07
3.321183621883392334e-01
8.133904933929443359e-01
-4.334376379847526550e-02
3.286440372467041016e-01
7.585143446922302246e-01
-6.667247414588928223e-02
3.496520817279815674e-01
7.130544781684875488e-01
-8.196873217821121216e-02
3.741323649883270264e-01
6.731659770011901855e-01
-9.539043158292770386e-02
4.173289239406585693e-01
7.407574057579040527e-01
-5.074133723974227905e-02
4.618896543979644775e-01
6.950569152832031250e-01
-7.387752085924148560e-02
4.951605498790740967e-01
6.742773652076721191e-01
-9.089659154415130615e-02
5.260222554206848145e-01
6.643450260162353516e-01
-1.010463163256645203e-01
4.476837813854217529e-01
7.608038187026977539e-01
-3.828808665275573730e-02
4.940711855888366699e-01
7.097284793853759766e-01
-5.591880157589912415e-02
5.301079750061035156e-01
6.824098825454711914e-01
-6.835633516311645508e-02
5.641433000564575195e-01
6.679524183273315430e-01
-7.736066728830337524e-02
4.644143283367156982e-01
7.780690193176269531e-01
-2.904776297509670258e-02
5.056999921798706055e-01
7.301537990570068359e-01
-4.438250139355659485e-02
5.375851392745971680e-01
7.037442922592163086e-01
-5.369109660387039185e-02
5.675402879714965820e-01
6.891605854034423828e-01
-5.964342877268791199e-02
4.713041782379150391e-01
7.921462059020996094e-01
-2.325177192687988281e-02
5.053156614303588867e-01
7.530906200408935547e-01
-3.637427836656570435e-02
5.300966501235961914e-01
7.313913106918334961e-01
-4.275911301374435425e-02
5.533444881439208984e-01
7.159513235092163086e-01
-4.621832445263862610e-02
