3.820877671241760254e-01
7.935547232627868652e-01
4.917112619295949116e-07
3.453784584999084473e-01
7.222397327423095703e-01
-3.770749270915985107e-02
3.610391914844512939e-01
6.560171246528625488e-01
-5.446978658437728882e-02
4.039786458015441895e-01
6.140539050102233887e-01
-6.278989464044570923e-02
4.387031495571136475e-01
5.812244415283203125e-01
-6.984528899192810059e-02
4.389831125736236572e-01
6.572270393371582031e-01
-4.839604347944259644e-02
4.924001097679138184e-01
6.187013983726501465e-01
-6.897136569023132324e-02
5.315315127372741699e-01
6.069015264511108398e-01
-8.370506018400192261e-02
5.664407014846801758e-01
6.043590903282165527e-01
-9.212531894445419312e-02
4.677298963069915771e-01
6.810256242752075195e-01
-3.621913120150566101e-02
5.226345062255859375e-01
6.409911513328552246e-01
-5.041003227233886719e-02
5.646026730537414551e-01
6.219498515129089355e-01
-6.004172191023826599e-02
6.025788187980651855e-01
6.152057647705078125e-01
-6.778584420680999756e-02
4.828789532184600830e-01
7.000575065612792969e-01
-2.654832601547241211e-02
5.328129529953002930e-01
6.605405807495117188e-01
-4.034982621669769287e-02
5.693436861038208008e-01
6.401010751724243164e-01
-4.949643835425376892e-02
6.027729511260986328e-01
6.323554515838623047e-01
-5.574415996670722961e-02
4.891798198223114014e-01
7.139928936958312988e-01
-1.973774656653404236e-02
5.315362215042114258e-01
6.825252175331115723e-01
-3.280530869960784912e-02
5.601552724838256836e-01
6.679729223251342773e-01
-4.047155752778053284e-02
5.851893424987792969e-01
6.596021056175231934e-01
-4.523644223809242249e-02
