4.660480320453643799e-01
7.544618844985961914e-01
3.661200764781824546e-07
4.230450689792633057e-01
6.800972223281860352e-01
-2.729441784322261810e-02
4.301826357841491699e-01
6.069032549858093262e-01
-3.839864209294319153e-02
4.667207002639770508e-01
5.495484471321105957e-01
-4.240961000323295593e-02
4.898446500301361084e-01
5.000654458999633789e-01
-4.393740743398666382e-02
5.105655193328857422e-01
5.809027552604675293e-01
-3.519141674041748047e-02
5.562582612037658691e-01
5.022168159484863281e-01
-4.803241416811943054e-02
5.864367485046386719e-01
4.627008438110351562e-01
-5.492736026644706726e-02
6.126284599304199219e-01
4.354955554008483887e-01
-5.690699815750122070e-02
5.439490079879760742e-01
6.034656763076782227e-01
-2.444316633045673370e-02
5.913141369819641113e-01
5.197106003761291504e-01
-3.252930939197540283e-02
6.176192164421081543e-01
4.744724035263061523e-01
-3.451127558946609497e-02
6.422043442726135254e-01
4.432850778102874756e-01
-3.442887589335441589e-02
5.632548332214355469e-01
6.254716515541076660e-01
-1.512888073921203613e-02
6.029598712921142578e-01
5.484747886657714844e-01
-2.195286191999912262e-02
6.260787844657897949e-01
5.032298564910888672e-01
-2.248244918882846832e-02
6.476253271102905273e-01
4.729893207550048828e-01
-2.105115540325641632e-02
5.722982883453369141e-01
6.454588770866394043e-01
-7.886805571615695953e-03
6.040739417076110840e-01
5.814167261123657227e-01
-1.040348317474126816e-02
6.202973723411560059e-01
5.460417866706848145e-01
-7.404346950352191925e-03
6.337404251098632812e-01
5.204756259918212891e-01
-3.368780715391039848e-03
