4.528851211071014404e-01
4.546637535095214844e-01
2.032048342925918405e-07
4.253721535205841064e-01
4.155427813529968262e-01
-9.842466562986373901e-03
4.169572889804840088e-01
3.686899244785308838e-01
-1.541882753372192383e-02
4.180262982845306396e-01
3.277860581874847412e-01
-1.907829567790031433e-02
4.159792065620422363e-01
2.965337634086608887e-01
-2.197969704866409302e-02
4.621362984180450439e-01
3.293202519416809082e-01
-1.156755257397890091e-02
4.826596379280090332e-01
2.796248495578765869e-01
-1.785056106746196747e-02
4.964503049850463867e-01
2.512678503990173340e-01
-2.288077212870121002e-02
5.082507729530334473e-01
2.300672531127929688e-01
-2.531852014362812042e-02
4.858885109424591064e-01
3.397845029830932617e-01
-9.709700010716915131e-03
5.049469470977783203e-01
2.857143580913543701e-01
-1.187520939856767654e-02
5.172726511955261230e-01
2.528061568737030029e-01
-1.370867714285850525e-02
5.285716652870178223e-01
2.286776602268218994e-01
-1.509987749159336090e-02
5.023203492164611816e-01
3.554632365703582764e-01
-8.568603545427322388e-03
5.190055966377258301e-01
3.074881434440612793e-01
-1.011193078011274338e-02
5.299690365791320801e-01
2.767899930477142334e-01
-1.062465738505125046e-02
5.394039154052734375e-01
2.545944154262542725e-01
-1.101084519177675247e-02
5.126789212226867676e-01
3.725303709506988525e-01
-8.356610313057899475e-03
5.249603986740112305e-01
3.348589539527893066e-01
-8.824674412608146667e-03
5.321857929229736328e-01
3.121502101421356201e-01
-6.533749401569366455e-03
5.381460189819335938e-01
2.942852079868316650e-01
-4.209768492728471756e-03
