3.578748404979705811e-01
7.960156202316284180e-01
4.573827823151077610e-07
3.240316510200500488e-01
7.317626476287841797e-01
-3.672337159514427185e-02
3.261159360408782959e-01
6.660583019256591797e-01
-5.665276944637298584e-02
3.551480770111083984e-01
6.167746186256408691e-01
-6.898259371519088745e-02
3.808121979236602783e-01
5.746276378631591797e-01
-7.987254858016967773e-02
4.027046859264373779e-01
6.647251248359680176e-01
-5.368429049849510193e-02
4.542141556739807129e-01
6.061258912086486816e-01
-7.648866623640060425e-02
4.904890656471252441e-01
5.787823796272277832e-01
-9.011747688055038452e-02
5.218695998191833496e-01
5.629812479019165039e-01
-9.684342890977859497e-02
4.327312111854553223e-01
6.938880681991577148e-01
-4.470422118902206421e-02
4.865347146987915039e-01
6.321963667869567871e-01
-6.319381296634674072e-02
5.253238677978515625e-01
5.981577634811401367e-01
-7.357851415872573853e-02
5.595604181289672852e-01
5.763403177261352539e-01
-8.025998622179031372e-02
4.511863589286804199e-01
7.161757349967956543e-01
-3.777586668729782104e-02
4.992913007736206055e-01
6.578490734100341797e-01
-5.435405299067497253e-02
5.341563224792480469e-01
6.224254965782165527e-01
-6.302637606859207153e-02
5.648481845855712891e-01
5.998815894126892090e-01
-6.755926460027694702e-02
4.613862335681915283e-01
7.307664752006530762e-01
-3.323635086417198181e-02
5.007374286651611328e-01
6.811704039573669434e-01
-4.709965735673904419e-02
5.290900468826293945e-01
6.516463756561279297e-01
-5.296792462468147278e-02
5.547589659690856934e-01
6.303207278251647949e-01
-5.535694956779479980e-02
