3.867272138595581055e-01
8.362629413604736328e-01
4.357822831480007153e-07
3.529074192047119141e-01
7.804131507873535156e-01
-3.735855221748352051e-02
3.448116481304168701e-01
7.243921160697937012e-01
-6.293559819459915161e-02
3.592010140419006348e-01
6.793419718742370605e-01
-8.106473833322525024e-02
3.753162920475006104e-01
6.400018334388732910e-01
-9.817295521497726440e-02
4.175530374050140381e-01
7.120488286018371582e-01
-6.829530000686645508e-02
4.699190855026245117e-01
6.389770507812500000e-01
-9.284359961748123169e-02
5.031844377517700195e-01
6.020395159721374512e-01
-1.050885021686553955e-01
5.310932397842407227e-01
5.771155357360839844e-01
-1.104146838188171387e-01
4.502254724502563477e-01
7.409411668777465820e-01
-5.991046130657196045e-02
5.028885006904602051e-01
6.612078547477722168e-01
-7.916509360074996948e-02
5.382056832313537598e-01
6.181303262710571289e-01
-8.687902987003326416e-02
5.673063993453979492e-01
5.885629653930664062e-01
-9.161416441202163696e-02
4.722337722778320312e-01
7.626333236694335938e-01
-5.262177810072898865e-02
5.177012681961059570e-01
6.888288259506225586e-01
-6.805408746004104614e-02
5.483429431915283203e-01
6.461683511734008789e-01
-7.319322228431701660e-02
5.746504068374633789e-01
6.174547076225280762e-01
-7.569555938243865967e-02
4.847949743270874023e-01
7.738510370254516602e-01
-4.767064005136489868e-02
5.205065608024597168e-01
7.131639122962951660e-01
-6.005498394370079041e-02
5.438247919082641602e-01
6.779628992080688477e-01
-6.304983794689178467e-02
5.639075040817260742e-01
6.510208249092102051e-01
-6.355422735214233398e-02
