4.617666304111480713e-01
4.961239099502563477e-01
2.149333795387065038e-07
4.364481270313262939e-01
4.483944177627563477e-01
-5.806127563118934631e-03
4.351684153079986572e-01
3.940095007419586182e-01
-8.324530906975269318e-03
4.464811086654663086e-01
3.532290458679199219e-01
-1.010380126535892487e-02
4.509032070636749268e-01
3.210346400737762451e-01
-1.116225775331258774e-02
4.740490913391113281e-01
3.685241043567657471e-01
-5.704024806618690491e-03
4.960237741470336914e-01
3.175495862960815430e-01
-1.238433085381984711e-02
5.114847421646118164e-01
2.900002300739288330e-01
-1.703631505370140076e-02
5.246168971061706543e-01
2.706736922264099121e-01
-1.914258487522602081e-02
5.005928277969360352e-01
3.818338513374328613e-01
-7.268501911312341690e-03
5.232907533645629883e-01
3.261510133743286133e-01
-1.155867520719766617e-02
5.377978086471557617e-01
2.919135093688964844e-01
-1.514594629406929016e-02
5.499023199081420898e-01
2.649627625942230225e-01
-1.748033985495567322e-02
5.188388228416442871e-01
3.972627520561218262e-01
-9.674441069364547729e-03
5.391083955764770508e-01
3.454172015190124512e-01
-1.416731253266334534e-02
5.503317713737487793e-01
3.128197789192199707e-01
-1.590363495051860809e-02
5.598829984664916992e-01
2.863899171352386475e-01
-1.661714538931846619e-02
5.296909213066101074e-01
4.115959405899047852e-01
-1.256635878235101700e-02
5.447660088539123535e-01
3.686098754405975342e-01
-1.568940095603466034e-02
5.529553294181823730e-01
3.407590389251708984e-01
-1.472124177962541580e-02
5.597994923591613770e-01
3.170485496520996094e-01
-1.313425879925489426e-02
