4.573878645896911621e-01
4.680694639682769775e-01
1.098933424259485037e-07
4.342192113399505615e-01
4.261533915996551514e-01
-4.450705368071794510e-03
4.325475096702575684e-01
3.708088099956512451e-01
-5.723288282752037048e-03
4.391876459121704102e-01
3.304046690464019775e-01
-6.793064530938863754e-03
4.403057396411895752e-01
2.997733652591705322e-01
-7.034820970147848129e-03
4.686831533908843994e-01
3.409008383750915527e-01
-1.254873583093285561e-03
4.870575666427612305e-01
2.931273579597473145e-01
-7.623724639415740967e-03
5.017244815826416016e-01
2.655748724937438965e-01
-1.351728755980730057e-02
5.135555267333984375e-01
2.452441453933715820e-01
-1.699118316173553467e-02
4.885404706001281738e-01
3.525457680225372314e-01
-3.200273727998137474e-03
5.047317147254943848e-01
3.057515025138854980e-01
-6.219156086444854736e-03
5.165086984634399414e-01
2.772341072559356689e-01
-1.014295592904090881e-02
5.273710489273071289e-01
2.523152232170104980e-01
-1.323516014963388443e-02
5.046135187149047852e-01
3.673519790172576904e-01
-6.098344456404447556e-03
5.194304585456848145e-01
3.240512311458587646e-01
-9.215041063725948334e-03
5.296517014503479004e-01
2.955030500888824463e-01
-9.515304118394851685e-03
5.390332341194152832e-01
2.706889212131500244e-01
-9.554590098559856415e-03
5.165818333625793457e-01
3.827292919158935547e-01
-9.768719784915447235e-03
5.286102294921875000e-01
3.455964326858520508e-01
-1.182267535477876663e-02
5.361097455024719238e-01
3.220532536506652832e-01
-9.759919717907905579e-03
5.425803661346435547e-01
3.020070493221282959e-01
-7.527057547122240067e-03
