4.301824271678924561e-01
6.744684576988220215e-01
2.912370291596744210e-07
3.972454667091369629e-01
5.910369157791137695e-01
-6.902972236275672913e-03
4.105760455131530762e-01
5.191514492034912109e-01
-5.979301407933235168e-03
4.468596279621124268e-01
4.915167689323425293e-01
-2.775239292532205582e-03
4.709764420986175537e-01
4.862505495548248291e-01
8.825123077258467674e-04
4.678512513637542725e-01
5.014974474906921387e-01
-5.571745336055755615e-03
5.050921440124511719e-01
4.389113783836364746e-01
-5.582490470260381699e-03
5.290004611015319824e-01
4.069096148014068604e-01
-5.580295342952013016e-03
5.485113263130187988e-01
3.845992684364318848e-01
-4.625988192856311798e-03
4.992315769195556641e-01
5.285535454750061035e-01
-2.211674116551876068e-03
5.354261994361877441e-01
4.613576531410217285e-01
2.084036823362112045e-04
5.564316511154174805e-01
4.243321120738983154e-01
1.118675107136368752e-03
5.751459598541259766e-01
3.992194533348083496e-01
2.451305510476231575e-03
5.181647539138793945e-01
5.548626184463500977e-01
8.928672759793698788e-04
5.479128956794738770e-01
4.947684407234191895e-01
3.384706098586320877e-03
5.661988854408264160e-01
4.590859115123748779e-01
4.266328178346157074e-03
5.821731090545654297e-01
4.346015155315399170e-01
5.523021332919597626e-03
5.256975293159484863e-01
5.756847858428955078e-01
3.347736550495028496e-03
5.472717285156250000e-01
5.233370065689086914e-01
8.053610101342201233e-03
5.601276755332946777e-01
4.942490160465240479e-01
1.360434386879205704e-02
5.716735720634460449e-01
4.742457270622253418e-01
1.846479065716266632e-02
