3.850407004356384277e-01
7.277181148529052734e-01
3.912586805654427735e-07
3.515738546848297119e-01
6.621920466423034668e-01
-1.643022708594799042e-02
3.537164330482482910e-01
5.948299169540405273e-01
-2.790060453116893768e-02
3.799340724945068359e-01
5.380565524101257324e-01
-3.605398908257484436e-02
3.948785066604614258e-01
4.915103614330291748e-01
-4.366187378764152527e-02
4.209186732769012451e-01
5.619060397148132324e-01
-3.156245872378349304e-02
4.725803732872009277e-01
4.903616905212402344e-01
-4.599275439977645874e-02
5.050503015518188477e-01
4.543731510639190674e-01
-5.417504161596298218e-02
5.307831168174743652e-01
4.300080537796020508e-01
-5.746293067932128906e-02
4.529564678668975830e-01
5.906268954277038574e-01
-3.011237271130084991e-02
5.039119124412536621e-01
5.126031637191772461e-01
-3.916301950812339783e-02
5.359610319137573242e-01
4.697844088077545166e-01
-4.420671612024307251e-02
5.614877939224243164e-01
4.412207603454589844e-01
-4.727223888039588928e-02
4.751249551773071289e-01
6.204686760902404785e-01
-2.917266078293323517e-02
5.179979205131530762e-01
5.453732013702392578e-01
-3.644548729062080383e-02
5.462568998336791992e-01
5.026555061340332031e-01
-4.113826900720596313e-02
5.686646103858947754e-01
4.740262925624847412e-01
-4.422508552670478821e-02
4.894900023937225342e-01
6.475437879562377930e-01
-2.921950258314609528e-02
5.212526917457580566e-01
5.903830528259277344e-01
-3.517191857099533081e-02
5.411686897277832031e-01
5.579823851585388184e-01
-3.645736351609230042e-02
5.582224130630493164e-01
5.327036380767822266e-01
-3.602776303887367249e-02
