3.680131733417510986e-01
8.653525114059448242e-01
4.527061605585913640e-07
3.319270610809326172e-01
8.129554986953735352e-01
-4.204503819346427917e-02
3.286915421485900879e-01
7.567901611328125000e-01
-6.548703461885452271e-02
3.505451977252960205e-01
7.123792171478271484e-01
-8.112829923629760742e-02
3.754815161228179932e-01
6.737500429153442383e-01
-9.502253681421279907e-02
4.147988557815551758e-01
7.443412542343139648e-01
-5.289034172892570496e-02
4.593299627304077148e-01
6.978425979614257812e-01
-7.713498920202255249e-02
4.935988187789916992e-01
6.757894158363342285e-01
-9.442971646785736084e-02
5.245517492294311523e-01
6.645518541336059570e-01
-1.046216785907745361e-01
4.455819427967071533e-01
7.657458782196044922e-01
-4.176851361989974976e-02
4.929181933403015137e-01
7.131991386413574219e-01
-6.069141998887062073e-02
5.300778746604919434e-01
6.838538646697998047e-01
-7.315931469202041626e-02
5.639990568161010742e-01
6.674766540527343750e-01
-8.201212435960769653e-02
4.624839425086975098e-01
7.833762764930725098e-01
-3.364541009068489075e-02
5.046191215515136719e-01
7.335078716278076172e-01
-5.002884939312934875e-02
5.380786657333374023e-01
7.046148180961608887e-01
-5.952754616737365723e-02
5.683737993240356445e-01
6.879678368568420410e-01
-6.535290926694869995e-02
4.693204164505004883e-01
7.970361709594726562e-01
-2.877962402999401093e-02
5.051121115684509277e-01
7.564300298690795898e-01
-4.306112602353096008e-02
5.310381054878234863e-01
7.323756217956542969e-01
-5.012637004256248474e-02
5.545450448989868164e-01
7.152046561241149902e-01
-5.390757322311401367e-02
