4.522631764411926270e-01
4.951056540012359619e-01
2.005328383347659837e-07
4.335109591484069824e-01
4.449757933616638184e-01
3.517109667882323265e-03
4.381573498249053955e-01
3.911867439746856689e-01
6.098307669162750244e-03
4.465056061744689941e-01
3.569406270980834961e-01
7.244441192597150803e-03
4.511373937129974365e-01
3.335149288177490234e-01
8.068393915891647339e-03
4.791516363620758057e-01
3.728401362895965576e-01
5.174737423658370972e-03
5.023021101951599121e-01
3.276258409023284912e-01
-9.586816886439919472e-04
5.204455256462097168e-01
2.983688414096832275e-01
-6.624993402510881424e-03
5.361543297767639160e-01
2.764213681221008301e-01
-9.911626577377319336e-03
4.942389428615570068e-01
3.824003338813781738e-01
-1.114726997911930084e-03
5.183115601539611816e-01
3.347124159336090088e-01
-5.975030362606048584e-03
5.360994338989257812e-01
3.022828996181488037e-01
-1.124498620629310608e-02
5.524449944496154785e-01
2.751291990280151367e-01
-1.474040932953357697e-02
5.047599077224731445e-01
3.934913873672485352e-01
-7.922993972897529602e-03
5.281462669372558594e-01
3.461546301841735840e-01
-1.415476854890584946e-02
5.444698929786682129e-01
3.158040046691894531e-01
-1.836533285677433014e-02
5.585079193115234375e-01
2.895563542842864990e-01
-2.042194269597530365e-02
5.105826854705810547e-01
4.062530994415283203e-01
-1.447160076349973679e-02
5.307399034500122070e-01
3.664393424987792969e-01
-2.025714889168739319e-02
5.440052151679992676e-01
3.400129079818725586e-01
-2.214522287249565125e-02
5.545920729637145996e-01
3.166413903236389160e-01
-2.277837321162223816e-02
