4.735352396965026855e-01
5.317033529281616211e-01
2.857257754840247799e-07
4.436565935611724854e-01
4.858548343181610107e-01
-1.390719227492809296e-02
4.416001737117767334e-01
4.357640743255615234e-01
-2.166332677006721497e-02
4.570657312870025635e-01
3.930447697639465332e-01
-2.656931057572364807e-02
4.598599970340728760e-01
3.564005494117736816e-01
-3.080779686570167542e-02
4.879565834999084473e-01
4.046795070171356201e-01
-2.053554728627204895e-02
5.146597027778625488e-01
3.489374518394470215e-01
-3.070650808513164520e-02
5.335646271705627441e-01
3.196312785148620605e-01
-3.709711134433746338e-02
5.502366423606872559e-01
2.985076904296875000e-01
-4.009473696351051331e-02
5.144956707954406738e-01
4.203324317932128906e-01
-1.854685135185718536e-02
5.425474047660827637e-01
3.601621687412261963e-01
-2.522621117532253265e-02
5.612515807151794434e-01
3.247456848621368408e-01
-2.965463325381278992e-02
5.774766206741333008e-01
2.987231612205505371e-01
-3.259053453803062439e-02
5.320689678192138672e-01
4.381303489208221436e-01
-1.732713170349597931e-02
5.543591380119323730e-01
3.830247521400451660e-01
-2.330889739096164703e-02
5.687580108642578125e-01
3.484602272510528564e-01
-2.640773914754390717e-02
5.810744762420654297e-01
3.227468430995941162e-01
-2.817029319703578949e-02
5.428723692893981934e-01
4.545766711235046387e-01
-1.713727042078971863e-02
5.600118041038513184e-01
4.109618365764617920e-01
-2.176212705671787262e-02
5.701816082000732422e-01
3.840695917606353760e-01
-2.226421795785427094e-02
5.790526866912841797e-01
3.621011674404144287e-01
-2.167850919067859650e-02
