4.444525837898254395e-01
6.855499744415283203e-01
3.019742962351301685e-07
4.057176411151885986e-01
6.105173230171203613e-01
-1.148742809891700745e-02
4.141799807548522949e-01
5.372817516326904297e-01
-1.370831765234470367e-02
4.486162960529327393e-01
4.825508296489715576e-01
-1.308979187160730362e-02
4.696306884288787842e-01
4.428948462009429932e-01
-1.054698880761861801e-02
4.808854162693023682e-01
5.060745477676391602e-01
-2.706843661144375801e-03
5.214471220970153809e-01
4.420326948165893555e-01
-4.463578574359416962e-03
5.489304065704345703e-01
4.122025370597839355e-01
-6.814909633249044418e-03
5.715104937553405762e-01
3.944233953952789307e-01
-7.025354541838169098e-03
5.108796358108520508e-01
5.309712290763854980e-01
2.151564694941043854e-03
5.491139292716979980e-01
4.656599164009094238e-01
5.365435965359210968e-03
5.721043348312377930e-01
4.315531551837921143e-01
5.167423281818628311e-03
5.939387679100036621e-01
4.086163640022277832e-01
5.011670757085084915e-03
5.297470092773437500e-01
5.551315546035766602e-01
5.752347875386476517e-03
5.605174899101257324e-01
4.951283633708953857e-01
8.674373850226402283e-03
5.801886916160583496e-01
4.603310823440551758e-01
1.014272123575210571e-02
5.982537269592285156e-01
4.360602200031280518e-01
1.091776136308908463e-02
5.399861931800842285e-01
5.761048197746276855e-01
7.992293685674667358e-03
5.638181567192077637e-01
5.250068902969360352e-01
1.274669170379638672e-02
5.779505968093872070e-01
4.953872263431549072e-01
1.808846369385719299e-02
5.907056331634521484e-01
4.728989601135253906e-01
2.245385944843292236e-02
