4.505914449691772461e-01
4.604315161705017090e-01
1.774687206079761381e-07
4.230696558952331543e-01
4.168061316013336182e-01
-9.050759486854076385e-03
4.219170808792114258e-01
3.665288984775543213e-01
-1.157565042376518250e-02
4.329687952995300293e-01
3.236031532287597656e-01
-1.204246561974287033e-02
4.356051385402679443e-01
2.904262840747833252e-01
-1.139669679105281830e-02
4.639816582202911377e-01
3.330720365047454834e-01
-6.912667769938707352e-03
4.850893616676330566e-01
2.831113934516906738e-01
-1.023371145129203796e-02
4.979898631572723389e-01
2.558300197124481201e-01
-1.306217163801193237e-02
5.083078742027282715e-01
2.350087761878967285e-01
-1.417565066367387772e-02
4.868847131729125977e-01
3.465766906738281250e-01
-4.293894395232200623e-03
5.054365396499633789e-01
2.943341135978698730e-01
-3.972408361732959747e-03
5.167840123176574707e-01
2.643128931522369385e-01
-4.643405321985483170e-03
5.264621973037719727e-01
2.415652275085449219e-01
-5.376590415835380554e-03
5.018699169158935547e-01
3.635226786136627197e-01
-2.508983481675386429e-03
5.176342725753784180e-01
3.166876137256622314e-01
-2.969034248962998390e-03
5.270015001296997070e-01
2.883182764053344727e-01
-3.197082551196217537e-03
5.341228842735290527e-01
2.667706608772277832e-01
-3.323099110275506973e-03
5.108922123908996582e-01
3.793983459472656250e-01
-1.611211453564465046e-03
5.236927866935729980e-01
3.415688574314117432e-01
-1.625121571123600006e-03
5.303399562835693359e-01
3.190216422080993652e-01
2.000572858378291130e-04
5.350581407546997070e-01
3.010089993476867676e-01
2.188254613429307938e-03
