3.589306175708770752e-01
7.959372997283935547e-01
4.236473216678859899e-07
3.235469758510589600e-01
7.312864065170288086e-01
-3.714363276958465576e-02
3.249295353889465332e-01
6.652739048004150391e-01
-5.723575875163078308e-02
3.538187146186828613e-01
6.159307956695556641e-01
-6.974923610687255859e-02
3.798527121543884277e-01
5.746526122093200684e-01
-8.090602606534957886e-02
4.015849232673645020e-01
6.653670668601989746e-01
-5.365935340523719788e-02
4.525825381278991699e-01
6.070857644081115723e-01
-7.639852911233901978e-02
4.880009293556213379e-01
5.801251530647277832e-01
-9.044538438320159912e-02
5.194540023803710938e-01
5.637844204902648926e-01
-9.763504564762115479e-02
4.324964880943298340e-01
6.930862665176391602e-01
-4.444915428757667542e-02
4.875594377517700195e-01
6.304562091827392578e-01
-6.187850981950759888e-02
5.256946086883544922e-01
5.962103009223937988e-01
-7.207320630550384521e-02
5.597959756851196289e-01
5.745563507080078125e-01
-7.890139520168304443e-02
4.516472816467285156e-01
7.149662375450134277e-01
-3.732696548104286194e-02
5.001174211502075195e-01
6.569418311119079590e-01
-5.258352681994438171e-02
5.339142680168151855e-01
6.210838556289672852e-01
-6.069355085492134094e-02
5.640915632247924805e-01
5.984519720077514648e-01
-6.524714082479476929e-02
4.625348150730133057e-01
7.298150658607482910e-01
-3.277042508125305176e-02
5.015466213226318359e-01
6.795888543128967285e-01
-4.514422640204429626e-02
5.284143090248107910e-01
6.496690511703491211e-01
-5.012554675340652466e-02
5.529113411903381348e-01
6.275069117546081543e-01
-5.229560658335685730e-02
