4.368819594383239746e-01
6.653745174407958984e-01
2.938726026968652150e-07
3.983138203620910645e-01
5.884976983070373535e-01
-9.699052199721336365e-03
4.091921746730804443e-01
5.220801234245300293e-01
-1.032678782939910889e-02
4.458888769149780273e-01
4.957197606563568115e-01
-8.469719439744949341e-03
4.691962599754333496e-01
4.890047907829284668e-01
-5.988233257085084915e-03
4.709751009941101074e-01
4.977924227714538574e-01
-6.018323823809623718e-03
5.074644088745117188e-01
4.355787932872772217e-01
-7.623289711773395538e-03
5.309006571769714355e-01
4.045345783233642578e-01
-8.522644639015197754e-03
5.492562055587768555e-01
3.841535151004791260e-01
-7.962045259773731232e-03
5.043568015098571777e-01
5.212660431861877441e-01
-1.789305475540459156e-03
5.389388203620910645e-01
4.571001827716827393e-01
-4.097409837413579226e-04
5.577228665351867676e-01
4.232808947563171387e-01
-1.768077054293826222e-04
5.750721693038940430e-01
3.989130258560180664e-01
7.835606229491531849e-04
5.249229669570922852e-01
5.426483154296875000e-01
1.538500888273119926e-03
5.529374480247497559e-01
4.845768809318542480e-01
2.285305177792906761e-03
5.688505172729492188e-01
4.498907327651977539e-01
2.507799770683050156e-03
5.838289856910705566e-01
4.248688519001007080e-01
3.572729649022221565e-03
5.339336395263671875e-01
5.578642487525939941e-01
3.929566591978073120e-03
5.542657971382141113e-01
5.070831179618835449e-01
6.502919364720582962e-03
5.659418106079101562e-01
4.781084656715393066e-01
1.068345457315444946e-02
5.767547488212585449e-01
4.559531211853027344e-01
1.490635797381401062e-02
