3.685904443264007568e-01
6.862125396728515625e-01
3.497496550153300632e-07
3.403120040893554688e-01
6.157503128051757812e-01
-1.204650849103927612e-02
3.442140519618988037e-01
5.488070845603942871e-01
-2.053935080766677856e-02
3.724834620952606201e-01
4.951259791851043701e-01
-2.655007317662239075e-02
3.927772641181945801e-01
4.530891180038452148e-01
-3.196837380528450012e-02
4.110031127929687500e-01
5.233365893363952637e-01
-2.497548609972000122e-02
4.604772031307220459e-01
4.556638002395629883e-01
-3.686499595642089844e-02
4.910917878150939941e-01
4.217051565647125244e-01
-4.319540411233901978e-02
5.165848731994628906e-01
3.987026810646057129e-01
-4.574525728821754456e-02
4.428706765174865723e-01
5.508232712745666504e-01
-2.530985698103904724e-02
4.945705831050872803e-01
4.753207564353942871e-01
-3.340713679790496826e-02
5.258088111877441406e-01
4.319905042648315430e-01
-3.751198947429656982e-02
5.510163307189941406e-01
4.031673669815063477e-01
-3.972603753209114075e-02
4.636262357234954834e-01
5.808418393135070801e-01
-2.599040977656841278e-02
5.093830227851867676e-01
5.100080370903015137e-01
-3.272793814539909363e-02
5.383211374282836914e-01
4.666168391704559326e-01
-3.670084476470947266e-02
5.615317821502685547e-01
4.356620907783508301e-01
-3.930104151368141174e-02
4.754468798637390137e-01
6.104156970977783203e-01
-2.739035710692405701e-02
5.098296403884887695e-01
5.601615309715270996e-01
-3.285687416791915894e-02
5.297369956970214844e-01
5.276074409484863281e-01
-3.364078328013420105e-02
5.466144680976867676e-01
5.004693865776062012e-01
-3.301557898521423340e-02
