3.687914013862609863e-01
7.082509398460388184e-01
2.599589947749336716e-07
3.493467271327972412e-01
6.215419769287109375e-01
8.205755613744258881e-03
3.690815567970275879e-01
5.527298450469970703e-01
1.325747836381196976e-02
4.045904278755187988e-01
5.154573917388916016e-01
1.749438233673572540e-02
4.274939596652984619e-01
4.996357560157775879e-01
2.109613642096519470e-02
4.190516471862792969e-01
5.251678824424743652e-01
1.262872683582827449e-04
4.647030234336853027e-01
4.520564079284667969e-01
-2.820905065163969994e-03
4.933058917522430420e-01
4.171121716499328613e-01
-2.567734569311141968e-03
5.177925229072570801e-01
3.943898081779479980e-01
-7.804558845236897469e-04
4.496247172355651855e-01
5.518835783004760742e-01
-5.170801654458045959e-03
4.971650838851928711e-01
4.686388969421386719e-01
-8.029947988688945770e-03
5.267091989517211914e-01
4.250546097755432129e-01
-7.571740075945854187e-03
5.521553158760070801e-01
3.965250253677368164e-01
-5.219486542046070099e-03
4.688602685928344727e-01
5.829444527626037598e-01
-9.415664710104465485e-03
5.116140842437744141e-01
5.072532892227172852e-01
-1.083420682698488235e-02
5.374209284782409668e-01
4.635246694087982178e-01
-1.178096793591976166e-02
5.577350258827209473e-01
4.323888123035430908e-01
-1.140799745917320251e-02
4.775049388408660889e-01
6.151100397109985352e-01
-1.275222934782505035e-02
5.106418728828430176e-01
5.620879530906677246e-01
-1.086279284209012985e-02
5.304403901100158691e-01
5.296595692634582520e-01
-7.305986247956752777e-03
5.463159680366516113e-01
5.043668746948242188e-01
-3.707442665472626686e-03
