4.726791381835937500e-01
6.259085536003112793e-01
2.853958847026660806e-07
4.508616328239440918e-01
5.753337144851684570e-01
-1.417584531009197235e-02
4.562740623950958252e-01
5.258766412734985352e-01
-2.350401878356933594e-02
4.763180911540985107e-01
4.901634454727172852e-01
-3.019786067306995392e-02
4.836015701293945312e-01
4.562352895736694336e-01
-3.687605634331703186e-02
5.004005432128906250e-01
5.197880268096923828e-01
-2.664154022932052612e-02
5.340802669525146484e-01
4.707359969615936279e-01
-4.037427529692649841e-02
5.593050718307495117e-01
4.450435042381286621e-01
-4.900828376412391663e-02
5.807902812957763672e-01
4.271756708621978760e-01
-5.330977588891983032e-02
5.251649022102355957e-01
5.425856113433837891e-01
-2.616195939481258392e-02
5.603558421134948730e-01
4.920921027660369873e-01
-3.608412668108940125e-02
5.855378508567810059e-01
4.616645574569702148e-01
-4.291643574833869934e-02
6.067929267883300781e-01
4.391321539878845215e-01
-4.778823256492614746e-02
5.407378673553466797e-01
5.624479651451110840e-01
-2.617996931076049805e-02
5.716370940208435059e-01
5.146733522415161133e-01
-3.480608388781547546e-02
5.918528437614440918e-01
4.835486710071563721e-01
-3.972412273287773132e-02
6.088987588882446289e-01
4.597975611686706543e-01
-4.273861646652221680e-02
5.490843057632446289e-01
5.765063166618347168e-01
-2.705032192170619965e-02
5.734000802040100098e-01
5.375765562057495117e-01
-3.420575335621833801e-02
5.883033275604248047e-01
5.108337998390197754e-01
-3.651789575815200806e-02
6.001812219619750977e-01
4.886674880981445312e-01
-3.733316063880920410e-02
