3.764525949954986572e-01
7.369835972785949707e-01
3.736416260835540015e-07
3.440758883953094482e-01
6.744695901870727539e-01
-2.667723968625068665e-02
3.481623530387878418e-01
6.062506437301635742e-01
-4.070323333144187927e-02
3.740948438644409180e-01
5.507038235664367676e-01
-4.921717196702957153e-02
3.947399258613586426e-01
5.059604644775390625e-01
-5.618993565440177917e-02
4.162936508655548096e-01
5.878192186355590820e-01
-3.727721422910690308e-02
4.646790623664855957e-01
5.187696218490600586e-01
-5.455760285258293152e-02
4.964152276515960693e-01
4.793245792388916016e-01
-6.498124450445175171e-02
5.217851400375366211e-01
4.502639770507812500e-01
-7.007666677236557007e-02
4.485210180282592773e-01
6.144186258316040039e-01
-3.148305416107177734e-02
4.975913763046264648e-01
5.408007502555847168e-01
-4.435807839035987854e-02
5.292835235595703125e-01
4.970258772373199463e-01
-5.175478383898735046e-02
5.554021596908569336e-01
4.627870917320251465e-01
-5.640446022152900696e-02
4.695182442665100098e-01
6.364359855651855469e-01
-2.725820057094097137e-02
5.108661651611328125e-01
5.673515796661376953e-01
-3.881765156984329224e-02
5.380832552909851074e-01
5.255602002143859863e-01
-4.384848475456237793e-02
5.608713030815124512e-01
4.931822419166564941e-01
-4.601576179265975952e-02
4.808127880096435547e-01
6.502470970153808594e-01
-2.490375377237796783e-02
5.133264064788818359e-01
5.907341837882995605e-01
-3.500655665993690491e-02
5.336412191390991211e-01
5.546345710754394531e-01
-3.786301985383033752e-02
5.510873794555664062e-01
5.250672101974487305e-01
-3.787088394165039062e-02
