4.705944955348968506e-01
8.195506334304809570e-01
3.706599613906291779e-07
4.325431883335113525e-01
7.321358919143676758e-01
-2.949065715074539185e-02
4.461599588394165039e-01
6.534808278083801270e-01
-4.105926305055618286e-02
4.856362342834472656e-01
5.950649976730346680e-01
-4.612390324473381042e-02
5.119454264640808105e-01
5.434447526931762695e-01
-4.920072481036186218e-02
5.314746499061584473e-01
6.388339400291442871e-01
-3.196128457784652710e-02
5.831498503684997559e-01
5.631352066993713379e-01
-4.660846665501594543e-02
6.174662113189697266e-01
5.223307013511657715e-01
-5.706160888075828552e-02
6.471301913261413574e-01
4.928574264049530029e-01
-6.222918257117271423e-02
5.652922391891479492e-01
6.665245294570922852e-01
-2.233864180743694305e-02
6.175533533096313477e-01
5.840103626251220703e-01
-3.156026080250740051e-02
6.508566141128540039e-01
5.347064733505249023e-01
-3.825209662318229675e-02
6.804397106170654297e-01
5.004940032958984375e-01
-4.263513907790184021e-02
5.847896337509155273e-01
6.920337677001953125e-01
-1.485760975629091263e-02
6.307629346847534180e-01
6.145740151405334473e-01
-2.296167984604835510e-02
6.608910560607910156e-01
5.662065744400024414e-01
-2.776551991701126099e-02
6.868545413017272949e-01
5.321349501609802246e-01
-3.031982854008674622e-02
5.938307046890258789e-01
7.136317491531372070e-01
-9.851575829088687897e-03
6.324665546417236328e-01
6.531942486763000488e-01
-1.563097909092903137e-02
6.554279327392578125e-01
6.149715781211853027e-01
-1.683359779417514801e-02
6.741957664489746094e-01
5.846155285835266113e-01
-1.635667122900485992e-02
