4.625147581100463867e-01
7.861990928649902344e-01
3.652875477655470604e-07
4.240814745426177979e-01
7.007957696914672852e-01
-2.200144529342651367e-02
4.375523626804351807e-01
6.191933751106262207e-01
-2.992112189531326294e-02
4.788660109043121338e-01
5.635085701942443848e-01
-3.290513530373573303e-02
5.079320073127746582e-01
5.220152735710144043e-01
-3.400706127285957336e-02
5.198312401771545410e-01
5.984995365142822266e-01
-2.209811098873615265e-02
5.683911442756652832e-01
5.249090194702148438e-01
-3.451748192310333252e-02
6.019799709320068359e-01
4.875326752662658691e-01
-4.443973302841186523e-02
6.320683956146240234e-01
4.615471959114074707e-01
-4.950357973575592041e-02
5.510522723197937012e-01
6.281452775001525879e-01
-1.511797867715358734e-02
5.966509580612182617e-01
5.503027439117431641e-01
-2.121707983314990997e-02
6.268038153648376465e-01
5.045067071914672852e-01
-2.694315649569034576e-02
6.557343602180480957e-01
4.717301130294799805e-01
-3.098585642874240875e-02
5.694899559020996094e-01
6.570077538490295410e-01
-9.942426346242427826e-03
6.099443435668945312e-01
5.835194587707519531e-01
-1.551187690347433090e-02
6.365532875061035156e-01
5.388962030410766602e-01
-1.801544427871704102e-02
6.611163020133972168e-01
5.074442028999328613e-01
-1.917430758476257324e-02
5.781516432762145996e-01
6.814411878585815430e-01
-6.787706632167100906e-03
6.121960282325744629e-01
6.222370266914367676e-01
-1.097432058304548264e-02
6.336258053779602051e-01
5.864720344543457031e-01
-1.047090534120798111e-02
6.531451940536499023e-01
5.581576228141784668e-01
-8.618960157036781311e-03
