4.539100825786590576e-01
4.592181742191314697e-01
1.857237776903275517e-07
4.267553985118865967e-01
4.157862663269042969e-01
-9.704367257654666901e-03
4.262220859527587891e-01
3.673634529113769531e-01
-1.311945635825395584e-02
4.379804432392120361e-01
3.261245489120483398e-01
-1.447264291346073151e-02
4.414436221122741699e-01
2.930473983287811279e-01
-1.477877050638198853e-02
4.699663817882537842e-01
3.333982825279235840e-01
-7.541896775364875793e-03
4.923460781574249268e-01
2.861681282520294189e-01
-1.213228888809680939e-02
5.077155828475952148e-01
2.606447339057922363e-01
-1.611978188157081604e-02
5.209566354751586914e-01
2.412623614072799683e-01
-1.789427921175956726e-02
4.936908483505249023e-01
3.472620546817779541e-01
-5.138778127729892731e-03
5.142981410026550293e-01
2.958461046218872070e-01
-6.310268770903348923e-03
5.273872613906860352e-01
2.655913531780242920e-01
-8.023355156183242798e-03
5.389710068702697754e-01
2.424726486206054688e-01
-9.226433932781219482e-03
5.086984038352966309e-01
3.644818365573883057e-01
-3.650561207905411720e-03
5.266925096511840820e-01
3.185564875602722168e-01
-5.545477848500013351e-03
5.379109978675842285e-01
2.889794707298278809e-01
-6.210013292729854584e-03
5.470492243766784668e-01
2.670626342296600342e-01
-6.227316800504922867e-03
5.167652964591979980e-01
3.804340958595275879e-01
-3.040042473003268242e-03
5.297186970710754395e-01
3.413436710834503174e-01
-3.921849187463521957e-03
5.369796752929687500e-01
3.177695274353027344e-01
-1.784872030839323997e-03
5.424103736877441406e-01
2.996326088905334473e-01
6.892413948662579060e-04
