3.703003227710723877e-01
6.826067566871643066e-01
3.696070791647798615e-07
3.400432467460632324e-01
6.135092377662658691e-01
-1.415402721613645554e-02
3.424330651760101318e-01
5.481619834899902344e-01
-2.419424988329410553e-02
3.711100816726684570e-01
4.949896335601806641e-01
-3.112332336604595184e-02
3.927094340324401855e-01
4.523456096649169922e-01
-3.735657036304473877e-02
4.095370173454284668e-01
5.217145681381225586e-01
-2.895718254148960114e-02
4.582175910472869873e-01
4.539314806461334229e-01
-4.175300151109695435e-02
4.884342551231384277e-01
4.203580021858215332e-01
-4.853278025984764099e-02
5.148671865463256836e-01
3.972201943397521973e-01
-5.132216587662696838e-02
4.419059157371520996e-01
5.475738048553466797e-01
-2.792998962104320526e-02
4.941010773181915283e-01
4.727243781089782715e-01
-3.622613847255706787e-02
5.261156558990478516e-01
4.301604628562927246e-01
-4.029886797070503235e-02
5.521694421768188477e-01
4.017878770828247070e-01
-4.292519018054008484e-02
4.631516039371490479e-01
5.764250159263610840e-01
-2.724082022905349731e-02
5.090962052345275879e-01
5.080558657646179199e-01
-3.359161317348480225e-02
5.380238294601440430e-01
4.668337106704711914e-01
-3.753059357404708862e-02
5.612062811851501465e-01
4.370523393154144287e-01
-4.051697999238967896e-02
4.755672812461853027e-01
6.047425866127014160e-01
-2.744778618216514587e-02
5.094825029373168945e-01
5.550653338432312012e-01
-3.234016895294189453e-02
5.292585492134094238e-01
5.239329338073730469e-01
-3.339352831244468689e-02
5.458052754402160645e-01
4.977554678916931152e-01
-3.333073854446411133e-02
