4.781790673732757568e-01
5.329623222351074219e-01
2.469773789925966412e-07
4.505723714828491211e-01
4.901397824287414551e-01
-1.397230848670005798e-02
4.524348378181457520e-01
4.373646676540374756e-01
-2.020939067006111145e-02
4.641949236392974854e-01
3.983113765716552734e-01
-2.325055375695228577e-02
4.662386775016784668e-01
3.671180307865142822e-01
-2.563415095210075378e-02
4.908612966537475586e-01
4.253457188606262207e-01
-2.393201738595962524e-02
5.164177417755126953e-01
3.693151772022247314e-01
-3.573503717780113220e-02
5.361912846565246582e-01
3.362720310688018799e-01
-4.282310977578163147e-02
5.527272820472717285e-01
3.125801086425781250e-01
-4.582091048359870911e-02
5.115302205085754395e-01
4.382596015930175781e-01
-2.078127488493919373e-02
5.360163450241088867e-01
3.823690414428710938e-01
-2.924663759768009186e-02
5.550944209098815918e-01
3.489763140678405762e-01
-3.382644802331924438e-02
5.725442171096801758e-01
3.240357339382171631e-01
-3.654922544956207275e-02
5.251052975654602051e-01
4.492779672145843506e-01
-1.813420280814170837e-02
5.471996068954467773e-01
3.978219926357269287e-01
-2.557975985109806061e-02
5.629790425300598145e-01
3.667822480201721191e-01
-2.856602333486080170e-02
5.775445103645324707e-01
3.427780270576477051e-01
-2.955109439790248871e-02
5.319695472717285156e-01
4.565868377685546875e-01
-1.634468697011470795e-02
5.515641570091247559e-01
4.146550297737121582e-01
-2.243254333734512329e-02
5.643278956413269043e-01
3.868059515953063965e-01
-2.409886382520198822e-02
5.750302672386169434e-01
3.635501563549041748e-01
-2.411038801074028015e-02
