4.538857638835906982e-01
4.847224056720733643e-01
1.829435660738454317e-07
4.277440607547760010e-01
4.385992288589477539e-01
-5.060137249529361725e-03
4.269777238368988037e-01
3.851055800914764404e-01
-6.893152836710214615e-03
4.368510246276855469e-01
3.441140651702880859e-01
-7.068630307912826538e-03
4.409563541412353516e-01
3.129237592220306396e-01
-6.274224258959293365e-03
4.654696881771087646e-01
3.577798604965209961e-01
-1.081975921988487244e-02
4.905272126197814941e-01
3.006617724895477295e-01
-1.668027788400650024e-02
5.068770647048950195e-01
2.699456512928009033e-01
-1.923150755465030670e-02
5.199485421180725098e-01
2.489377558231353760e-01
-1.935451477766036987e-02
4.887017011642456055e-01
3.727054595947265625e-01
-1.052312273532152176e-02
5.114467144012451172e-01
3.114511370658874512e-01
-1.366392988711595535e-02
5.254113674163818359e-01
2.789989411830902100e-01
-1.416454743593931198e-02
5.374694466590881348e-01
2.549460530281066895e-01
-1.392138004302978516e-02
5.056130290031433105e-01
3.894317746162414551e-01
-1.021744124591350555e-02
5.245677828788757324e-01
3.352693021297454834e-01
-1.283810939639806747e-02
5.350907444953918457e-01
3.032168149948120117e-01
-1.181825343519449234e-02
5.440622568130493164e-01
2.789783775806427002e-01
-1.039296016097068787e-02
5.162320733070373535e-01
4.051071703433990479e-01
-1.019936054944992065e-02
5.302656888961791992e-01
3.593451678752899170e-01
-1.200685091316699982e-02
5.374513864517211914e-01
3.322078883647918701e-01
-9.415318258106708527e-03
5.430199503898620605e-01
3.107494115829467773e-01
-6.179867312312126160e-03
