3.645726144313812256e-01
8.412388563156127930e-01
4.786323870575870387e-07
3.319069445133209229e-01
7.860928177833557129e-01
-3.727348521351814270e-02
3.362063467502593994e-01
7.268776893615722656e-01
-5.646339431405067444e-02
3.596691489219665527e-01
6.807950735092163086e-01
-6.851287186145782471e-02
3.802412450313568115e-01
6.435580849647521973e-01
-7.887823134660720825e-02
4.166056811809539795e-01
7.157399654388427734e-01
-4.692099615931510925e-02
4.698470234870910645e-01
6.621849536895751953e-01
-6.919822096824645996e-02
5.098451375961303711e-01
6.372978091239929199e-01
-8.409181982278823853e-02
5.421078801155090332e-01
6.250534653663635254e-01
-9.124138951301574707e-02
4.404799342155456543e-01
7.415809631347656250e-01
-3.613021224737167358e-02
4.909237027168273926e-01
6.867332458496093750e-01
-5.382587388157844543e-02
5.281381607055664062e-01
6.576035618782043457e-01
-6.480306386947631836e-02
5.610808730125427246e-01
6.393518447875976562e-01
-7.107896357774734497e-02
4.549327492713928223e-01
7.582710981369018555e-01
-2.782908827066421509e-02
4.978533983230590820e-01
7.035328745841979980e-01
-4.276474192738533020e-02
5.303863286972045898e-01
6.739580631256103516e-01
-4.975448176264762878e-02
5.596945881843566895e-01
6.544841527938842773e-01
-5.230379104614257812e-02
4.611836373805999756e-01
7.659634351730346680e-01
-2.231245860457420349e-02
4.974924027919769287e-01
7.167809605598449707e-01
-3.403426334261894226e-02
5.246279835700988770e-01
6.889960169792175293e-01
-3.802735731005668640e-02
5.493963956832885742e-01
6.674783229827880859e-01
-3.848050907254219055e-02
