3.708762824535369873e-01
6.834223270416259766e-01
3.912518309334700461e-07
3.408222794532775879e-01
6.145488619804382324e-01
-1.415808871388435364e-02
3.444735109806060791e-01
5.508232712745666504e-01
-2.407526224851608276e-02
3.722226023674011230e-01
4.996550977230072021e-01
-3.108346089720726013e-02
3.912110924720764160e-01
4.568727016448974609e-01
-3.766297549009323120e-02
4.116328954696655273e-01
5.229747891426086426e-01
-2.830779366195201874e-02
4.591449201107025146e-01
4.572469890117645264e-01
-4.100896418094635010e-02
4.891084730625152588e-01
4.243312478065490723e-01
-4.810366779565811157e-02
5.150038599967956543e-01
4.013714492321014404e-01
-5.118023604154586792e-02
4.426380097866058350e-01
5.499159097671508789e-01
-2.801923453807830811e-02
4.941315054893493652e-01
4.763810634613037109e-01
-3.651383146643638611e-02
5.259913802146911621e-01
4.327417016029357910e-01
-4.126813635230064392e-02
5.516860485076904297e-01
4.035516381263732910e-01
-4.430826008319854736e-02
4.627086818218231201e-01
5.801456570625305176e-01
-2.816801890730857849e-02
5.092144608497619629e-01
5.131720304489135742e-01
-3.503393381834030151e-02
5.377169251441955566e-01
4.718518853187561035e-01
-3.969138488173484802e-02
5.605431795120239258e-01
4.419128298759460449e-01
-4.301037639379501343e-02
4.744287133216857910e-01
6.100550889968872070e-01
-2.919179946184158325e-02
5.097817778587341309e-01
5.623945593833923340e-01
-3.448373824357986450e-02
5.305338501930236816e-01
5.320440530776977539e-01
-3.578310832381248474e-02
5.482423901557922363e-01
5.063229799270629883e-01
-3.582176566123962402e-02
