4.497250318527221680e-01
6.931106448173522949e-01
3.131052608296158724e-07
4.072714447975158691e-01
6.239944100379943848e-01
-1.532396022230386734e-02
4.130475223064422607e-01
5.505642890930175781e-01
-1.898410730063915253e-02
4.463346600532531738e-01
4.954529106616973877e-01
-1.876294612884521484e-02
4.677795767784118652e-01
4.582366347312927246e-01
-1.654284819960594177e-02
4.820383489131927490e-01
5.199487209320068359e-01
-1.143647357821464539e-02
5.205046534538269043e-01
4.537886381149291992e-01
-1.685938425362110138e-02
5.471087098121643066e-01
4.202864170074462891e-01
-2.105689980089664459e-02
5.701169371604919434e-01
3.981537520885467529e-01
-2.245262823998928070e-02
5.149998664855957031e-01
5.439699888229370117e-01
-6.119860801845788956e-03
5.521563887596130371e-01
4.755289256572723389e-01
-8.194977417588233948e-03
5.763897299766540527e-01
4.373733699321746826e-01
-1.052891276776790619e-02
5.996903181076049805e-01
4.099821746349334717e-01
-1.167126093059778214e-02
5.353577136993408203e-01
5.669249892234802246e-01
-2.130969893187284470e-03
5.663375258445739746e-01
5.018062591552734375e-01
-4.904838744550943375e-03
5.867728590965270996e-01
4.645568132400512695e-01
-5.805328488349914551e-03
6.059830188751220703e-01
4.366210103034973145e-01
-5.536923650652170181e-03
5.455612540245056152e-01
5.853902697563171387e-01
5.143347661942243576e-04
5.700880885124206543e-01
5.306679010391235352e-01
1.425589289283379912e-04
5.847892165184020996e-01
4.994337856769561768e-01
2.792564220726490021e-03
5.978431701660156250e-01
4.749026894569396973e-01
5.896622780710458755e-03
