4.638333916664123535e-01
4.503500163555145264e-01
-1.185872946507515735e-07
4.976752996444702148e-01
4.054158329963684082e-01
-2.014399506151676178e-03
5.127476453781127930e-01
3.482164740562438965e-01
-5.308371037244796753e-03
5.161085724830627441e-01
3.061279356479644775e-01
-9.131398983299732208e-03
5.126493573188781738e-01
2.729848027229309082e-01
-1.176387071609497070e-02
4.830042421817779541e-01
3.101900815963745117e-01
-8.386855013668537140e-03
5.233861207962036133e-01
3.149467408657073975e-01
-2.082464471459388733e-02
5.240360498428344727e-01
3.439008593559265137e-01
-2.887717448174953461e-02
5.146815180778503418e-01
3.550977110862731934e-01
-3.400844335556030273e-02
4.678258001804351807e-01
3.244779109954833984e-01
-1.302888337522745132e-02
5.176507830619812012e-01
3.377173244953155518e-01
-2.041560970246791840e-02
5.173641443252563477e-01
3.635351955890655518e-01
-2.142184600234031677e-02
5.064819455146789551e-01
3.714773952960968018e-01
-2.392271719872951508e-02
4.590067267417907715e-01
3.477621078491210938e-01
-1.846925914287567139e-02
5.090982317924499512e-01
3.624174892902374268e-01
-2.565070241689682007e-02
5.078696012496948242e-01
3.829961419105529785e-01
-2.180363237857818604e-02
4.961532056331634521e-01
3.879270553588867188e-01
-2.048586681485176086e-02
4.545263946056365967e-01
3.731906414031982422e-01
-2.427333779633045197e-02
4.940274059772491455e-01
3.846296668052673340e-01
-2.887323312461376190e-02
4.954255223274230957e-01
4.026524722576141357e-01
-2.535264752805233002e-02
4.862060844898223877e-01
4.068742692470550537e-01
-2.312016487121582031e-02
