4.803051352500915527e-01
4.281817376613616943e-01
-2.110691923462582054e-07
5.089958310127258301e-01
3.890602588653564453e-01
-2.937570912763476372e-03
5.162703990936279297e-01
3.415899276733398438e-01
-6.441886071115732193e-03
5.125064849853515625e-01
3.026302456855773926e-01
-1.045959256589412689e-02
5.074272751808166504e-01
2.722941040992736816e-01
-1.312410924583673477e-02
4.947994947433471680e-01
3.012602329254150391e-01
-6.778963375836610794e-03
5.208278298377990723e-01
2.932785749435424805e-01
-1.926652342081069946e-02
5.246932506561279297e-01
3.264643847942352295e-01
-2.651919797062873840e-02
5.204972028732299805e-01
3.462955057621002197e-01
-2.995411120355129242e-02
4.774405956268310547e-01
3.099642992019653320e-01
-9.904230013489723206e-03
5.108128786087036133e-01
3.116357624530792236e-01
-1.919935829937458038e-02
5.164153575897216797e-01
3.415253460407257080e-01
-1.998283341526985168e-02
5.138618946075439453e-01
3.597442209720611572e-01
-1.952367462217807770e-02
4.635718762874603271e-01
3.248952329158782959e-01
-1.403617206960916519e-02
5.008942484855651855e-01
3.326596319675445557e-01
-2.268502302467823029e-02
5.077556967735290527e-01
3.585108518600463867e-01
-1.831462606787681580e-02
5.053857564926147461e-01
3.759265840053558350e-01
-1.390331983566284180e-02
4.529702365398406982e-01
3.427248001098632812e-01
-1.870212145149707794e-02
4.861919283866882324e-01
3.476512134075164795e-01
-2.352235652506351471e-02
4.939675927162170410e-01
3.677486777305603027e-01
-1.938824728131294250e-02
4.914973676204681396e-01
3.809074163436889648e-01
-1.467678789049386978e-02
