4.152841866016387939e-01
6.922549605369567871e-01
-1.215617544403357897e-07
4.540398120880126953e-01
6.385819911956787109e-01
-1.261623017489910126e-02
5.140082240104675293e-01
5.934900045394897461e-01
-3.130797669291496277e-02
5.469514727592468262e-01
5.509391427040100098e-01
-4.831890761852264404e-02
5.587126612663269043e-01
4.975364506244659424e-01
-6.294651329517364502e-02
5.334755778312683105e-01
6.192308068275451660e-01
-5.689320340752601624e-02
5.936035513877868652e-01
6.955819725990295410e-01
-8.256873488426208496e-02
5.729305148124694824e-01
6.926403045654296875e-01
-9.160158783197402954e-02
5.494487881660461426e-01
6.670546531677246094e-01
-9.555341303348541260e-02
5.090484023094177246e-01
6.621835827827453613e-01
-6.351198256015777588e-02
5.780645012855529785e-01
7.408753633499145508e-01
-8.340583741664886475e-02
5.559062957763671875e-01
7.306141853332519531e-01
-7.938897609710693359e-02
5.310748219490051270e-01
7.046093344688415527e-01
-7.745870947837829590e-02
4.845116436481475830e-01
7.077983617782592773e-01
-6.948442757129669189e-02
5.558586120605468750e-01
7.777433991432189941e-01
-8.325943350791931152e-02
5.365766882896423340e-01
7.682186365127563477e-01
-6.908275932073593140e-02
5.131989121437072754e-01
7.457212805747985840e-01
-6.061838567256927490e-02
4.621965587139129639e-01
7.517512440681457520e-01
-7.601110637187957764e-02
5.195277929306030273e-01
8.064651489257812500e-01
-8.332981914281845093e-02
5.119215846061706543e-01
8.027010560035705566e-01
-7.349365949630737305e-02
4.971611797809600830e-01
7.868463397026062012e-01
-6.724604964256286621e-02
