4.663953781127929688e-01
4.250712394714355469e-01
-2.607572753277054289e-07
4.935062229633331299e-01
3.864952325820922852e-01
-6.957092788070440292e-03
5.165573954582214355e-01
3.384129405021667480e-01
-9.646379388868808746e-03
5.242154598236083984e-01
3.007636368274688721e-01
-1.250797510147094727e-02
5.270602107048034668e-01
2.638097405433654785e-01
-1.420948281884193420e-02
5.143966078758239746e-01
3.151647746562957764e-01
-8.181350305676460266e-03
5.559495091438293457e-01
3.588137328624725342e-01
-2.221910655498504639e-02
5.420025587081909180e-01
3.689262866973876953e-01
-3.195263817906379700e-02
5.247758626937866211e-01
3.556803464889526367e-01
-3.936883062124252319e-02
5.009342432022094727e-01
3.367265760898590088e-01
-1.224899478256702423e-02
5.453507304191589355e-01
3.808838129043579102e-01
-2.438080869615077972e-02
5.279822349548339844e-01
3.840376436710357666e-01
-2.925668470561504364e-02
5.127742290496826172e-01
3.723850548267364502e-01
-3.449683636426925659e-02
4.876832067966461182e-01
3.632347583770751953e-01
-1.791899278759956360e-02
5.268829464912414551e-01
4.014284610748291016e-01
-2.942729368805885315e-02
5.125714540481567383e-01
4.056777954101562500e-01
-2.985870279371738434e-02
5.007840394973754883e-01
3.952871561050415039e-01
-3.074522875249385834e-02
4.772601723670959473e-01
3.908031880855560303e-01
-2.467842400074005127e-02
5.093241930007934570e-01
4.161304831504821777e-01
-3.335570916533470154e-02
4.993020892143249512e-01
4.172229170799255371e-01
-3.500995784997940063e-02
4.849682450294494629e-01
4.080041944980621338e-01
-3.642395883798599243e-02
