4.139174222946166992e-01
6.856994628906250000e-01
-1.167567376114675426e-07
4.529373943805694580e-01
6.355619430541992188e-01
-1.463319547474384308e-02
5.131219625473022461e-01
5.896927714347839355e-01
-3.295515850186347961e-02
5.418975949287414551e-01
5.431280732154846191e-01
-4.949167743325233459e-02
5.524559020996093750e-01
4.878927767276763916e-01
-6.344147026538848877e-02
5.296847224235534668e-01
6.063926219940185547e-01
-5.405094474554061890e-02
5.912157297134399414e-01
6.853451728820800781e-01
-8.055582642555236816e-02
5.712469816207885742e-01
6.824667453765869141e-01
-9.104252606630325317e-02
5.477717518806457520e-01
6.558948755264282227e-01
-9.608369320631027222e-02
5.046295523643493652e-01
6.455687880516052246e-01
-6.055445596575737000e-02
5.759100317955017090e-01
7.331347465515136719e-01
-8.033748716115951538e-02
5.529528856277465820e-01
7.211206555366516113e-01
-7.720448076725006104e-02
5.272905230522155762e-01
6.931260228157043457e-01
-7.629809528589248657e-02
4.795028269290924072e-01
6.891497969627380371e-01
-6.712762266397476196e-02
5.514723062515258789e-01
7.655484676361083984e-01
-8.086626231670379639e-02
5.298193693161010742e-01
7.524676322937011719e-01
-6.738015264272689819e-02
5.057702064514160156e-01
7.280287146568298340e-01
-5.993036925792694092e-02
4.566835761070251465e-01
7.322964668273925781e-01
-7.472128421068191528e-02
5.134109258651733398e-01
7.891239523887634277e-01
-8.146709203720092773e-02
4.975806176662445068e-01
7.766848802566528320e-01
-7.110580056905746460e-02
4.752884507179260254e-01
7.535099387168884277e-01
-6.510329991579055786e-02
