4.846614897251129150e-01
4.200053811073303223e-01
-1.466985253273378476e-07
5.178719162940979004e-01
3.850100338459014893e-01
-2.886208705604076385e-03
5.255965590476989746e-01
3.404746651649475098e-01
-6.464633159339427948e-03
5.235014557838439941e-01
3.094530999660491943e-01
-1.055142655968666077e-02
5.195801258087158203e-01
2.801797091960906982e-01
-1.292810682207345963e-02
5.033415555953979492e-01
2.989228665828704834e-01
-6.232976913452148438e-03
5.486811399459838867e-01
3.148455619812011719e-01
-1.800291053950786591e-02
5.440195202827453613e-01
3.385885059833526611e-01
-2.473320998251438141e-02
5.295779109001159668e-01
3.416070342063903809e-01
-2.943832613527774811e-02
4.937210381031036377e-01
3.103822767734527588e-01
-1.074679847806692123e-02
5.460811853408813477e-01
3.272596001625061035e-01
-2.050315402448177338e-02
5.409060716629028320e-01
3.488671481609344482e-01
-2.141194231808185577e-02
5.270727872848510742e-01
3.515968322753906250e-01
-2.283232659101486206e-02
4.878837466239929199e-01
3.309109210968017578e-01
-1.634005643427371979e-02
5.370742678642272949e-01
3.438435196876525879e-01
-2.526914328336715698e-02
5.334994196891784668e-01
3.651379048824310303e-01
-2.130550704896450043e-02
5.215917229652404785e-01
3.698657751083374023e-01
-1.896473951637744904e-02
4.856299757957458496e-01
3.553146123886108398e-01
-2.253180928528308868e-02
5.238646268844604492e-01
3.608559072017669678e-01
-2.916930429637432098e-02
5.223865509033203125e-01
3.763027489185333252e-01
-2.730554901063442230e-02
5.114658474922180176e-01
3.805804550647735596e-01
-2.578898333013057709e-02
