4.568371176719665527e-01
7.035468220710754395e-01
-2.747304392869409639e-07
5.011571645736694336e-01
6.335164308547973633e-01
-3.535088035278022289e-04
5.185900926589965820e-01
5.600858330726623535e-01
-6.347526330500841141e-03
5.285509228706359863e-01
5.046404600143432617e-01
-1.418369449675083160e-02
5.312130451202392578e-01
4.505212903022766113e-01
-1.968203112483024597e-02
4.751073718070983887e-01
5.023355484008789062e-01
-1.295084133744239807e-02
5.511370301246643066e-01
5.205799937248229980e-01
-3.335072100162506104e-02
5.490752458572387695e-01
5.636866092681884766e-01
-4.320782795548439026e-02
5.269598364830017090e-01
5.754542350769042969e-01
-4.903013259172439575e-02
4.648155868053436279e-01
5.248110890388488770e-01
-2.312675304710865021e-02
5.516825318336486816e-01
5.449910759925842285e-01
-4.108735918998718262e-02
5.512901544570922852e-01
5.906014442443847656e-01
-4.175776243209838867e-02
5.326917171478271484e-01
6.049243211746215820e-01
-4.218657687306404114e-02
4.601024687290191650e-01
5.621898174285888672e-01
-3.419837355613708496e-02
5.430275201797485352e-01
5.694911479949951172e-01
-5.267316475510597229e-02
5.468322038650512695e-01
6.119132041931152344e-01
-4.532319679856300354e-02
5.317288637161254883e-01
6.299088001251220703e-01
-3.880564868450164795e-02
4.605049788951873779e-01
6.081044673919677734e-01
-4.535400867462158203e-02
5.177102088928222656e-01
6.043636798858642578e-01
-5.929259955883026123e-02
5.291982293128967285e-01
6.306071281433105469e-01
-5.487646535038948059e-02
5.257371664047241211e-01
6.458249688148498535e-01
-4.954749718308448792e-02
