4.695810675621032715e-01
4.255297780036926270e-01
-1.632747341773210792e-07
4.870646893978118896e-01
3.827347159385681152e-01
-5.986807402223348618e-03
5.175813436508178711e-01
3.405804932117462158e-01
-1.294647157192230225e-02
5.347099900245666504e-01
3.075493872165679932e-01
-1.973785646259784698e-02
5.372253656387329102e-01
2.749375104904174805e-01
-2.485312148928642273e-02
5.426408052444458008e-01
3.467645943164825439e-01
-1.423955895006656647e-02
5.781411528587341309e-01
3.822729885578155518e-01
-2.595100179314613342e-02
5.651028752326965332e-01
3.871716260910034180e-01
-3.288422524929046631e-02
5.493725538253784180e-01
3.775688111782073975e-01
-3.732234984636306763e-02
5.401049256324768066e-01
3.751908838748931885e-01
-1.828940957784652710e-02
5.771441459655761719e-01
4.087641239166259766e-01
-2.524099126458168030e-02
5.621721744537353516e-01
4.132150113582611084e-01
-2.503501996397972107e-02
5.477271676063537598e-01
4.047088623046875000e-01
-2.631403692066669464e-02
5.347222089767456055e-01
4.064767956733703613e-01
-2.308086119592189789e-02
5.739616751670837402e-01
4.343144595623016357e-01
-2.919324859976768494e-02
5.596699714660644531e-01
4.373219907283782959e-01
-2.300396747887134552e-02
5.445930361747741699e-01
4.295318722724914551e-01
-1.979258097708225250e-02
5.277618765830993652e-01
4.378693401813507080e-01
-2.843043766915798187e-02
5.607679486274719238e-01
4.565746188163757324e-01
-3.105165623128414154e-02
5.486529469490051270e-01
4.577307999134063721e-01
-2.497255988419055939e-02
5.344808697700500488e-01
4.505939483642578125e-01
-2.118595503270626068e-02
