4.671043455600738525e-01
6.656739711761474609e-01
-2.376173569018646958e-07
4.996061921119689941e-01
6.050063371658325195e-01
-7.110300008207559586e-03
5.431991815567016602e-01
5.328567028045654297e-01
-1.252049021422863007e-02
5.667245984077453613e-01
4.767825305461883545e-01
-1.803576387465000153e-02
5.734580755233764648e-01
4.253014922142028809e-01
-2.075595408678054810e-02
5.534713268280029297e-01
4.895103573799133301e-01
-1.180114131420850754e-02
6.190617084503173828e-01
5.491690635681152344e-01
-3.042877465486526489e-02
6.099143624305725098e-01
5.758372545242309570e-01
-4.096588864922523499e-02
5.918195247650146484e-01
5.746191740036010742e-01
-4.771329089999198914e-02
5.462109446525573730e-01
5.165786147117614746e-01
-1.707673817873001099e-02
6.177874207496643066e-01
5.835978388786315918e-01
-2.929346077144145966e-02
6.017438173294067383e-01
6.037051677703857422e-01
-2.938235551118850708e-02
5.837215185165405273e-01
5.986096262931823730e-01
-3.143319115042686462e-02
5.393579006195068359e-01
5.544594526290893555e-01
-2.454258874058723450e-02
6.062899231910705566e-01
6.144196987152099609e-01
-3.534604981541633606e-02
5.902925133705139160e-01
6.287650465965270996e-01
-3.000330552458763123e-02
5.738483667373657227e-01
6.214478015899658203e-01
-2.735712192952632904e-02
5.352146625518798828e-01
5.973380208015441895e-01
-3.333008289337158203e-02
5.889186859130859375e-01
6.400258541107177734e-01
-3.823279961943626404e-02
5.766482949256896973e-01
6.490954160690307617e-01
-3.477200120687484741e-02
5.602596402168273926e-01
6.408499479293823242e-01
-3.297224268317222595e-02
