4.819386005401611328e-01
6.940948963165283203e-01
-9.139093037902057404e-08
5.267333984375000000e-01
6.189458370208740234e-01
1.001098379492759705e-02
5.462119579315185547e-01
5.579267740249633789e-01
1.540922559797763824e-03
5.593701601028442383e-01
5.108377337455749512e-01
-1.218719407916069031e-02
5.658308267593383789e-01
4.799457192420959473e-01
-2.289421856403350830e-02
5.218268036842346191e-01
4.739126861095428467e-01
-3.295992268249392509e-03
5.933189988136291504e-01
4.850303828716278076e-01
-2.037517726421356201e-02
5.854563713073730469e-01
5.225600600242614746e-01
-2.985964156687259674e-02
5.642206668853759766e-01
5.349408984184265137e-01
-3.521288558840751648e-02
5.156006813049316406e-01
4.919125139713287354e-01
-1.888542249798774719e-02
5.987589955329895020e-01
5.160297155380249023e-01
-3.051913715898990631e-02
5.873493552207946777e-01
5.506885647773742676e-01
-2.843213453888893127e-02
5.633904337882995605e-01
5.587913393974304199e-01
-2.786785736680030823e-02
5.139660239219665527e-01
5.205350518226623535e-01
-3.489715605974197388e-02
5.947260260581970215e-01
5.441327095031738281e-01
-4.012722522020339966e-02
5.826848149299621582e-01
5.749231576919555664e-01
-2.717955037951469421e-02
5.597568750381469727e-01
5.814126729965209961e-01
-2.030400559306144714e-02
5.162421464920043945e-01
5.558252334594726562e-01
-5.136017128825187683e-02
5.792113542556762695e-01
5.727149844169616699e-01
-4.855300486087799072e-02
5.709399580955505371e-01
5.989538431167602539e-01
-3.545347228646278381e-02
5.510880947113037109e-01
6.040512919425964355e-01
-2.745576202869415283e-02
