4.458681643009185791e-01
4.382111728191375732e-01
-2.367396092495255289e-07
4.707388281822204590e-01
3.935307562351226807e-01
-5.748074967414140701e-03
4.959027767181396484e-01
3.430052995681762695e-01
-9.640048258006572723e-03
5.063765048980712891e-01
3.040175735950469971e-01
-1.399186626076698303e-02
5.100927948951721191e-01
2.677899301052093506e-01
-1.655990630388259888e-02
4.984070956707000732e-01
3.226668238639831543e-01
-1.071846485137939453e-02
5.427430272102355957e-01
3.593062460422515869e-01
-2.516807988286018372e-02
5.298230648040771484e-01
3.727119565010070801e-01
-3.342713043093681335e-02
5.134266614913940430e-01
3.626305758953094482e-01
-3.931740298867225647e-02
4.877398610115051270e-01
3.473904132843017578e-01
-1.605415157973766327e-02
5.367872714996337891e-01
3.880839347839355469e-01
-2.805700339376926422e-02
5.201007127761840820e-01
3.947457969188690186e-01
-3.117757849395275116e-02
5.063716769218444824e-01
3.841731846332550049e-01
-3.496679663658142090e-02
4.784176647663116455e-01
3.773933947086334229e-01
-2.270384877920150757e-02
5.238756537437438965e-01
4.135140776634216309e-01
-3.349403291940689087e-02
5.078979730606079102e-01
4.171895980834960938e-01
-3.202824294567108154e-02
4.953337609767913818e-01
4.072783589363098145e-01
-3.174214437603950500e-02
4.709281623363494873e-01
4.078992009162902832e-01
-3.025325946509838104e-02
5.074162483215332031e-01
4.308921098709106445e-01
-3.711272776126861572e-02
4.961819350719451904e-01
4.310483932495117188e-01
-3.684020414948463440e-02
4.824171960353851318e-01
4.223551452159881592e-01
-3.703511133790016174e-02
