4.442355930805206299e-01
4.567099809646606445e-01
-2.273958727982972050e-07
4.808236658573150635e-01
4.092437028884887695e-01
-5.840265192091464996e-03
5.066019296646118164e-01
3.554700016975402832e-01
-1.057178620249032974e-02
5.166708230972290039e-01
3.121679723262786865e-01
-1.607619412243366241e-02
5.203654766082763672e-01
2.726305127143859863e-01
-1.983138173818588257e-02
5.021449923515319824e-01
3.270300030708312988e-01
-7.517324294894933701e-03
5.408406257629394531e-01
3.774220645427703857e-01
-2.380009181797504425e-02
5.311269760131835938e-01
3.941700458526611328e-01
-3.507917001843452454e-02
5.177606940269470215e-01
3.861448466777801514e-01
-4.323110729455947876e-02
4.868875145912170410e-01
3.498396873474121094e-01
-1.290432456880807877e-02
5.322920083999633789e-01
4.029603600502014160e-01
-2.601615525782108307e-02
5.202441215515136719e-01
4.121838212013244629e-01
-3.053401596844196320e-02
5.070801377296447754e-01
4.033252298831939697e-01
-3.539780154824256897e-02
4.725542664527893066e-01
3.783915340900421143e-01
-2.012422122061252594e-02
5.150461792945861816e-01
4.249320328235626221e-01
-3.249182924628257751e-02
5.059497952461242676e-01
4.315686821937561035e-01
-3.206723928451538086e-02
4.953729510307312012e-01
4.221071004867553711e-01
-3.205053880810737610e-02
4.608242511749267578e-01
4.092533886432647705e-01
-2.831201627850532532e-02
4.955288171768188477e-01
4.410778582096099854e-01
-3.698555380105972290e-02
4.908389151096343994e-01
4.428811073303222656e-01
-3.762724623084068298e-02
4.797573983669281006e-01
4.319858551025390625e-01
-3.808319196105003357e-02
