4.674150049686431885e-01
4.383806884288787842e-01
-1.422865096856185119e-07
4.906753599643707275e-01
3.974835574626922607e-01
-5.271616857498884201e-03
5.202330946922302246e-01
3.500325381755828857e-01
-1.031269505620002747e-02
5.356891155242919922e-01
3.099538981914520264e-01
-1.531841885298490524e-02
5.389168262481689453e-01
2.738912105560302734e-01
-1.862704381346702576e-02
5.234668850898742676e-01
3.306712508201599121e-01
-1.354703120887279510e-02
5.655187964439392090e-01
3.612644672393798828e-01
-2.877149358391761780e-02
5.597558617591857910e-01
3.796502649784088135e-01
-3.703439608216285706e-02
5.468376874923706055e-01
3.784285485744476318e-01
-4.201019927859306335e-02
5.171993970870971680e-01
3.517055511474609375e-01
-1.825012080371379852e-02
5.655704736709594727e-01
3.842451572418212891e-01
-2.949309162795543671e-02
5.557539463043212891e-01
3.976085186004638672e-01
-3.027307800948619843e-02
5.419497489929199219e-01
3.960502445697784424e-01
-3.156594187021255493e-02
5.109820365905761719e-01
3.796052336692810059e-01
-2.414234541356563568e-02
5.536157488822937012e-01
4.129916429519653320e-01
-3.264991194009780884e-02
5.441391468048095703e-01
4.194390773773193359e-01
-2.860749512910842896e-02
5.321897268295288086e-01
4.134878814220428467e-01
-2.650263532996177673e-02
5.053160786628723145e-01
4.101384282112121582e-01
-3.086364641785621643e-02
5.377283096313476562e-01
4.354338049888610840e-01
-3.483868762850761414e-02
5.296339392662048340e-01
4.370020031929016113e-01
-3.228794410824775696e-02
5.182272195816040039e-01
4.280339777469635010e-01
-3.109024465084075928e-02
