4.870089590549468994e-01
4.228045344352722168e-01
-1.089358860895117687e-07
5.106284618377685547e-01
3.837254047393798828e-01
-2.335155615583062172e-03
5.203210115432739258e-01
3.335689008235931396e-01
-5.163449328392744064e-03
5.228374600410461426e-01
2.995851337909698486e-01
-8.335660211741924286e-03
5.240535736083984375e-01
2.699375152587890625e-01
-1.025378145277500153e-02
4.968758821487426758e-01
2.967323362827301025e-01
-4.611525684595108032e-03
5.431393980979919434e-01
3.074533939361572266e-01
-1.477968972176313400e-02
5.422719717025756836e-01
3.268379867076873779e-01
-2.172321639955043793e-02
5.286989212036132812e-01
3.317290544509887695e-01
-2.673471346497535706e-02
4.920075535774230957e-01
3.109525442123413086e-01
-8.760785683989524841e-03
5.424373149871826172e-01
3.203728497028350830e-01
-1.631847769021987915e-02
5.406427979469299316e-01
3.393193185329437256e-01
-1.791021786630153656e-02
5.279919505119323730e-01
3.441353142261505127e-01
-2.014774829149246216e-02
4.912938475608825684e-01
3.331383466720581055e-01
-1.376185286790132523e-02
5.385812520980834961e-01
3.394108414649963379e-01
-2.116109058260917664e-02
5.367215275764465332e-01
3.578931987285614014e-01
-1.845450513064861298e-02
5.248389244079589844e-01
3.627020418643951416e-01
-1.727586612105369568e-02
4.938666820526123047e-01
3.584118783473968506e-01
-1.917393133044242859e-02
5.293516516685485840e-01
3.614409267902374268e-01
-2.456604875624179840e-02
5.284157991409301758e-01
3.767856657505035400e-01
-2.280248142778873444e-02
5.179727673530578613e-01
3.816367387771606445e-01
-2.163550630211830139e-02
