4.755891561508178711e-01
6.799354553222656250e-01
-1.914366976052406244e-07
5.115911960601806641e-01
6.187216043472290039e-01
-7.301157340407371521e-03
5.521390438079833984e-01
5.447101593017578125e-01
-1.370565779507160187e-02
5.729237794876098633e-01
4.861439764499664307e-01
-2.026936039328575134e-02
5.789322853088378906e-01
4.328317046165466309e-01
-2.451518177986145020e-02
5.544730424880981445e-01
4.970238804817199707e-01
-1.549789682030677795e-02
6.202072501182556152e-01
5.500729084014892578e-01
-3.652465716004371643e-02
6.171572804450988770e-01
5.821527242660522461e-01
-4.834149032831192017e-02
6.019437909126281738e-01
5.863167643547058105e-01
-5.511919409036636353e-02
5.445832014083862305e-01
5.256939530372619629e-01
-2.088879980146884918e-02
6.173328161239624023e-01
5.872573852539062500e-01
-3.448306396603584290e-02
6.092315912246704102e-01
6.143308281898498535e-01
-3.540883213281631470e-02
5.934893488883972168e-01
6.151723265647888184e-01
-3.787356242537498474e-02
5.362064838409423828e-01
5.660629868507385254e-01
-2.826590090990066528e-02
6.055428981781005859e-01
6.206036806106567383e-01
-4.148484393954277039e-02
5.969492197036743164e-01
6.406347751617431641e-01
-3.745303675532341003e-02
5.816606283187866211e-01
6.387299299240112305e-01
-3.496097028255462646e-02
5.307306647300720215e-01
6.109125614166259766e-01
-3.660082444548606873e-02
5.871021747589111328e-01
6.481937170028686523e-01
-4.310503602027893066e-02
5.815932750701904297e-01
6.614699363708496094e-01
-3.992659226059913635e-02
5.674281716346740723e-01
6.584990620613098145e-01
-3.779849037528038025e-02
