4.581605494022369385e-01
6.590946316719055176e-01
-1.863319312178646214e-07
4.933545589447021484e-01
5.995672345161437988e-01
-4.606873262673616409e-03
5.440457463264465332e-01
5.382643938064575195e-01
-1.066301763057708740e-02
5.750113129615783691e-01
4.866222441196441650e-01
-1.728928089141845703e-02
5.844084024429321289e-01
4.366932511329650879e-01
-2.164484746754169464e-02
5.578759312629699707e-01
5.074765682220458984e-01
-1.435243990272283554e-02
6.170704364776611328e-01
5.661097764968872070e-01
-3.350201621651649475e-02
6.097757220268249512e-01
5.975301265716552734e-01
-4.388996213674545288e-02
5.942803025245666504e-01
6.017684340476989746e-01
-4.981733858585357666e-02
5.501810908317565918e-01
5.348151922225952148e-01
-2.103106863796710968e-02
6.116806268692016602e-01
6.050432920455932617e-01
-3.298796713352203369e-02
5.992864370346069336e-01
6.299620270729064941e-01
-3.344937413930892944e-02
5.830661654472351074e-01
6.289827823638916016e-01
-3.557945787906646729e-02
5.408130884170532227e-01
5.730796456336975098e-01
-2.919108048081398010e-02
5.989723205566406250e-01
6.386681795120239258e-01
-4.009176045656204224e-02
5.858722329139709473e-01
6.551995277404785156e-01
-3.502448648214340210e-02
5.699098110198974609e-01
6.495486497879028320e-01
-3.232800588011741638e-02
5.322328805923461914e-01
6.156520843505859375e-01
-3.805147111415863037e-02
5.774782299995422363e-01
6.657549738883972168e-01
-4.294658824801445007e-02
5.677258372306823730e-01
6.767812967300415039e-01
-3.878158703446388245e-02
5.536645054817199707e-01
6.688548922538757324e-01
-3.613244742155075073e-02
