4.954661130905151367e-01
6.556970477104187012e-01
-2.966141607885219855e-07
5.476574301719665527e-01
6.040716171264648438e-01
-1.980816945433616638e-03
5.615491271018981934e-01
5.400442481040954590e-01
-5.557155702263116837e-03
5.618026256561279297e-01
4.932804405689239502e-01
-1.060528866946697235e-02
5.591936111450195312e-01
4.496172666549682617e-01
-1.278758142143487930e-02
5.314233899116516113e-01
4.743807315826416016e-01
-4.772189538925886154e-03
5.982697010040283203e-01
5.061749219894409180e-01
-2.229689247906208038e-02
5.871947407722473145e-01
5.433258414268493652e-01
-3.223509341478347778e-02
5.666751861572265625e-01
5.449202060699462891e-01
-3.926853463053703308e-02
5.157212615013122559e-01
4.888436198234558105e-01
-1.247394364327192307e-02
5.910233855247497559e-01
5.297926664352416992e-01
-2.748043090105056763e-02
5.774959325790405273e-01
5.644704103469848633e-01
-2.856910973787307739e-02
5.588682293891906738e-01
5.656241774559020996e-01
-3.023616597056388855e-02
5.052137374877929688e-01
5.173640251159667969e-01
-2.204502001404762268e-02
5.789896249771118164e-01
5.520862936973571777e-01
-3.685107082128524780e-02
5.675732493400573730e-01
5.829238295555114746e-01
-3.200043365359306335e-02
5.492293238639831543e-01
5.870578885078430176e-01
-2.874997816979885101e-02
5.001673698425292969e-01
5.531839132308959961e-01
-3.237422928214073181e-02
5.564669370651245117e-01
5.701138973236083984e-01
-4.447850584983825684e-02
5.521065592765808105e-01
5.927002429962158203e-01
-4.334031790494918823e-02
5.378527045249938965e-01
5.984292030334472656e-01
-4.145609587430953979e-02
