4.689917564392089844e-01
6.863210797309875488e-01
-2.296611825158834108e-07
5.023515224456787109e-01
6.146841049194335938e-01
-3.326511243358254433e-03
5.517722368240356445e-01
5.451855659484863281e-01
-9.184383787214756012e-03
5.828526616096496582e-01
4.883088469505310059e-01
-1.611105725169181824e-02
5.906644463539123535e-01
4.340842068195343018e-01
-2.096775360405445099e-02
5.656241178512573242e-01
5.205798745155334473e-01
-1.281523611396551132e-02
6.271149516105651855e-01
5.707131028175354004e-01
-3.097556531429290771e-02
6.189536452293395996e-01
5.962814092636108398e-01
-4.154886677861213684e-02
6.004360914230346680e-01
5.962413549423217773e-01
-4.826211556792259216e-02
5.591489076614379883e-01
5.525902509689331055e-01
-2.066294662654399872e-02
6.264935731887817383e-01
6.098654866218566895e-01
-2.976771816611289978e-02
6.129305362701416016e-01
6.323634386062622070e-01
-2.909113653004169464e-02
5.955628156661987305e-01
6.272774338722229004e-01
-3.193626925349235535e-02
5.518714785575866699e-01
5.953960418701171875e-01
-2.980705350637435913e-02
6.178921461105346680e-01
6.459275484085083008e-01
-3.851371631026268005e-02
6.022542119026184082e-01
6.606988310813903809e-01
-3.110949695110321045e-02
5.828300714492797852e-01
6.530013084411621094e-01
-2.819802612066268921e-02
5.448369383811950684e-01
6.414415240287780762e-01
-3.964946419000625610e-02
5.964420437812805176e-01
6.791713237762451172e-01
-4.305977374315261841e-02
5.829120874404907227e-01
6.861304044723510742e-01
-3.668222203850746155e-02
5.642073154449462891e-01
6.754025816917419434e-01
-3.327725827693939209e-02
