4.639893770217895508e-01
4.466444849967956543e-01
-1.569821108660107711e-07
4.861192703247070312e-01
4.027323126792907715e-01
-4.751386586576700211e-03
5.179176926612854004e-01
3.548018038272857666e-01
-9.708354249596595764e-03
5.352064371109008789e-01
3.144678175449371338e-01
-1.482299063354730606e-02
5.384665131568908691e-01
2.783187925815582275e-01
-1.815308257937431335e-02
5.221949219703674316e-01
3.354000151157379150e-01
-1.360607426613569260e-02
5.657657384872436523e-01
3.721712827682495117e-01
-2.789844386279582977e-02
5.557288527488708496e-01
3.851139843463897705e-01
-3.513117879629135132e-02
5.418404340744018555e-01
3.778255283832550049e-01
-3.964389488101005554e-02
5.146704316139221191e-01
3.567079603672027588e-01
-1.856136508285999298e-02
5.627599954605102539e-01
3.964767456054687500e-01
-2.846723422408103943e-02
5.492846965789794922e-01
4.050273895263671875e-01
-2.814234793186187744e-02
5.358272194862365723e-01
3.978923559188842773e-01
-2.934494055807590485e-02
5.073391199111938477e-01
3.846269547939300537e-01
-2.458130568265914917e-02
5.529146194458007812e-01
4.213480651378631592e-01
-3.298760578036308289e-02
5.397888422012329102e-01
4.271447062492370605e-01
-2.832338772714138031e-02
5.269761085510253906e-01
4.196518361568450928e-01
-2.603750489652156830e-02
5.010859370231628418e-01
4.150561392307281494e-01
-3.129282966256141663e-02
5.384037494659423828e-01
4.423062503337860107e-01
-3.477806225419044495e-02
5.282918214797973633e-01
4.456597864627838135e-01
-3.115308284759521484e-02
5.159382820129394531e-01
4.385027885437011719e-01
-2.938129752874374390e-02
