4.788537919521331787e-01
4.366888999938964844e-01
-1.661474158254350186e-07
5.078653693199157715e-01
3.969214558601379395e-01
-2.726951846852898598e-03
5.213823318481445312e-01
3.473374843597412109e-01
-5.694524385035037994e-03
5.248681902885437012e-01
3.123695254325866699e-01
-9.182620793581008911e-03
5.251684188842773438e-01
2.800309062004089355e-01
-1.081849262118339539e-02
5.005438327789306641e-01
3.090925216674804688e-01
-6.304319947957992554e-03
5.476382970809936523e-01
3.255322575569152832e-01
-1.808213070034980774e-02
5.404874086380004883e-01
3.447826206684112549e-01
-2.453945390880107880e-02
5.248184800148010254e-01
3.424210250377655029e-01
-2.920040860772132874e-02
4.925245046615600586e-01
3.242687880992889404e-01
-1.125587988644838333e-02
5.452309846878051758e-01
3.438398838043212891e-01
-2.072529867291450500e-02
5.353707075119018555e-01
3.602677583694458008e-01
-2.125132270157337189e-02
5.202121138572692871e-01
3.591396808624267578e-01
-2.277431078255176544e-02
4.876985847949981689e-01
3.470237255096435547e-01
-1.739335246384143829e-02
5.362017154693603516e-01
3.630354702472686768e-01
-2.547446638345718384e-02
5.275977253913879395e-01
3.802760839462280273e-01
-2.121591940522193909e-02
5.145726799964904785e-01
3.797408044338226318e-01
-1.925963349640369415e-02
4.864678382873535156e-01
3.724727034568786621e-01
-2.426752448081970215e-02
5.237651467323303223e-01
3.829146623611450195e-01
-2.954235300421714783e-02
5.176045894622802734e-01
3.960868120193481445e-01
-2.752037905156612396e-02
5.044521689414978027e-01
3.949403464794158936e-01
-2.647734619677066803e-02
