4.182918667793273926e-01
7.270795702934265137e-01
-1.751432279206710518e-07
4.536134302616119385e-01
6.585263013839721680e-01
-1.419036462903022766e-02
5.034859180450439453e-01
5.885886549949645996e-01
-3.145543113350868225e-02
5.274183750152587891e-01
5.317612886428833008e-01
-4.703987762331962585e-02
5.302662849426269531e-01
4.738354682922363281e-01
-6.009881943464279175e-02
5.035812854766845703e-01
6.011532545089721680e-01
-5.576827377080917358e-02
5.790335536003112793e-01
6.560124158859252930e-01
-8.474258333444595337e-02
5.622218847274780273e-01
6.700372695922851562e-01
-9.635074436664581299e-02
5.358642339706420898e-01
6.586723327636718750e-01
-1.019330471754074097e-01
4.837971329689025879e-01
6.498928070068359375e-01
-6.285109370946884155e-02
5.728276371955871582e-01
7.077425122261047363e-01
-8.433838933706283569e-02
5.528054237365722656e-01
7.138458490371704102e-01
-8.110366016626358032e-02
5.264008641242980957e-01
7.049303650856018066e-01
-8.073311299085617065e-02
4.687185585498809814e-01
7.031621336936950684e-01
-7.010889053344726562e-02
5.554440021514892578e-01
7.498686313629150391e-01
-8.541549742221832275e-02
5.369478464126586914e-01
7.493441700935363770e-01
-7.199318706989288330e-02
5.119934082031250000e-01
7.389791011810302734e-01
-6.454250216484069824e-02
4.576174616813659668e-01
7.529134750366210938e-01
-7.843664288520812988e-02
5.273283720016479492e-01
7.866784930229187012e-01
-8.491154760122299194e-02
5.169525742530822754e-01
7.822465300559997559e-01
-7.467216253280639648e-02
4.956145584583282471e-01
7.715914249420166016e-01
-6.910517066717147827e-02
