4.460352063179016113e-01
4.402315318584442139e-01
-1.205103785650862847e-07
4.732199609279632568e-01
3.935993313789367676e-01
-4.374790587462484837e-04
4.972909092903137207e-01
3.400716483592987061e-01
-3.956567030400037766e-03
5.085443854331970215e-01
3.003750443458557129e-01
-8.437618613243103027e-03
5.141423344612121582e-01
2.669582962989807129e-01
-1.163748558610677719e-02
4.905631244182586670e-01
3.072239160537719727e-01
-8.986935019493103027e-03
5.342001914978027344e-01
3.247276246547698975e-01
-2.226193621754646301e-02
5.330069065093994141e-01
3.523259460926055908e-01
-3.014303371310234070e-02
5.210676193237304688e-01
3.604895174503326416e-01
-3.465008735656738281e-02
4.804199337959289551e-01
3.258927166461944580e-01
-1.489395461976528168e-02
5.289463996887207031e-01
3.499013781547546387e-01
-2.259892597794532776e-02
5.270114541053771973e-01
3.732230067253112793e-01
-2.355425432324409485e-02
5.143986344337463379e-01
3.783875703811645508e-01
-2.601705119013786316e-02
4.722830653190612793e-01
3.530070185661315918e-01
-2.151357382535934448e-02
5.178528428077697754e-01
3.766981959342956543e-01
-2.866050414741039276e-02
5.148699283599853516e-01
3.951345086097717285e-01
-2.530876919627189636e-02
5.025563240051269531e-01
3.963523209095001221e-01
-2.412368543446063995e-02
4.670604169368743896e-01
3.835326433181762695e-01
-2.823233604431152344e-02
5.031723380088806152e-01
4.006663560867309570e-01
-3.188465163111686707e-02
5.006188750267028809e-01
4.142276644706726074e-01
-2.830519713461399078e-02
4.892977178096771240e-01
4.138970375061035156e-01
-2.620190940797328949e-02
