4.618246555328369141e-01
4.408462345600128174e-01
-1.209869822105247295e-07
4.931564033031463623e-01
3.973924517631530762e-01
-1.160652842372655869e-03
5.085480809211730957e-01
3.410567641258239746e-01
-4.691638052463531494e-03
5.142701268196105957e-01
3.005266189575195312e-01
-9.322523139417171478e-03
5.152558088302612305e-01
2.659118473529815674e-01
-1.204863283783197403e-02
4.847071766853332520e-01
3.023086190223693848e-01
-6.896537728607654572e-03
5.295429229736328125e-01
3.103711605072021484e-01
-2.164825610816478729e-02
5.292154550552368164e-01
3.390599191188812256e-01
-2.962473593652248383e-02
5.182396769523620605e-01
3.485703468322753906e-01
-3.375632688403129578e-02
4.717063605785369873e-01
3.176219463348388672e-01
-1.248969603329896927e-02
5.235096216201782227e-01
3.352960944175720215e-01
-2.282659336924552917e-02
5.217831730842590332e-01
3.603886067867279053e-01
-2.344388514757156372e-02
5.088788270950317383e-01
3.660453557968139648e-01
-2.459954842925071716e-02
4.626227021217346191e-01
3.409257531166076660e-01
-1.934422738850116730e-02
5.134588479995727539e-01
3.598173558712005615e-01
-2.851395867764949799e-02
5.118312239646911621e-01
3.816748857498168945e-01
-2.407520450651645660e-02
4.996303617954254150e-01
3.848043978214263916e-01
-2.147115021944046021e-02
4.572977423667907715e-01
3.677739500999450684e-01
-2.659621089696884155e-02
4.949478805065155029e-01
3.827350139617919922e-01
-3.198278695344924927e-02
4.934765696525573730e-01
3.993250131607055664e-01
-2.905205450952053070e-02
4.813935160636901855e-01
4.006422162055969238e-01
-2.693981491029262543e-02
