4.718386232852935791e-01
6.902399659156799316e-01
-2.348120631268102443e-07
5.096535086631774902e-01
6.210633516311645508e-01
-4.922467749565839767e-03
5.462502837181091309e-01
5.410234928131103516e-01
-1.067819353193044662e-02
5.641874670982360840e-01
4.792081713676452637e-01
-1.742269657552242279e-02
5.689024925231933594e-01
4.230236709117889404e-01
-2.194770798087120056e-02
5.439358353614807129e-01
4.945000410079956055e-01
-1.017055381089448929e-02
6.118614077568054199e-01
5.456358790397644043e-01
-2.971152029931545258e-02
6.084048748016357422e-01
5.779505372047424316e-01
-4.149220138788223267e-02
5.936025977134704590e-01
5.825420022010803223e-01
-4.896642640233039856e-02
5.358847975730895996e-01
5.244553089141845703e-01
-1.704409904778003693e-02
6.115085482597351074e-01
5.789218544960021973e-01
-2.990750782191753387e-02
6.024157404899597168e-01
6.066408753395080566e-01
-3.135975077748298645e-02
5.862340331077575684e-01
6.070163846015930176e-01
-3.452494367957115173e-02
5.301783680915832520e-01
5.653064846992492676e-01
-2.580620720982551575e-02
6.023824214935302734e-01
6.108629107475280762e-01
-3.836598247289657593e-02
5.930635929107666016e-01
6.331907510757446289e-01
-3.355599567294120789e-02
5.770148634910583496e-01
6.325229406356811523e-01
-3.076281212270259857e-02
5.284392833709716797e-01
6.099891066551208496e-01
-3.545057401061058044e-02
5.868814587593078613e-01
6.402385234832763672e-01
-4.176260530948638916e-02
5.806596279144287109e-01
6.550705432891845703e-01
-3.774368762969970703e-02
5.653498172760009766e-01
6.526384949684143066e-01
-3.507026657462120056e-02
