4.738350808620452881e-01
6.927003264427185059e-01
-1.374333891135393060e-07
5.063079595565795898e-01
6.257439255714416504e-01
-5.007277242839336395e-03
5.447610020637512207e-01
5.461513996124267578e-01
-1.238605938851833344e-02
5.658719539642333984e-01
4.819414019584655762e-01
-2.079354785382747650e-02
5.723035931587219238e-01
4.262703657150268555e-01
-2.661355026066303253e-02
5.442734956741333008e-01
4.979368746280670166e-01
-1.386489253491163254e-02
6.147406697273254395e-01
5.454595685005187988e-01
-3.374628722667694092e-02
6.112509965896606445e-01
5.787422657012939453e-01
-4.385158792138099670e-02
5.942141413688659668e-01
5.846409797668457031e-01
-4.948774725198745728e-02
5.366222262382507324e-01
5.238876342773437500e-01
-2.097345888614654541e-02
6.157564520835876465e-01
5.781817436218261719e-01
-3.453291952610015869e-02
6.038447022438049316e-01
6.062041521072387695e-01
-3.397147729992866516e-02
5.829523801803588867e-01
6.055620908737182617e-01
-3.489004820585250854e-02
5.308318734169006348e-01
5.619564652442932129e-01
-2.984701283276081085e-02
6.046614050865173340e-01
6.120694875717163086e-01
-4.131408408284187317e-02
5.918431878089904785e-01
6.341897845268249512e-01
-3.419123217463493347e-02
5.726570487022399902e-01
6.307909488677978516e-01
-2.985755167901515961e-02
5.277541875839233398e-01
6.049646139144897461e-01
-3.956475481390953064e-02
5.868003368377685547e-01
6.410222649574279785e-01
-4.351425170898437500e-02
5.768690705299377441e-01
6.562427878379821777e-01
-3.727322071790695190e-02
5.587799549102783203e-01
6.512820720672607422e-01
-3.341220319271087646e-02
