4.941904842853546143e-01
6.594827175140380859e-01
-2.631540496622619685e-07
5.401141047477722168e-01
6.115226149559020996e-01
-2.309308620169758797e-03
5.559251308441162109e-01
5.442033410072326660e-01
-5.674702581018209457e-03
5.588531494140625000e-01
4.943994879722595215e-01
-9.641053155064582825e-03
5.593601465225219727e-01
4.494355916976928711e-01
-1.104254182428121567e-02
5.264221429824829102e-01
4.750266075134277344e-01
-7.285223342478275299e-03
5.964721441268920898e-01
5.085974931716918945e-01
-2.192390337586402893e-02
5.897900462150573730e-01
5.409880876541137695e-01
-2.950241975486278534e-02
5.690349936485290527e-01
5.416870713233947754e-01
-3.494946286082267761e-02
5.138257741928100586e-01
4.925477802753448486e-01
-1.389337796717882156e-02
5.904554128646850586e-01
5.283429026603698730e-01
-2.605612948536872864e-02
5.807837247848510742e-01
5.583212971687316895e-01
-2.569286711513996124e-02
5.613729357719421387e-01
5.603352189064025879e-01
-2.680672705173492432e-02
5.064122676849365234e-01
5.221827626228332520e-01
-2.179721742868423462e-02
5.784307718276977539e-01
5.515673160552978516e-01
-3.414132818579673767e-02
5.719105601310729980e-01
5.815973877906799316e-01
-2.849558554589748383e-02
5.555532574653625488e-01
5.871295332908630371e-01
-2.510091476142406464e-02
5.037592649459838867e-01
5.578389167785644531e-01
-3.037426248192787170e-02
5.617436766624450684e-01
5.719827413558959961e-01
-4.022826999425888062e-02
5.594958066940307617e-01
5.963569283485412598e-01
-3.791609033942222595e-02
5.451073050498962402e-01
6.041756272315979004e-01
-3.561742603778839111e-02
