4.857670068740844727e-01
6.685865521430969238e-01
-2.614288803215458756e-07
5.277246236801147461e-01
6.124279499053955078e-01
1.972224097698926926e-03
5.457240939140319824e-01
5.472220182418823242e-01
-2.044908003881573677e-03
5.531964898109436035e-01
4.964348971843719482e-01
-8.515096269547939301e-03
5.556982755661010742e-01
4.506994485855102539e-01
-1.227185595780611038e-02
5.208857059478759766e-01
4.783523976802825928e-01
-2.647261833772063255e-03
5.917549133300781250e-01
5.031512975692749023e-01
-1.882931031286716461e-02
5.807083845138549805e-01
5.396127104759216309e-01
-2.866965159773826599e-02
5.585410594940185547e-01
5.466433167457580566e-01
-3.554997965693473816e-02
5.151944160461425781e-01
4.932879209518432617e-01
-1.249981764703989029e-02
5.964983701705932617e-01
5.252201557159423828e-01
-2.365176193416118622e-02
5.824481248855590820e-01
5.574071407318115234e-01
-2.297227829694747925e-02
5.606348514556884766e-01
5.608658790588378906e-01
-2.410680241882801056e-02
5.136782526969909668e-01
5.212309360504150391e-01
-2.373088151216506958e-02
5.913172364234924316e-01
5.476967096328735352e-01
-3.391595929861068726e-02
5.789305567741394043e-01
5.800017118453979492e-01
-2.617563307285308838e-02
5.594925284385681152e-01
5.859473943710327148e-01
-2.194254100322723389e-02
5.157471299171447754e-01
5.560739636421203613e-01
-3.556931018829345703e-02
5.782535076141357422e-01
5.734227895736694336e-01
-4.203530400991439819e-02
5.691486001014709473e-01
5.997815132141113281e-01
-3.674602508544921875e-02
5.501477718353271484e-01
6.060475111007690430e-01
-3.298390656709671021e-02
