4.330615401268005371e-01
7.116197943687438965e-01
-2.122014137739824946e-07
4.678252339363098145e-01
6.548864841461181641e-01
-7.055306807160377502e-03
5.061426162719726562e-01
5.811164379119873047e-01
-1.552173867821693420e-02
5.258605480194091797e-01
5.202958583831787109e-01
-2.440054342150688171e-02
5.271913409233093262e-01
4.679981470108032227e-01
-3.108473494648933411e-02
5.117406249046325684e-01
5.418748259544372559e-01
-1.725533045828342438e-02
5.855693817138671875e-01
5.841908454895019531e-01
-3.898394107818603516e-02
5.823810696601867676e-01
6.240763068199157715e-01
-5.144436284899711609e-02
5.619314312934875488e-01
6.316924095153808594e-01
-5.856459215283393860e-02
5.035474896430969238e-01
5.644598603248596191e-01
-2.330777049064636230e-02
5.782175660133361816e-01
6.109898686408996582e-01
-3.856401517987251282e-02
5.720478892326354980e-01
6.451984643936157227e-01
-4.053018242120742798e-02
5.498013496398925781e-01
6.483774185180664062e-01
-4.320535436272621155e-02
4.961733818054199219e-01
5.985621213912963867e-01
-3.100114129483699799e-02
5.677884817123413086e-01
6.361946463584899902e-01
-4.502557590603828430e-02
5.624970197677612305e-01
6.653643846511840820e-01
-3.940247371792793274e-02
5.422939658164978027e-01
6.676781177520751953e-01
-3.566708043217658997e-02
4.923987388610839844e-01
6.387883424758911133e-01
-3.944922238588333130e-02
5.514436364173889160e-01
6.632933020591735840e-01
-4.891438782215118408e-02
5.482128858566284180e-01
6.866552233695983887e-01
-4.447864368557929993e-02
5.304885506629943848e-01
6.897529363632202148e-01
-4.062561318278312683e-02
