4.191262125968933105e-01
7.020089030265808105e-01
-2.703559403016697615e-07
4.454620480537414551e-01
6.296462416648864746e-01
-2.420954697299748659e-04
4.903845489025115967e-01
5.722845196723937988e-01
-7.357161492109298706e-03
5.225716829299926758e-01
5.237494111061096191e-01
-1.535298023372888565e-02
5.366724729537963867e-01
4.773454964160919189e-01
-2.159770578145980835e-02
5.470819473266601562e-01
5.900453925132751465e-01
-7.853494025766849518e-03
5.899928808212280273e-01
6.253955364227294922e-01
-1.428485102951526642e-02
5.740463733673095703e-01
6.394166350364685059e-01
-1.988154463469982147e-02
5.523524284362792969e-01
6.356297135353088379e-01
-2.363152429461479187e-02
5.510859489440917969e-01
6.406372785568237305e-01
-1.422006357461214066e-02
5.911419987678527832e-01
6.665124893188476562e-01
-1.095830556005239487e-02
5.744862556457519531e-01
6.753549575805664062e-01
-8.638747967779636383e-03
5.518512725830078125e-01
6.710722446441650391e-01
-1.045964937657117844e-02
5.483332276344299316e-01
6.923035383224487305e-01
-2.034871093928813934e-02
5.897961854934692383e-01
7.078669667243957520e-01
-1.642606407403945923e-02
5.730808973312377930e-01
7.124905586242675781e-01
-7.249457761645317078e-03
5.493088960647583008e-01
7.076237201690673828e-01
-4.679653793573379517e-03
5.405778884887695312e-01
7.388783693313598633e-01
-2.664058282971382141e-02
5.731583237648010254e-01
7.406110167503356934e-01
-2.147865667939186096e-02
5.566482543945312500e-01
7.431507110595703125e-01
-9.793464094400405884e-03
5.360987782478332520e-01
7.407656908035278320e-01
-2.628404414281249046e-03
