4.557100832462310791e-01
6.568166017532348633e-01
-2.874244557915517362e-07
4.903759956359863281e-01
5.966234803199768066e-01
-5.488527473062276840e-03
5.490189790725708008e-01
5.389689803123474121e-01
-1.212661433964967728e-02
5.836163163185119629e-01
4.911643266677856445e-01
-1.864981651306152344e-02
5.931383967399597168e-01
4.412741661071777344e-01
-2.256148122251033783e-02
5.674670934677124023e-01
5.226678848266601562e-01
-1.978757046163082123e-02
6.230515837669372559e-01
5.936280488967895508e-01
-3.814139589667320251e-02
6.022017002105712891e-01
6.086431741714477539e-01
-4.752416908740997314e-02
5.803760290145874023e-01
5.920986533164978027e-01
-5.376335605978965759e-02
5.577732324600219727e-01
5.552071332931518555e-01
-2.708574943244457245e-02
6.152883172035217285e-01
6.306726932525634766e-01
-3.857448324561119080e-02
5.927803516387939453e-01
6.407715678215026855e-01
-3.770905360579490662e-02
5.741395354270935059e-01
6.246997117996215820e-01
-3.969564661383628845e-02
5.459402203559875488e-01
5.960450172424316406e-01
-3.535602241754531860e-02
6.005188822746276855e-01
6.637616157531738281e-01
-4.440135881304740906e-02
5.794511437416076660e-01
6.703508496284484863e-01
-3.645966202020645142e-02
5.623067617416381836e-01
6.533909440040588379e-01
-3.321250528097152710e-02
5.351076722145080566e-01
6.390432715415954590e-01
-4.447636753320693970e-02
5.806346535682678223e-01
6.911799907684326172e-01
-4.708540067076683044e-02
5.640715956687927246e-01
6.945819258689880371e-01
-4.028451070189476013e-02
5.479365587234497070e-01
6.792868971824645996e-01
-3.697640821337699890e-02
