4.187177121639251709e-01
6.965349316596984863e-01
-3.594893200897786301e-07
4.551753997802734375e-01
6.372729539871215820e-01
-9.539416059851646423e-03
5.045995116233825684e-01
5.712003111839294434e-01
-1.733943819999694824e-02
5.286184549331665039e-01
5.141078233718872070e-01
-2.507452853024005890e-02
5.339714288711547852e-01
4.596011042594909668e-01
-3.057810105383396149e-02
5.226732492446899414e-01
5.568103194236755371e-01
-2.381983958184719086e-02
5.925117135047912598e-01
6.197106838226318359e-01
-4.814520478248596191e-02
5.753096938133239746e-01
6.405058503150939941e-01
-6.161684915423393250e-02
5.494281649589538574e-01
6.262920498847961426e-01
-7.052346318960189819e-02
5.083786845207214355e-01
5.894896388053894043e-01
-3.185318410396575928e-02
5.839083194732666016e-01
6.574604511260986328e-01
-4.868510365486145020e-02
5.613700151443481445e-01
6.682672500610351562e-01
-5.039725452661514282e-02
5.372265577316284180e-01
6.515546441078186035e-01
-5.466038733720779419e-02
4.929293692111968994e-01
6.317572593688964844e-01
-4.184259846806526184e-02
5.621047616004943848e-01
6.904809474945068359e-01
-5.700504779815673828e-02
5.404036045074462891e-01
6.959046125411987305e-01
-5.224056541919708252e-02
5.193074941635131836e-01
6.785373687744140625e-01
-5.104960128664970398e-02
4.792773425579071045e-01
6.769288778305053711e-01
-5.304085835814476013e-02
5.307172536849975586e-01
7.195771336555480957e-01
-6.273233890533447266e-02
5.119592547416687012e-01
7.197014093399047852e-01
-6.055045872926712036e-02
4.905664920806884766e-01
7.024464607238769531e-01
-6.047440692782402039e-02
