4.698214828968048096e-01
6.545107960700988770e-01
-3.030353639132954413e-07
4.994407892227172852e-01
6.008263230323791504e-01
-6.662668660283088684e-03
5.402931571006774902e-01
5.350818037986755371e-01
-1.037546992301940918e-02
5.627564191818237305e-01
4.855571687221527100e-01
-1.374429371207952499e-02
5.724754929542541504e-01
4.380970299243927002e-01
-1.496515795588493347e-02
5.547215938568115234e-01
4.937664270401000977e-01
-1.124668959528207779e-02
6.139537096023559570e-01
5.520486235618591309e-01
-2.765222638845443726e-02
6.027274131774902344e-01
5.804356336593627930e-01
-3.756787255406379700e-02
5.839736461639404297e-01
5.788895487785339355e-01
-4.376445338129997253e-02
5.498604178428649902e-01
5.246440768241882324e-01
-1.636771298944950104e-02
6.117871403694152832e-01
5.797438025474548340e-01
-2.769219502806663513e-02
5.986361503601074219e-01
6.020843982696533203e-01
-2.899852022528648376e-02
5.817025303840637207e-01
6.043437123298645020e-01
-3.065472654998302460e-02
5.444104075431823730e-01
5.635355710983276367e-01
-2.314031310379505157e-02
5.984172821044921875e-01
6.096714138984680176e-01
-3.469656780362129211e-02
5.878349542617797852e-01
6.299005150794982910e-01
-3.137291222810745239e-02
5.741149783134460449e-01
6.331276297569274902e-01
-2.857509069144725800e-02
5.394957065582275391e-01
6.065335869789123535e-01
-3.085396438837051392e-02
5.803508758544921875e-01
6.371222138404846191e-01
-3.808365389704704285e-02
5.745276212692260742e-01
6.535230875015258789e-01
-3.573151677846908569e-02
5.649832487106323242e-01
6.573172807693481445e-01
-3.314356505870819092e-02
