4.627134501934051514e-01
6.460610032081604004e-01
-2.170491910646887845e-07
4.892400205135345459e-01
5.850782990455627441e-01
-1.873709377832710743e-03
5.402607917785644531e-01
5.254048109054565430e-01
-7.352204993367195129e-03
5.684349536895751953e-01
4.776046574115753174e-01
-1.314485725015401840e-02
5.745420455932617188e-01
4.303634166717529297e-01
-1.656694523990154266e-02
5.642960667610168457e-01
5.080746412277221680e-01
-1.369047444313764572e-02
6.215085983276367188e-01
5.691738724708557129e-01
-2.873484604060649872e-02
6.088199019432067871e-01
5.864478945732116699e-01
-3.700887039303779602e-02
5.877300500869750977e-01
5.792241096496582031e-01
-4.246673360466957092e-02
5.622848868370056152e-01
5.403240919113159180e-01
-2.151439338922500610e-02
6.204628944396972656e-01
6.058973073959350586e-01
-2.986088767647743225e-02
6.026887893676757812e-01
6.189400553703308105e-01
-2.926806546747684479e-02
5.828928947448730469e-01
6.084957718849182129e-01
-3.112101368606090546e-02
5.573312044143676758e-01
5.821029543876647949e-01
-2.990051172673702240e-02
6.129160523414611816e-01
6.421650052070617676e-01
-3.650338202714920044e-02
5.939733982086181641e-01
6.516065001487731934e-01
-2.955648303031921387e-02
5.755277276039123535e-01
6.379718184471130371e-01
-2.689433470368385315e-02
5.514670014381408691e-01
6.267146468162536621e-01
-3.876153007149696350e-02
5.963211059570312500e-01
6.737418770790100098e-01
-4.080194234848022461e-02
5.780326724052429199e-01
6.791244149208068848e-01
-3.467469662427902222e-02
5.596421957015991211e-01
6.652985215187072754e-01
-3.155050426721572876e-02
