4.379749894142150879e-01
7.423743009567260742e-01
-7.961830306157935411e-08
4.662820696830749512e-01
6.815141439437866211e-01
-5.564771592617034912e-03
5.100548863410949707e-01
6.082854866981506348e-01
-2.107218094170093536e-02
5.305691957473754883e-01
5.455580949783325195e-01
-3.738907724618911743e-02
5.317800045013427734e-01
4.877061247825622559e-01
-5.107156187295913696e-02
5.220149755477905273e-01
5.957521796226501465e-01
-3.932401537895202637e-02
6.002143025398254395e-01
6.353241801261901855e-01
-6.308305263519287109e-02
5.863029360771179199e-01
6.608365774154663086e-01
-7.146096974611282349e-02
5.621361732482910156e-01
6.561513543128967285e-01
-7.432167977094650269e-02
5.111984610557556152e-01
6.307637095451354980e-01
-4.859021306037902832e-02
5.952419042587280273e-01
6.772983670234680176e-01
-6.506706774234771729e-02
5.797581076622009277e-01
7.008166313171386719e-01
-6.120658293366432190e-02
5.535591244697570801e-01
6.925783157348632812e-01
-5.926854535937309265e-02
5.030952095985412598e-01
6.749591827392578125e-01
-5.787422508001327515e-02
5.870813131332397461e-01
7.140467166900634766e-01
-6.908757984638214111e-02
5.715280175209045410e-01
7.334086298942565918e-01
-5.524857714772224426e-02
5.454812645912170410e-01
7.252814769744873047e-01
-4.692243784666061401e-02
4.981598258018493652e-01
7.226833105087280273e-01
-6.755224615335464478e-02
5.635010004043579102e-01
7.492331266403198242e-01
-7.104028761386871338e-02
5.492989420890808105e-01
7.632225751876831055e-01
-5.942852795124053955e-02
5.258601307868957520e-01
7.553947567939758301e-01
-5.222598090767860413e-02
