4.645217657089233398e-01
4.195156693458557129e-01
-1.656071049183083232e-07
4.972050487995147705e-01
3.886232078075408936e-01
-1.680626766756176949e-03
5.131837725639343262e-01
3.436142504215240479e-01
-3.527358407154679298e-03
5.122376084327697754e-01
3.122696876525878906e-01
-6.204097997397184372e-03
5.071228146553039551e-01
2.866955995559692383e-01
-8.719325065612792969e-03
5.007778406143188477e-01
3.021095693111419678e-01
-2.713436959311366081e-03
5.275757908821105957e-01
3.257252275943756104e-01
-1.371349021792411804e-02
5.255504846572875977e-01
3.454133570194244385e-01
-2.435226924717426300e-02
5.138352513313293457e-01
3.490611910820007324e-01
-3.210873156785964966e-02
4.853853881359100342e-01
3.146617114543914795e-01
-7.669636048376560211e-03
5.170757174491882324e-01
3.422706723213195801e-01
-1.505917683243751526e-02
5.153146386146545410e-01
3.610664904117584229e-01
-2.114896290004253387e-02
5.038269162178039551e-01
3.636681735515594482e-01
-2.680808492004871368e-02
4.726166129112243652e-01
3.355665802955627441e-01
-1.304762437939643860e-02
5.021629333496093750e-01
3.619967401027679443e-01
-2.102707698941230774e-02
5.039579868316650391e-01
3.793705403804779053e-01
-2.108512632548809052e-02
4.949860572814941406e-01
3.824238479137420654e-01
-2.161153033375740051e-02
4.622339904308319092e-01
3.602984249591827393e-01
-1.879163272678852081e-02
4.878289103507995605e-01
3.819274902343750000e-01
-2.418675273656845093e-02
4.905591309070587158e-01
3.971242010593414307e-01
-2.184835821390151978e-02
4.837693274021148682e-01
4.005739092826843262e-01
-1.986663043498992920e-02
