4.790967404842376709e-01
6.445221900939941406e-01
-2.130051939275290351e-07
5.141885876655578613e-01
5.998982191085815430e-01
-2.171619096770882607e-03
5.396668314933776855e-01
5.367124676704406738e-01
-6.613956298679113388e-03
5.505361557006835938e-01
4.878918826580047607e-01
-1.187848858535289764e-02
5.547362565994262695e-01
4.422572851181030273e-01
-1.429066993296146393e-02
5.340009331703186035e-01
4.752631783485412598e-01
-7.340094540268182755e-03
6.021921634674072266e-01
5.164456963539123535e-01
-2.408034726977348328e-02
5.908190011978149414e-01
5.488443970680236816e-01
-3.279810026288032532e-02
5.696806907653808594e-01
5.514037609100341797e-01
-3.803649544715881348e-02
5.278460383415222168e-01
4.900555014610290527e-01
-1.426237635314464569e-02
6.013250946998596191e-01
5.400635004043579102e-01
-2.587842009961605072e-02
5.878632664680480957e-01
5.681136250495910645e-01
-2.469671890139579773e-02
5.698294639587402344e-01
5.679885745048522949e-01
-2.490794099867343903e-02
5.240091681480407715e-01
5.187801718711853027e-01
-2.280876226723194122e-02
5.934001207351684570e-01
5.643020272254943848e-01
-3.328726813197135925e-02
5.808528065681457520e-01
5.917397141456604004e-01
-2.581694908440113068e-02
5.641477704048156738e-01
5.931614637374877930e-01
-2.120533213019371033e-02
5.228543877601623535e-01
5.548415184020996094e-01
-3.218333050608634949e-02
5.769971609115600586e-01
5.864998102188110352e-01
-3.837480023503303528e-02
5.671402812004089355e-01
6.092665791511535645e-01
-3.386288881301879883e-02
5.505506396293640137e-01
6.117335557937622070e-01
-3.048177063465118408e-02
