4.172580838203430176e-01
6.979697942733764648e-01
-2.832872780800244072e-07
4.364952445030212402e-01
6.243187785148620605e-01
1.851751119829714298e-03
4.734522700309753418e-01
5.619624257087707520e-01
-4.353044088929891586e-03
4.995507895946502686e-01
5.104427933692932129e-01
-1.236674003303050995e-02
5.062730908393859863e-01
4.629230797290802002e-01
-1.807945221662521362e-02
5.347234606742858887e-01
5.681419372558593750e-01
-3.755297278985381126e-03
5.765041112899780273e-01
6.015997529029846191e-01
-7.035415153950452805e-03
5.614797472953796387e-01
6.193417310714721680e-01
-9.982383809983730316e-03
5.393620729446411133e-01
6.185052990913391113e-01
-1.255952194333076477e-02
5.455443859100341797e-01
6.126501560211181641e-01
-1.170928310602903366e-02
5.848041772842407227e-01
6.400896906852722168e-01
-6.322667002677917480e-03
5.670905709266662598e-01
6.540855765342712402e-01
-2.604908542707562447e-03
5.438002943992614746e-01
6.514542102813720703e-01
-4.016294144093990326e-03
5.478237867355346680e-01
6.624537706375122070e-01
-1.933442428708076477e-02
5.930801630020141602e-01
6.796529293060302734e-01
-1.588684879243373871e-02
5.755803585052490234e-01
6.908588409423828125e-01
-6.196217611432075500e-03
5.504652857780456543e-01
6.878715157508850098e-01
-3.030251944437623024e-03
5.437328219413757324e-01
7.109111547470092773e-01
-2.698301151394844055e-02
5.894895792007446289e-01
7.201488018035888672e-01
-2.393567189574241638e-02
5.781961679458618164e-01
7.277672886848449707e-01
-1.262425165623426437e-02
5.575233101844787598e-01
7.235195040702819824e-01
-5.292096640914678574e-03
