4.653875827789306641e-01
4.234596490859985352e-01
-1.611191748907003785e-07
4.935329556465148926e-01
3.884612917900085449e-01
-4.213371779769659042e-03
5.094578266143798828e-01
3.386083245277404785e-01
-8.207251317799091339e-03
5.135347247123718262e-01
3.026057481765747070e-01
-1.227746810764074326e-02
5.150531530380249023e-01
2.700994908809661865e-01
-1.560264453291893005e-02
4.966806173324584961e-01
2.970440685749053955e-01
-8.449234999716281891e-03
5.371569991111755371e-01
3.224436640739440918e-01
-2.178032137453556061e-02
5.323014855384826660e-01
3.435624241828918457e-01
-3.193700313568115234e-02
5.169825553894042969e-01
3.456451892852783203e-01
-3.898738324642181396e-02
4.840050935745239258e-01
3.135655224323272705e-01
-1.279713958501815796e-02
5.277124643325805664e-01
3.401464819908142090e-01
-2.222430706024169922e-02
5.229460597038269043e-01
3.582187891006469727e-01
-2.619200386106967926e-02
5.087084770202636719e-01
3.606539964675903320e-01
-3.038502857089042664e-02
4.736637473106384277e-01
3.374959230422973633e-01
-1.793765276670455933e-02
5.141752958297729492e-01
3.603443801403045654e-01
-2.705966122448444366e-02
5.125960111618041992e-01
3.784653246402740479e-01
-2.480343542993068695e-02
5.008098483085632324e-01
3.817425668239593506e-01
-2.382326498627662659e-02
4.664111733436584473e-01
3.647722303867340088e-01
-2.375262975692749023e-02
4.983392953872680664e-01
3.812239468097686768e-01
-3.042887523770332336e-02
4.990824460983276367e-01
3.971326351165771484e-01
-2.806788310408592224e-02
4.890161752700805664e-01
4.001725018024444580e-01
-2.604751288890838623e-02
