4.848738610744476318e-01
6.591756939888000488e-01
-2.415573021607997362e-07
5.351010560989379883e-01
6.148663163185119629e-01
-1.840179320424795151e-03
5.541607141494750977e-01
5.509785413742065430e-01
-5.751326680183410645e-03
5.585848689079284668e-01
5.016780495643615723e-01
-1.120130158960819244e-02
5.592609643936157227e-01
4.551017284393310547e-01
-1.356820948421955109e-02
5.336085557937622070e-01
4.788221418857574463e-01
-3.506400622427463531e-03
6.011294722557067871e-01
5.185030698776245117e-01
-2.082321979105472565e-02
5.869267582893371582e-01
5.516207814216613770e-01
-3.050441481173038483e-02
5.650398135185241699e-01
5.513324737548828125e-01
-3.714566305279731750e-02
5.235391855239868164e-01
4.897426664829254150e-01
-1.111562456935644150e-02
6.002057790756225586e-01
5.384309887886047363e-01
-2.447821944952011108e-02
5.833251476287841797e-01
5.685524344444274902e-01
-2.353474125266075134e-02
5.631979107856750488e-01
5.682337880134582520e-01
-2.386745810508728027e-02
5.169451832771301270e-01
5.155344009399414062e-01
-2.083948627114295959e-02
5.902047753334045410e-01
5.597794651985168457e-01
-3.287729248404502869e-02
5.750486850738525391e-01
5.895278453826904297e-01
-2.567694708704948425e-02
5.566326975822448730e-01
5.922885537147521973e-01
-2.133998461067676544e-02
5.142533779144287109e-01
5.494830012321472168e-01
-3.163649514317512512e-02
5.742642283439636230e-01
5.812937617301940918e-01
-4.019548371434211731e-02
5.632619857788085938e-01
6.049987673759460449e-01
-3.737837821245193481e-02
5.447540879249572754e-01
6.075911521911621094e-01
-3.509055078029632568e-02
