4.752555787563323975e-01
6.546480655670166016e-01
-8.924331496018567123e-08
5.027532577514648438e-01
5.979937314987182617e-01
-5.282176658511161804e-03
5.407859683036804199e-01
5.290889143943786621e-01
-1.092774048447608948e-02
5.612698197364807129e-01
4.751702249050140381e-01
-1.688543334603309631e-02
5.642831921577453613e-01
4.273514151573181152e-01
-2.096108719706535339e-02
5.453865528106689453e-01
4.825532436370849609e-01
-1.221252046525478363e-02
6.088446378707885742e-01
5.274091362953186035e-01
-3.124158084392547607e-02
6.160994172096252441e-01
5.606262087821960449e-01
-4.247356206178665161e-02
6.095119714736938477e-01
5.734130144119262695e-01
-4.844954237341880798e-02
5.396966934204101562e-01
5.073528885841369629e-01
-1.755612529814243317e-02
6.057946085929870605e-01
5.603933930397033691e-01
-2.894080616533756256e-02
6.058079600334167480e-01
5.906918644905090332e-01
-3.000594489276409149e-02
5.963479876518249512e-01
5.999414324760437012e-01
-3.201314806938171387e-02
5.344892144203186035e-01
5.442031621932983398e-01
-2.461979165673255920e-02
5.978382229804992676e-01
5.921956300735473633e-01
-3.529740869998931885e-02
5.947159528732299805e-01
6.154094338417053223e-01
-3.139495104551315308e-02
5.829041004180908203e-01
6.197522282600402832e-01
-2.891314402222633362e-02
5.320022702217102051e-01
5.858467817306518555e-01
-3.256474062800407410e-02
5.817055702209472656e-01
6.209902763366699219e-01
-3.764750808477401733e-02
5.785534977912902832e-01
6.375265121459960938e-01
-3.426872566342353821e-02
5.670450329780578613e-01
6.384291648864746094e-01
-3.172580897808074951e-02
