4.307108819484710693e-01
7.171654105186462402e-01
-3.483599755327304592e-07
4.826396405696868896e-01
6.719954013824462891e-01
-1.366817206144332886e-02
5.173657536506652832e-01
6.045917868614196777e-01
-2.317345514893531799e-02
5.356571078300476074e-01
5.452389717102050781e-01
-3.280363976955413818e-02
5.488200783729553223e-01
4.893507361412048340e-01
-4.414615780115127563e-02
4.933896958827972412e-01
5.736283063888549805e-01
-3.029875643551349640e-02
5.337573289871215820e-01
6.326512098312377930e-01
-5.955583602190017700e-02
5.344704985618591309e-01
6.687542796134948730e-01
-8.147201687097549438e-02
5.249611735343933105e-01
6.870437860488891602e-01
-9.456934779882431030e-02
4.605834484100341797e-01
5.939158201217651367e-01
-3.518680855631828308e-02
5.036404132843017578e-01
6.577140688896179199e-01
-5.808683484792709351e-02
5.082925558090209961e-01
6.929501295089721680e-01
-6.945557892322540283e-02
5.016843676567077637e-01
7.141855359077453613e-01
-7.894553989171981812e-02
4.295167922973632812e-01
6.240420341491699219e-01
-4.181091859936714172e-02
4.648245573043823242e-01
6.705571413040161133e-01
-6.294026970863342285e-02
4.704198241233825684e-01
6.992885470390319824e-01
-6.427098065614700317e-02
4.651200771331787109e-01
7.134435772895812988e-01
-6.505849212408065796e-02
4.018951356410980225e-01
6.569925546646118164e-01
-4.972139745950698853e-02
4.243826568126678467e-01
6.896927356719970703e-01
-6.470073759555816650e-02
4.328330159187316895e-01
7.076056003570556641e-01
-6.417436897754669189e-02
4.302811026573181152e-01
7.164148092269897461e-01
-6.310082972049713135e-02
