4.907866716384887695e-01
6.622507572174072266e-01
-3.439635065660695545e-07
5.444048643112182617e-01
6.085081696510314941e-01
-1.733181125018745661e-04
5.568039417266845703e-01
5.433614253997802734e-01
-3.196308854967355728e-03
5.552791357040405273e-01
4.965313076972961426e-01
-7.779814768582582474e-03
5.527343153953552246e-01
4.520045220851898193e-01
-9.264548309147357941e-03
5.184532999992370605e-01
4.765096902847290039e-01
-4.060438368469476700e-03
5.898661613464355469e-01
5.016168951988220215e-01
-2.097630873322486877e-02
5.778458118438720703e-01
5.448911786079406738e-01
-3.094279021024703979e-02
5.560143589973449707e-01
5.518703460693359375e-01
-3.872165456414222717e-02
5.062947869300842285e-01
4.874453246593475342e-01
-1.242625433951616287e-02
5.860173702239990234e-01
5.206575393676757812e-01
-2.738133072853088379e-02
5.719360709190368652e-01
5.620481967926025391e-01
-2.757916040718555450e-02
5.536714196205139160e-01
5.703124403953552246e-01
-2.884314954280853271e-02
5.006312131881713867e-01
5.133909583091735840e-01
-2.246438525617122650e-02
5.781636238098144531e-01
5.412220358848571777e-01
-3.556986153125762939e-02
5.649108290672302246e-01
5.781130790710449219e-01
-2.900510467588901520e-02
5.462234616279602051e-01
5.881834030151367188e-01
-2.536657266318798065e-02
5.016328692436218262e-01
5.465573668479919434e-01
-3.338208049535751343e-02
5.594367384910583496e-01
5.602971911430358887e-01
-4.452097788453102112e-02
5.523939132690429688e-01
5.855354070663452148e-01
-4.336788877844810486e-02
5.370393991470336914e-01
5.922080874443054199e-01
-4.203452914953231812e-02
