4.183671772480010986e-01
7.310778498649597168e-01
-2.100963456541649066e-07
4.528310596942901611e-01
6.614343523979187012e-01
-1.309110037982463837e-02
5.020615458488464355e-01
5.900793671607971191e-01
-2.894878014922142029e-02
5.251371860504150391e-01
5.319175124168395996e-01
-4.352420940995216370e-02
5.260597467422485352e-01
4.746075272560119629e-01
-5.560624599456787109e-02
5.011119842529296875e-01
5.999723672866821289e-01
-5.165746808052062988e-02
5.764673352241516113e-01
6.516181230545043945e-01
-7.991413027048110962e-02
5.613909363746643066e-01
6.662315130233764648e-01
-9.152850508689880371e-02
5.354620218276977539e-01
6.559613347053527832e-01
-9.732774645090103149e-02
4.822234511375427246e-01
6.493307352066040039e-01
-5.925971269607543945e-02
5.710691809654235840e-01
7.045446634292602539e-01
-8.023270964622497559e-02
5.505787134170532227e-01
7.101688385009765625e-01
-7.731047272682189941e-02
5.234832167625427246e-01
7.000455260276794434e-01
-7.735614478588104248e-02
4.683096706867218018e-01
7.028766870498657227e-01
-6.716460734605789185e-02
5.556171536445617676e-01
7.470331192016601562e-01
-8.311492949724197388e-02
5.357451438903808594e-01
7.472488880157470703e-01
-7.063244283199310303e-02
5.106115341186523438e-01
7.365894317626953125e-01
-6.370323151350021362e-02
4.584139287471771240e-01
7.538490295410156250e-01
-7.606682926416397095e-02
5.283991694450378418e-01
7.859684228897094727e-01
-8.331828564405441284e-02
5.155616998672485352e-01
7.816262245178222656e-01
-7.363730669021606445e-02
4.928122758865356445e-01
7.708468437194824219e-01
-6.833811104297637939e-02
