4.068706929683685303e-01
7.272349596023559570e-01
-3.661066045879124431e-07
4.654216766357421875e-01
6.671202182769775391e-01
-4.046982154250144958e-03
5.069817304611206055e-01
5.972772240638732910e-01
-1.016802713274955750e-02
5.295354723930358887e-01
5.398727059364318848e-01
-1.771869324147701263e-02
5.369842648506164551e-01
4.834919273853302002e-01
-2.373759821057319641e-02
4.953861832618713379e-01
5.573364496231079102e-01
-1.353778224438428879e-02
5.514827370643615723e-01
6.286630630493164062e-01
-3.413525968790054321e-02
5.355553030967712402e-01
6.679546833038330078e-01
-4.648100212216377258e-02
5.157073736190795898e-01
6.724319458007812500e-01
-5.469411239027976990e-02
4.724725484848022461e-01
5.850602984428405762e-01
-2.198645845055580139e-02
5.377165675163269043e-01
6.609657406806945801e-01
-3.787882626056671143e-02
5.244688391685485840e-01
6.927447915077209473e-01
-4.122586548328399658e-02
5.056975483894348145e-01
6.982806324958801270e-01
-4.562911763787269592e-02
4.501816630363464355e-01
6.221036911010742188e-01
-3.198162093758583069e-02
5.148069262504577637e-01
6.823299527168273926e-01
-4.900163412094116211e-02
5.088677406311035156e-01
7.076521515846252441e-01
-4.807432740926742554e-02
4.944226741790771484e-01
7.121710181236267090e-01
-4.731093719601631165e-02
4.321167171001434326e-01
6.625166535377502441e-01
-4.217231646180152893e-02
4.805836677551269531e-01
6.976034641265869141e-01
-5.574570968747138977e-02
4.834165275096893311e-01
7.154374718666076660e-01
-5.618732422590255737e-02
4.753583669662475586e-01
7.177202105522155762e-01
-5.571807175874710083e-02
