4.467784464359283447e-01
7.211286425590515137e-01
-3.521257951888401294e-07
4.950302839279174805e-01
6.857961416244506836e-01
-1.003980915993452072e-02
5.168685317039489746e-01
6.201615929603576660e-01
-1.491276826709508896e-02
5.170118808746337891e-01
5.628407001495361328e-01
-2.046836912631988525e-02
5.151332020759582520e-01
5.129262208938598633e-01
-2.346247807145118713e-02
5.005149841308593750e-01
5.448479652404785156e-01
-4.195137880742549896e-03
5.270881056785583496e-01
5.732672214508056641e-01
-3.108328394591808319e-02
5.236850976943969727e-01
6.281305551528930664e-01
-4.949552565813064575e-02
5.143138170242309570e-01
6.610554456710815430e-01
-5.774614959955215454e-02
4.709653258323669434e-01
5.433050990104675293e-01
-7.096890825778245926e-03
5.043780803680419922e-01
5.839126706123352051e-01
-2.888044528663158417e-02
5.037758350372314453e-01
6.388735175132751465e-01
-3.410858288407325745e-02
4.982382953166961670e-01
6.717057228088378906e-01
-3.381884843111038208e-02
4.419752955436706543e-01
5.557289123535156250e-01
-1.382198184728622437e-02
4.763500392436981201e-01
5.948056578636169434e-01
-3.477345779538154602e-02
4.801416993141174316e-01
6.437094807624816895e-01
-3.101237304508686066e-02
4.769730269908905029e-01
6.719347238540649414e-01
-2.382326498627662659e-02
4.155625998973846436e-01
5.804392695426940918e-01
-2.200052700936794281e-02
4.441657066345214844e-01
6.142494082450866699e-01
-3.615929558873176575e-02
4.487766027450561523e-01
6.503883600234985352e-01
-3.390392288565635681e-02
4.450778365135192871e-01
6.672075986862182617e-01
-2.817500755190849304e-02
