4.486661553382873535e-01
7.334738969802856445e-01
-9.664341149573374423e-08
4.852818250656127930e-01
6.743010878562927246e-01
-2.627025358378887177e-03
5.180334448814392090e-01
6.010150909423828125e-01
-1.059180404990911484e-02
5.311234593391418457e-01
5.397425293922424316e-01
-2.010740153491497040e-02
5.254047513008117676e-01
4.897082149982452393e-01
-2.747437730431556702e-02
5.162193179130554199e-01
5.541048049926757812e-01
-1.344012003391981125e-02
5.891110301017761230e-01
5.905912518501281738e-01
-3.525219485163688660e-02
5.871308445930480957e-01
6.278074383735656738e-01
-4.705873876810073853e-02
5.667399168014526367e-01
6.380639076232910156e-01
-5.322841182351112366e-02
5.075760483741760254e-01
5.763603448867797852e-01
-2.230937406420707703e-02
5.847325325012207031e-01
6.143891811370849609e-01
-3.742070123553276062e-02
5.811982750892639160e-01
6.505581736564636230e-01
-3.853281587362289429e-02
5.613454580307006836e-01
6.589776873588562012e-01
-3.963342681527137756e-02
4.999439418315887451e-01
6.119583845138549805e-01
-3.253495693206787109e-02
5.743263363838195801e-01
6.409404873847961426e-01
-4.654016718268394470e-02
5.734722018241882324e-01
6.722581982612609863e-01
-4.114826023578643799e-02
5.571709871292114258e-01
6.795766353607177734e-01
-3.694211319088935852e-02
4.939541816711425781e-01
6.544405221939086914e-01
-4.297791421413421631e-02
5.505853295326232910e-01
6.788491606712341309e-01
-5.089339613914489746e-02
5.545250773429870605e-01
7.039532065391540527e-01
-4.627857357263565063e-02
5.460132956504821777e-01
7.130847573280334473e-01
-4.236241057515144348e-02
