4.946683943271636963e-01
6.566476225852966309e-01
-2.500451898868050193e-07
5.487413406372070312e-01
6.070537567138671875e-01
-2.795522566884756088e-03
5.620453357696533203e-01
5.442007184028625488e-01
-6.900880485773086548e-03
5.613722801208496094e-01
4.967629611492156982e-01
-1.216752268373966217e-02
5.589471459388732910e-01
4.538809657096862793e-01
-1.447393372654914856e-02
5.303243398666381836e-01
4.745103418827056885e-01
-5.624811165034770966e-03
5.969063043594360352e-01
5.073307156562805176e-01
-2.304316498339176178e-02
5.853958129882812500e-01
5.434180498123168945e-01
-3.270653262734413147e-02
5.655562281608581543e-01
5.474359393119812012e-01
-3.946574777364730835e-02
5.150569677352905273e-01
4.870120584964752197e-01
-1.226648222655057907e-02
5.901125073432922363e-01
5.299774408340454102e-01
-2.689875103533267975e-02
5.778620839118957520e-01
5.649318099021911621e-01
-2.693710289895534515e-02
5.607311129570007324e-01
5.688551664352416992e-01
-2.793654240667819977e-02
5.055033564567565918e-01
5.146674513816833496e-01
-2.090654149651527405e-02
5.793583393096923828e-01
5.517566800117492676e-01
-3.517419844865798950e-02
5.684031248092651367e-01
5.833691954612731934e-01
-2.977734431624412537e-02
5.510328412055969238e-01
5.890611410140991211e-01
-2.628240920603275299e-02
5.012191534042358398e-01
5.499663352966308594e-01
-3.037036210298538208e-02
5.573872923851013184e-01
5.720480084419250488e-01
-4.187691584229469299e-02
5.511059761047363281e-01
5.964798331260681152e-01
-4.080953449010848999e-02
5.355876684188842773e-01
6.010611057281494141e-01
-3.928957879543304443e-02
