4.463186562061309814e-01
7.340838909149169922e-01
-1.606394448572245892e-07
4.824553132057189941e-01
6.718214154243469238e-01
-1.724414294585585594e-03
5.150693655014038086e-01
5.980265736579895020e-01
-8.533363230526447296e-03
5.279052853584289551e-01
5.379326939582824707e-01
-1.724760234355926514e-02
5.229097604751586914e-01
4.884636998176574707e-01
-2.420199848711490631e-02
5.144290328025817871e-01
5.552220344543457031e-01
-1.181703899055719376e-02
5.872569680213928223e-01
5.875835418701171875e-01
-3.438112139701843262e-02
5.879104733467102051e-01
6.231144666671752930e-01
-4.782703146338462830e-02
5.677526593208312988e-01
6.340405941009521484e-01
-5.517357587814331055e-02
5.061182975769042969e-01
5.785588622093200684e-01
-2.108231745660305023e-02
5.818402767181396484e-01
6.137480735778808594e-01
-3.614788502454757690e-02
5.804203152656555176e-01
6.477088332176208496e-01
-3.823155164718627930e-02
5.601761937141418457e-01
6.555761694908142090e-01
-4.054465889930725098e-02
4.991371929645538330e-01
6.153281927108764648e-01
-3.173891082406044006e-02
5.711493492126464844e-01
6.387124657630920410e-01
-4.586889967322349548e-02
5.721725225448608398e-01
6.685136556625366211e-01
-4.060186818242073059e-02
5.555865168571472168e-01
6.760902404785156250e-01
-3.684251755475997925e-02
4.936854839324951172e-01
6.584291458129882812e-01
-4.270225763320922852e-02
5.506964921951293945e-01
6.783422827720642090e-01
-5.183930695056915283e-02
5.544449687004089355e-01
7.010764479637145996e-01
-4.748632013797760010e-02
5.438185930252075195e-01
7.082391977310180664e-01
-4.364827275276184082e-02
