4.412672817707061768e-01
7.193392515182495117e-01
-3.559771926120447461e-07
4.940631687641143799e-01
6.442140936851501465e-01
1.263098674826323986e-03
5.134665966033935547e-01
5.646008849143981934e-01
-3.654641099274158478e-03
5.189411044120788574e-01
5.050344467163085938e-01
-1.136384531855583191e-02
5.142725706100463867e-01
4.499222040176391602e-01
-1.737317256629467010e-02
4.816774427890777588e-01
5.119413733482360840e-01
-8.892948739230632782e-03
5.480871200561523438e-01
5.444638729095458984e-01
-3.313699364662170410e-02
5.501690506935119629e-01
5.976886153221130371e-01
-4.638305306434631348e-02
5.390661358833312988e-01
6.264798045158386230e-01
-5.298566445708274841e-02
4.649153649806976318e-01
5.347226858139038086e-01
-1.990833505988121033e-02
5.450945496559143066e-01
5.666388273239135742e-01
-4.297855868935585022e-02
5.479183793067932129e-01
6.198526620864868164e-01
-4.712412133812904358e-02
5.388531684875488281e-01
6.531169414520263672e-01
-4.732322320342063904e-02
4.518062174320220947e-01
5.709676742553710938e-01
-3.242931142449378967e-02
5.271840095520019531e-01
5.932500362396240234e-01
-5.517213046550750732e-02
5.329110622406005859e-01
6.372240781784057617e-01
-5.306858941912651062e-02
5.267676115036010742e-01
6.646685004234313965e-01
-4.781774803996086121e-02
4.441226720809936523e-01
6.152196526527404785e-01
-4.468663781881332397e-02
4.837340414524078369e-01
6.268413662910461426e-01
-6.194870546460151672e-02
4.932418465614318848e-01
6.411150097846984863e-01
-6.353518366813659668e-02
4.952974021434783936e-01
6.464332342147827148e-01
-6.155293434858322144e-02
