4.482426643371582031e-01
7.166720628738403320e-01
-3.286208425379300024e-07
4.942261278629302979e-01
6.811602711677551270e-01
-1.025197282433509827e-02
5.161917209625244141e-01
6.151202917098999023e-01
-1.468987204134464264e-02
5.177130699157714844e-01
5.585080981254577637e-01
-1.962552033364772797e-02
5.156646966934204102e-01
5.095243453979492188e-01
-2.193464152514934540e-02
4.946607351303100586e-01
5.396316647529602051e-01
-4.931325558573007584e-03
5.259998440742492676e-01
5.577304959297180176e-01
-2.924863062798976898e-02
5.227296948432922363e-01
6.139892935752868652e-01
-4.477859288454055786e-02
5.124911069869995117e-01
6.469690203666687012e-01
-5.102368071675300598e-02
4.652902781963348389e-01
5.381269454956054688e-01
-7.126122247427701950e-03
5.006033182144165039e-01
5.719013214111328125e-01
-2.734875679016113281e-02
5.004080533981323242e-01
6.290782094001770020e-01
-3.040316700935363770e-02
4.948012530803680420e-01
6.624194979667663574e-01
-2.845755219459533691e-02
4.365946650505065918e-01
5.500546693801879883e-01
-1.298483647406101227e-02
4.723767042160034180e-01
5.808165073394775391e-01
-3.309271112084388733e-02
4.774012863636016846e-01
6.335504651069641113e-01
-2.693880721926689148e-02
4.753617048263549805e-01
6.662144660949707031e-01
-1.773143745958805084e-02
4.100068211555480957e-01
5.731863379478454590e-01
-2.021490409970283508e-02
4.407168626785278320e-01
5.921436548233032227e-01
-3.294705599546432495e-02
4.467423260211944580e-01
6.282151937484741211e-01
-2.799083851277828217e-02
4.433874487876892090e-01
6.480782032012939453e-01
-2.017970569431781769e-02
