4.275278151035308838e-01
7.377345561981201172e-01
-1.821930908363356139e-07
4.540385901927947998e-01
6.691266298294067383e-01
-1.025250367820262909e-02
5.022391080856323242e-01
6.011430025100708008e-01
-2.711346745491027832e-02
5.277003049850463867e-01
5.471853613853454590e-01
-4.273223131895065308e-02
5.310501456260681152e-01
4.915706515312194824e-01
-5.535323545336723328e-02
5.264860987663269043e-01
6.220960617065429688e-01
-5.040274187922477722e-02
6.076505780220031738e-01
6.655044555664062500e-01
-7.482627779245376587e-02
5.854884982109069824e-01
6.740410327911376953e-01
-8.332256972789764404e-02
5.542504191398620605e-01
6.635608673095703125e-01
-8.618278056383132935e-02
5.174688100814819336e-01
6.776013970375061035e-01
-5.745940282940864563e-02
6.042981147766113281e-01
7.196802496910095215e-01
-7.392488420009613037e-02
5.785214304924011230e-01
7.196169495582580566e-01
-6.850275397300720215e-02
5.459241271018981934e-01
7.065340280532836914e-01
-6.555365025997161865e-02
5.073392391204833984e-01
7.343647480010986328e-01
-6.397660076618194580e-02
5.939155220985412598e-01
7.688940763473510742e-01
-7.513615489006042480e-02
5.695059895515441895e-01
7.672834992408752441e-01
-5.917640402913093567e-02
5.383620858192443848e-01
7.563840746879577637e-01
-4.955625161528587341e-02
4.975765347480773926e-01
7.878978252410888672e-01
-7.093901187181472778e-02
5.648427009582519531e-01
8.131986856460571289e-01
-7.651231437921524048e-02
5.479462146759033203e-01
8.090734481811523438e-01
-6.399019062519073486e-02
5.224799513816833496e-01
7.978127598762512207e-01
-5.550630390644073486e-02
