4.214128851890563965e-01
7.268478274345397949e-01
-3.951722646888811141e-07
4.546330571174621582e-01
6.539016962051391602e-01
-9.040171280503273010e-03
4.978383481502532959e-01
5.800338387489318848e-01
-1.773089170455932617e-02
5.172688961029052734e-01
5.180128216743469238e-01
-2.662276849150657654e-02
5.165991187095642090e-01
4.630000591278076172e-01
-3.374663740396499634e-02
5.093113780021667480e-01
5.737415552139282227e-01
-2.827393263578414917e-02
5.894501805305480957e-01
6.206864118576049805e-01
-5.314699187874794006e-02
5.727843642234802246e-01
6.369188427925109863e-01
-6.746561080217361450e-02
5.441550612449645996e-01
6.230840086936950684e-01
-7.730247080326080322e-02
4.974192976951599121e-01
6.177055835723876953e-01
-3.746774420142173767e-02
5.829566717147827148e-01
6.659376621246337891e-01
-5.369903892278671265e-02
5.600570440292358398e-01
6.744785308837890625e-01
-5.585480108857154846e-02
5.346596837043762207e-01
6.608324646949768066e-01
-6.137949228286743164e-02
4.863006174564361572e-01
6.675943136215209961e-01
-4.812525212764739990e-02
5.656358003616333008e-01
7.086398601531982422e-01
-6.295328587293624878e-02
5.423698425292968750e-01
7.140218615531921387e-01
-5.853723362088203430e-02
5.192955136299133301e-01
7.010370492935180664e-01
-5.810329690575599670e-02
4.783118665218353271e-01
7.182165980339050293e-01
-5.995803698897361755e-02
5.368319749832153320e-01
7.544988393783569336e-01
-6.971600651741027832e-02
5.196602940559387207e-01
7.529383301734924316e-01
-6.768675893545150757e-02
4.976035654544830322e-01
7.394841313362121582e-01
-6.785959750413894653e-02
