4.652494192123413086e-01
6.883462071418762207e-01
-1.911370901552800206e-07
4.906736016273498535e-01
6.162122488021850586e-01
-5.039524286985397339e-03
5.385430455207824707e-01
5.419668555259704590e-01
-1.133432332426309586e-02
5.692806243896484375e-01
4.834457039833068848e-01
-1.816321536898612976e-02
5.774435997009277344e-01
4.288502335548400879e-01
-2.269027009606361389e-02
5.488809943199157715e-01
5.138552784919738770e-01
-1.587410084903240204e-02
6.168836355209350586e-01
5.585555434226989746e-01
-3.456592187285423279e-02
6.102778911590576172e-01
5.848158597946166992e-01
-4.420163482427597046e-02
5.926231741905212402e-01
5.868308544158935547e-01
-4.975038394331932068e-02
5.449342727661132812e-01
5.480653047561645508e-01
-2.291457727551460266e-02
6.196070909500122070e-01
5.966181159019470215e-01
-3.423792868852615356e-02
6.064627766609191895e-01
6.200848817825317383e-01
-3.319627419114112854e-02
5.871124267578125000e-01
6.195463538169860840e-01
-3.440689295530319214e-02
5.407819747924804688e-01
5.914191603660583496e-01
-3.132297843694686890e-02
6.112454533576965332e-01
6.334960460662841797e-01
-4.114091396331787109e-02
5.962976217269897461e-01
6.496569514274597168e-01
-3.374388441443443298e-02
5.765296220779418945e-01
6.451854705810546875e-01
-2.995389141142368317e-02
5.378540158271789551e-01
6.376937627792358398e-01
-4.048558697104454041e-02
5.931603908538818359e-01
6.687691211700439453e-01
-4.392421245574951172e-02
5.803568363189697266e-01
6.783209443092346191e-01
-3.749956190586090088e-02
5.616887807846069336e-01
6.712254285812377930e-01
-3.376333788037300110e-02
