4.851290285587310791e-01
6.952428817749023438e-01
-2.563648422437836416e-07
5.302550196647644043e-01
6.317834854125976562e-01
-1.694654696621000767e-03
5.497465729713439941e-01
5.516930818557739258e-01
-5.218955222517251968e-03
5.570217967033386230e-01
4.925931692123413086e-01
-1.014697365462779999e-02
5.608735680580139160e-01
4.391353130340576172e-01
-1.215340290218591690e-02
5.303119421005249023e-01
4.866971373558044434e-01
-5.580245517194271088e-03
6.004098057746887207e-01
5.201998949050903320e-01
-2.219404652714729309e-02
5.981353521347045898e-01
5.561097264289855957e-01
-3.090498782694339752e-02
5.813602209091186523e-01
5.651840567588806152e-01
-3.637576103210449219e-02
5.199976563453674316e-01
5.088818669319152832e-01
-1.292222738265991211e-02
5.992818474769592285e-01
5.488137006759643555e-01
-2.452160604298114777e-02
5.929582715034484863e-01
5.810232162475585938e-01
-2.394560910761356354e-02
5.747559070587158203e-01
5.874878168106079102e-01
-2.500646375119686127e-02
5.130742192268371582e-01
5.441841483116149902e-01
-2.206194214522838593e-02
5.874447822570800781e-01
5.787624716758728027e-01
-3.347492590546607971e-02
5.818762779235839844e-01
6.063680052757263184e-01
-2.820388413965702057e-02
5.654494166374206543e-01
6.104650497436523438e-01
-2.506057359278202057e-02
5.102071166038513184e-01
5.845465064048767090e-01
-3.193234652280807495e-02
5.708369016647338867e-01
6.070568561553955078e-01
-3.920754790306091309e-02
5.675784945487976074e-01
6.272203326225280762e-01
-3.661896288394927979e-02
5.513544082641601562e-01
6.293833851814270020e-01
-3.462086617946624756e-02
