4.437453746795654297e-01
4.446916878223419189e-01
-2.348382821537597920e-07
4.658800661563873291e-01
3.973343372344970703e-01
-5.029347725212574005e-03
4.946037828922271729e-01
3.458728492259979248e-01
-9.069141931831836700e-03
5.082376003265380859e-01
3.041151762008666992e-01
-1.372803654521703720e-02
5.117493271827697754e-01
2.670061588287353516e-01
-1.653501205146312714e-02
4.985986351966857910e-01
3.249008357524871826e-01
-1.092733070254325867e-02
5.423281192779541016e-01
3.608300089836120605e-01
-2.526482753455638885e-02
5.285020470619201660e-01
3.733633756637573242e-01
-3.349044173955917358e-02
5.131562352180480957e-01
3.632037639617919922e-01
-3.954251110553741455e-02
4.883546829223632812e-01
3.481827676296234131e-01
-1.693707704544067383e-02
5.380160808563232422e-01
3.890965282917022705e-01
-2.773063629865646362e-02
5.197554826736450195e-01
3.951672911643981934e-01
-2.917586825788021088e-02
5.061963796615600586e-01
3.849574029445648193e-01
-3.200037032365798950e-02
4.787600636482238770e-01
3.781814873218536377e-01
-2.430632710456848145e-02
5.250661373138427734e-01
4.138877093791961670e-01
-3.430952876806259155e-02
5.076147317886352539e-01
4.166641831398010254e-01
-3.151109442114830017e-02
4.952269494533538818e-01
4.070611596107482910e-01
-3.057415224611759186e-02
4.702451825141906738e-01
4.094490110874176025e-01
-3.255944326519966125e-02
5.074826478958129883e-01
4.327469170093536377e-01
-3.866702318191528320e-02
4.949351847171783447e-01
4.318585991859436035e-01
-3.731236234307289124e-02
4.814375638961791992e-01
4.229374527931213379e-01
-3.701595962047576904e-02
