4.880216419696807861e-01
6.611967086791992188e-01
-2.057786900877545122e-07
5.204513072967529297e-01
6.115207672119140625e-01
4.603142151609063148e-04
5.402904748916625977e-01
5.434139370918273926e-01
-3.139043459668755531e-03
5.482828617095947266e-01
4.917246997356414795e-01
-8.088999427855014801e-03
5.499726533889770508e-01
4.449540972709655762e-01
-1.014949847012758255e-02
5.232680439949035645e-01
4.804309904575347900e-01
-6.256307940930128098e-03
5.967683196067810059e-01
5.117376446723937988e-01
-2.169960737228393555e-02
5.896793603897094727e-01
5.423853397369384766e-01
-2.889536879956722260e-02
5.694356560707092285e-01
5.459572672843933105e-01
-3.327556699514389038e-02
5.176115632057189941e-01
4.987040162086486816e-01
-1.437828037887811661e-02
5.982267260551452637e-01
5.352665185928344727e-01
-2.542271092534065247e-02
5.878769159317016602e-01
5.636860728263854980e-01
-2.309283241629600525e-02
5.703442096710205078e-01
5.652081370353698730e-01
-2.263837866485118866e-02
5.158263444900512695e-01
5.293790698051452637e-01
-2.381959557533264160e-02
5.922846198081970215e-01
5.614498257637023926e-01
-3.380133211612701416e-02
5.823708772659301758e-01
5.889156460762023926e-01
-2.605795674026012421e-02
5.658459663391113281e-01
5.912267565727233887e-01
-2.146224491298198700e-02
5.177017450332641602e-01
5.666424632072448730e-01
-3.387887030839920044e-02
5.803861021995544434e-01
5.858051776885986328e-01
-3.996586054563522339e-02
5.721201300621032715e-01
6.076852679252624512e-01
-3.563684225082397461e-02
5.542164444923400879e-01
6.122668981552124023e-01
-3.250383213162422180e-02
