4.948352277278900146e-01
6.588385105133056641e-01
-2.775014991129864939e-07
5.498425364494323730e-01
6.110848188400268555e-01
-3.976748324930667877e-03
5.653700828552246094e-01
5.461232662200927734e-01
-8.379158563911914825e-03
5.657061338424682617e-01
4.974302351474761963e-01
-1.372110005468130112e-02
5.620461106300354004e-01
4.532110691070556641e-01
-1.610533520579338074e-02
5.359155535697937012e-01
4.775047600269317627e-01
-7.556788623332977295e-03
6.034017205238342285e-01
5.152429938316345215e-01
-2.579662203788757324e-02
5.919232964515686035e-01
5.541219115257263184e-01
-3.548764809966087341e-02
5.715214014053344727e-01
5.588947534561157227e-01
-4.193706065416336060e-02
5.211021304130554199e-01
4.912993013858795166e-01
-1.405310537666082382e-02
5.975145101547241211e-01
5.366637706756591797e-01
-2.854049019515514374e-02
5.843629837036132812e-01
5.729258656501770020e-01
-2.784927561879158020e-02
5.654792189598083496e-01
5.769692659378051758e-01
-2.812758088111877441e-02
5.114014744758605957e-01
5.196635723114013672e-01
-2.266988344490528107e-02
5.859551429748535156e-01
5.580973029136657715e-01
-3.732404112815856934e-02
5.745341777801513672e-01
5.909773707389831543e-01
-3.160729631781578064e-02
5.563189387321472168e-01
5.970579385757446289e-01
-2.755262516438961029e-02
5.066033005714416504e-01
5.552515983581542969e-01
-3.215432912111282349e-02
5.640777945518493652e-01
5.775832533836364746e-01
-4.357762634754180908e-02
5.574423074722290039e-01
6.032783985137939453e-01
-4.177666082978248596e-02
5.417518019676208496e-01
6.098458170890808105e-01
-3.954350203275680542e-02
