4.608869850635528564e-01
6.586246490478515625e-01
-2.314617404408636503e-07
4.927080273628234863e-01
6.000956296920776367e-01
-4.635416436940431595e-03
5.471942424774169922e-01
5.413263440132141113e-01
-1.051677484065294266e-02
5.800350308418273926e-01
4.926551580429077148e-01
-1.668356545269489288e-02
5.913118720054626465e-01
4.439660310745239258e-01
-2.010717615485191345e-02
5.633085370063781738e-01
5.161478519439697266e-01
-1.782750338315963745e-02
6.241825819015502930e-01
5.815901160240173340e-01
-3.627564013004302979e-02
6.048929095268249512e-01
6.012430191040039062e-01
-4.443131387233734131e-02
5.829517841339111328e-01
5.884672403335571289e-01
-4.945402219891548157e-02
5.536388158798217773e-01
5.439885258674621582e-01
-2.532345429062843323e-02
6.167159080505371094e-01
6.163244843482971191e-01
-3.732865303754806519e-02
5.954229831695556641e-01
6.302630901336669922e-01
-3.566081076860427856e-02
5.772578120231628418e-01
6.165679097175598145e-01
-3.653440251946449280e-02
5.425232052803039551e-01
5.819990634918212891e-01
-3.403902053833007812e-02
6.013205647468566895e-01
6.505904793739318848e-01
-4.386442154645919800e-02
5.814325809478759766e-01
6.609773635864257812e-01
-3.612781688570976257e-02
5.647872686386108398e-01
6.461395025253295898e-01
-3.259136155247688293e-02
5.323598384857177734e-01
6.238200664520263672e-01
-4.356187582015991211e-02
5.793107748031616211e-01
6.786211133003234863e-01
-4.700025543570518494e-02
5.639488101005554199e-01
6.853703260421752930e-01
-4.125471785664558411e-02
5.485827922821044922e-01
6.715387105941772461e-01
-3.841791674494743347e-02
