4.211381673812866211e-01
6.935487389564514160e-01
-2.012184978639197652e-07
4.551205635070800781e-01
6.358384490013122559e-01
-9.246258996427059174e-03
5.046141743659973145e-01
5.730352997779846191e-01
-2.083053439855575562e-02
5.305811762809753418e-01
5.160958766937255859e-01
-3.219117969274520874e-02
5.338935852050781250e-01
4.610664844512939453e-01
-4.156156256794929504e-02
5.230660438537597656e-01
5.594447255134582520e-01
-3.076779283583164215e-02
5.921521186828613281e-01
6.241983175277709961e-01
-5.622414126992225647e-02
5.779357552528381348e-01
6.459670066833496094e-01
-6.906221807003021240e-02
5.544630885124206543e-01
6.349933743476867676e-01
-7.658307254314422607e-02
5.097810626029968262e-01
5.911537408828735352e-01
-3.879096359014511108e-02
5.830059647560119629e-01
6.608828902244567871e-01
-5.647359788417816162e-02
5.645601153373718262e-01
6.770261526107788086e-01
-5.639398097991943359e-02
5.407668352127075195e-01
6.635359525680541992e-01
-5.817470699548721313e-02
4.940657317638397217e-01
6.329097747802734375e-01
-4.806268587708473206e-02
5.652080774307250977e-01
6.917530298233032227e-01
-6.331274658441543579e-02
5.471333265304565430e-01
7.022585272789001465e-01
-5.527893826365470886e-02
5.245426297187805176e-01
6.863443255424499512e-01
-5.104692652821540833e-02
4.795562028884887695e-01
6.786319017410278320e-01
-5.805724486708641052e-02
5.307453870773315430e-01
7.213656902313232422e-01
-6.683991104364395142e-02
5.143764019012451172e-01
7.264491915702819824e-01
-6.096736341714859009e-02
4.937129914760589600e-01
7.097876667976379395e-01
-5.765517801046371460e-02
