4.726702868938446045e-01
6.840766072273254395e-01
-2.079176226743584266e-07
5.084661245346069336e-01
6.229040026664733887e-01
-4.909735172986984253e-03
5.519977211952209473e-01
5.497631430625915527e-01
-1.028008945286273956e-02
5.757470726966857910e-01
4.924466311931610107e-01
-1.644360460340976715e-02
5.830976366996765137e-01
4.408925771713256836e-01
-2.020825631916522980e-02
5.577754378318786621e-01
5.034266710281372070e-01
-1.130534056574106216e-02
6.229583024978637695e-01
5.526418685913085938e-01
-3.044003434479236603e-02
6.169871091842651367e-01
5.805931091308593750e-01
-4.127217084169387817e-02
6.002068519592285156e-01
5.822455286979675293e-01
-4.791773483157157898e-02
5.494740605354309082e-01
5.312082171440124512e-01
-1.795827597379684448e-02
6.210545301437377930e-01
5.887469053268432617e-01
-3.049685247242450714e-02
6.092060208320617676e-01
6.120382547378540039e-01
-3.111107088625431061e-02
5.919075012207031250e-01
6.092910170555114746e-01
-3.341506049036979675e-02
5.422004461288452148e-01
5.699750185012817383e-01
-2.648719586431980133e-02
6.092503666877746582e-01
6.213180422782897949e-01
-3.764589130878448486e-02
5.969917774200439453e-01
6.390138268470764160e-01
-3.241048380732536316e-02
5.809093713760375977e-01
6.342056989669799805e-01
-2.987301908433437347e-02
5.373888611793518066e-01
6.138234138488769531e-01
-3.603280335664749146e-02
5.914920568466186523e-01
6.515379548072814941e-01
-4.123037308454513550e-02
5.824599266052246094e-01
6.640477180480957031e-01
-3.736484795808792114e-02
5.676373243331909180e-01
6.588284969329833984e-01
-3.522965684533119202e-02
