4.593160152435302734e-01
6.674252748489379883e-01
-2.156115499474253738e-07
4.944624900817871094e-01
6.100326180458068848e-01
-7.048409897834062576e-03
5.385174751281738281e-01
5.385847091674804688e-01
-1.196018327027559280e-02
5.616118907928466797e-01
4.824455678462982178e-01
-1.673682406544685364e-02
5.698689818382263184e-01
4.311369061470031738e-01
-1.868920400738716125e-02
5.490169525146484375e-01
4.909931123256683350e-01
-1.032351795583963394e-02
6.125454306602478027e-01
5.487616062164306641e-01
-2.907015010714530945e-02
6.055451631546020508e-01
5.802878141403198242e-01
-4.020513966679573059e-02
5.894916653633117676e-01
5.841735005378723145e-01
-4.705075919628143311e-02
5.423169136047363281e-01
5.151695609092712402e-01
-1.523853186517953873e-02
6.116681694984436035e-01
5.778249502182006836e-01
-2.817761339247226715e-02
5.993933081626892090e-01
6.047579050064086914e-01
-2.896318957209587097e-02
5.823740959167480469e-01
6.079686284065246582e-01
-3.052922151982784271e-02
5.357696413993835449e-01
5.511003732681274414e-01
-2.241737768054008484e-02
5.993259549140930176e-01
6.090163588523864746e-01
-3.335386887192726135e-02
5.850581526756286621e-01
6.288534402847290039e-01
-2.810268104076385498e-02
5.689433217048645020e-01
6.266716122627258301e-01
-2.481704577803611755e-02
5.319815874099731445e-01
5.935299396514892578e-01
-3.094781376421451569e-02
5.822069048881530762e-01
6.368204355239868164e-01
-3.579717501997947693e-02
5.703401565551757812e-01
6.505644321441650391e-01
-3.236073628067970276e-02
5.546466708183288574e-01
6.450487375259399414e-01
-3.018926829099655151e-02
