4.552180469036102295e-01
7.043918371200561523e-01
-2.828116123509971658e-07
5.021345019340515137e-01
6.339240074157714844e-01
2.915022487286478281e-04
5.201464295387268066e-01
5.593779087066650391e-01
-5.154467653483152390e-03
5.292766690254211426e-01
5.045617818832397461e-01
-1.263088919222354889e-02
5.305498242378234863e-01
4.503112733364105225e-01
-1.794931106269359589e-02
4.760382175445556641e-01
5.017931461334228516e-01
-1.113505009561777115e-02
5.518520474433898926e-01
5.206543803215026855e-01
-3.153020516037940979e-02
5.489637851715087891e-01
5.636465549468994141e-01
-4.244131967425346375e-02
5.268307924270629883e-01
5.753782987594604492e-01
-4.923776164650917053e-02
4.653077125549316406e-01
5.234632492065429688e-01
-2.190038003027439117e-02
5.523185133934020996e-01
5.424202084541320801e-01
-3.967100381851196289e-02
5.507054328918457031e-01
5.870543718338012695e-01
-4.174227267503738403e-02
5.319989919662475586e-01
6.009255051612854004e-01
-4.324921965599060059e-02
4.601973295211791992e-01
5.606236457824707031e-01
-3.352974727749824524e-02
5.425186157226562500e-01
5.678018927574157715e-01
-5.108540132641792297e-02
5.449138879776000977e-01
6.093856692314147949e-01
-4.464773833751678467e-02
5.291341543197631836e-01
6.265996694564819336e-01
-3.922412917017936707e-02
4.605815112590789795e-01
6.067839860916137695e-01
-4.533870518207550049e-02
5.161207914352416992e-01
6.040251851081848145e-01
-5.866660922765731812e-02
5.259119272232055664e-01
6.292914748191833496e-01
-5.482918769121170044e-02
5.215373039245605469e-01
6.435129046440124512e-01
-5.027512833476066589e-02
