4.645839631557464600e-01
4.405556917190551758e-01
-1.953561223899669130e-07
4.973428845405578613e-01
3.972433507442474365e-01
-4.925710381940007210e-04
5.099025368690490723e-01
3.430728316307067871e-01
-2.527576871216297150e-03
5.136727690696716309e-01
3.036754727363586426e-01
-5.759355146437883377e-03
5.145345926284790039e-01
2.695861160755157471e-01
-7.731201592832803726e-03
4.839512407779693604e-01
3.044532239437103271e-01
-4.572136793285608292e-03
5.270516276359558105e-01
3.123931884765625000e-01
-1.763941720128059387e-02
5.277623534202575684e-01
3.423484861850738525e-01
-2.477960847318172455e-02
5.183911919593811035e-01
3.552429378032684326e-01
-2.843390218913555145e-02
4.703551232814788818e-01
3.182542920112609863e-01
-9.442133828997612000e-03
5.206689834594726562e-01
3.367155492305755615e-01
-1.885229535400867462e-02
5.212716460227966309e-01
3.648036420345306396e-01
-1.910351589322090149e-02
5.124135017395019531e-01
3.757890164852142334e-01
-1.947180926799774170e-02
4.608874619007110596e-01
3.406176269054412842e-01
-1.551818847656250000e-02
5.113323330879211426e-01
3.577785193920135498e-01
-2.452018670737743378e-02
5.115942955017089844e-01
3.815314173698425293e-01
-2.130323275923728943e-02
5.020245313644409180e-01
3.904370963573455811e-01
-1.899090781807899475e-02
4.558147192001342773e-01
3.661695718765258789e-01
-2.189015783369541168e-02
4.931310415267944336e-01
3.808563053607940674e-01
-2.806366980075836182e-02
4.944109022617340088e-01
3.996036946773529053e-01
-2.647578716278076172e-02
4.851459562778472900e-01
4.055072963237762451e-01
-2.462371997535228729e-02
