4.674594104290008545e-01
6.600151062011718750e-01
-1.455653091397834942e-07
4.962418675422668457e-01
5.948846340179443359e-01
-2.094667870551347733e-03
5.437411069869995117e-01
5.285010933876037598e-01
-7.413982879370450974e-03
5.718417167663574219e-01
4.746004343032836914e-01
-1.382698118686676025e-02
5.767669677734375000e-01
4.249569177627563477e-01
-1.792268082499504089e-02
5.586982369422912598e-01
5.057995319366455078e-01
-1.197643857449293137e-02
6.207897067070007324e-01
5.588442087173461914e-01
-2.853441238403320312e-02
6.154868602752685547e-01
5.861622095108032227e-01
-3.704704716801643372e-02
5.995295047760009766e-01
5.888078212738037109e-01
-4.194818437099456787e-02
5.551915764808654785e-01
5.352838635444641113e-01
-1.971369422972202301e-02
6.206253170967102051e-01
5.946881175041198730e-01
-2.989047765731811523e-02
6.087796092033386230e-01
6.160798072814941406e-01
-2.942192927002906799e-02
5.896458029747009277e-01
6.139248013496398926e-01
-3.070236556231975555e-02
5.503026247024536133e-01
5.741925239562988281e-01
-2.853181399405002594e-02
6.111004948616027832e-01
6.305810213088989258e-01
-3.643523156642913818e-02
5.980647802352905273e-01
6.454293131828308105e-01
-3.039488568902015686e-02
5.800516605377197266e-01
6.379244327545166016e-01
-2.758257277309894562e-02
5.457038283348083496e-01
6.172280311584472656e-01
-3.792156279087066650e-02
5.941358804702758789e-01
6.618785858154296875e-01
-3.969026729464530945e-02
5.820462703704833984e-01
6.715161204338073730e-01
-3.393458947539329529e-02
5.651990771293640137e-01
6.622225642204284668e-01
-3.081199899315834045e-02
