4.552058279514312744e-01
7.059828042984008789e-01
-2.765834494766750140e-07
5.022130608558654785e-01
6.351841688156127930e-01
5.561944562941789627e-04
5.199648141860961914e-01
5.604580640792846680e-01
-5.047263577580451965e-03
5.289865732192993164e-01
5.053054094314575195e-01
-1.272806525230407715e-02
5.298578739166259766e-01
4.510905444622039795e-01
-1.815507374703884125e-02
4.752646386623382568e-01
5.024972558021545410e-01
-1.158159412443637848e-02
5.517396926879882812e-01
5.204229354858398438e-01
-3.202266246080398560e-02
5.486385822296142578e-01
5.635130405426025391e-01
-4.258529096841812134e-02
5.264158248901367188e-01
5.746083855628967285e-01
-4.926007241010665894e-02
4.650141298770904541e-01
5.239970088005065918e-01
-2.265032567083835602e-02
5.523995757102966309e-01
5.423858165740966797e-01
-4.043132439255714417e-02
5.506188273429870605e-01
5.872947573661804199e-01
-4.194430261850357056e-02
5.317782759666442871e-01
6.005497574806213379e-01
-4.318036884069442749e-02
4.602008759975433350e-01
5.611405372619628906e-01
-3.460033982992172241e-02
5.434008836746215820e-01
5.670475959777832031e-01
-5.230689048767089844e-02
5.454856753349304199e-01
6.091184616088867188e-01
-4.543577134609222412e-02
5.291951894760131836e-01
6.260915994644165039e-01
-3.985058143734931946e-02
4.608823955059051514e-01
6.074081659317016602e-01
-4.669013619422912598e-02
5.167476534843444824e-01
6.048340797424316406e-01
-6.031343713402748108e-02
5.254185199737548828e-01
6.304410099983215332e-01
-5.649320781230926514e-02
5.194778442382812500e-01
6.442824006080627441e-01
-5.205129086971282959e-02
