4.792771637439727783e-01
4.296407997608184814e-01
-5.374562128679372108e-09
5.103400945663452148e-01
3.939451873302459717e-01
-2.074340824037790298e-03
5.214613080024719238e-01
3.467870652675628662e-01
-5.750235170125961304e-03
5.191565155982971191e-01
3.062967061996459961e-01
-9.910647757351398468e-03
5.115595459938049316e-01
2.778218388557434082e-01
-1.315872464329004288e-02
5.035215020179748535e-01
3.186148405075073242e-01
-6.659350823611021042e-03
5.136556625366210938e-01
2.878471016883850098e-01
-1.591840758919715881e-02
5.194319486618041992e-01
3.061702847480773926e-01
-2.199264802038669586e-02
5.192069411277770996e-01
3.212800621986389160e-01
-2.482843957841396332e-02
4.839180409908294678e-01
3.264274299144744873e-01
-9.348138235509395599e-03
4.990295171737670898e-01
2.972825765609741211e-01
-1.556952577084302902e-02
5.069435834884643555e-01
3.116931617259979248e-01
-1.742938905954360962e-02
5.079671740531921387e-01
3.260799646377563477e-01
-1.843638159334659576e-02
4.667756557464599609e-01
3.378421366214752197e-01
-1.236680522561073303e-02
4.861570298671722412e-01
3.107294142246246338e-01
-1.668462343513965607e-02
4.948770999908447266e-01
3.218710422515869141e-01
-1.263782754540443420e-02
4.961700737476348877e-01
3.353037834167480469e-01
-9.597419761121273041e-03
4.532727301120758057e-01
3.503571748733520508e-01
-1.564876362681388855e-02
4.731282889842987061e-01
3.282110393047332764e-01
-1.718238927423954010e-02
4.818564355373382568e-01
3.365681171417236328e-01
-1.204514689743518829e-02
4.829954802989959717e-01
3.468801975250244141e-01
-7.488631177693605423e-03
