4.165946543216705322e-01
7.284402847290039062e-01
-3.216324273580539739e-07
4.772922396659851074e-01
6.696199178695678711e-01
-3.794183488935232162e-03
5.088833570480346680e-01
5.984522104263305664e-01
-8.697631768882274628e-03
5.214165449142456055e-01
5.410938858985900879e-01
-1.512873265892267227e-02
5.278253555297851562e-01
4.829827547073364258e-01
-2.060174383223056793e-02
4.857764840126037598e-01
5.477378368377685547e-01
-1.142687816172838211e-02
5.362556576728820801e-01
6.104767918586730957e-01
-3.375629335641860962e-02
5.331563353538513184e-01
6.558598875999450684e-01
-4.872301593422889709e-02
5.230013132095336914e-01
6.770095825195312500e-01
-5.736858025193214417e-02
4.610567390918731689e-01
5.685187578201293945e-01
-1.902056857943534851e-02
5.209609866142272949e-01
6.303675174713134766e-01
-3.667365014553070068e-02
5.230230689048767090e-01
6.731025576591491699e-01
-4.195536300539970398e-02
5.164145231246948242e-01
6.995060443878173828e-01
-4.620233923196792603e-02
4.375200867652893066e-01
5.999903082847595215e-01
-2.845638804137706757e-02
4.937791228294372559e-01
6.497181653976440430e-01
-4.720133170485496521e-02
5.022950768470764160e-01
6.846210956573486328e-01
-4.805368185043334961e-02
4.999985992908477783e-01
7.060799598693847656e-01
-4.708241671323776245e-02
4.186912178993225098e-01
6.367232203483581543e-01
-3.810186684131622314e-02
4.526185989379882812e-01
6.600041985511779785e-01
-5.234088748693466187e-02
4.633718729019165039e-01
6.793631315231323242e-01
-5.350469425320625305e-02
4.657273590564727783e-01
6.904066801071166992e-01
-5.283654481172561646e-02
