4.139692187309265137e-01
7.082457542419433594e-01
-3.398384365027595777e-07
4.308049082756042480e-01
6.279732584953308105e-01
-1.088085933588445187e-03
4.653787910938262939e-01
5.622343420982360840e-01
-7.886026985943317413e-03
4.933296442031860352e-01
5.088213682174682617e-01
-1.540992781519889832e-02
5.019059777259826660e-01
4.598814249038696289e-01
-1.994663290679454803e-02
5.309613943099975586e-01
5.656810998916625977e-01
-6.611591205000877380e-03
5.657787919044494629e-01
5.950015783309936523e-01
-7.656705100089311600e-03
5.471340417861938477e-01
6.124126315116882324e-01
-7.759041152894496918e-03
5.233684778213500977e-01
6.138278841972351074e-01
-8.488547988235950470e-03
5.451878905296325684e-01
6.125434637069702148e-01
-1.219238247722387314e-02
5.777091979980468750e-01
6.355817317962646484e-01
-6.536668632179498672e-03
5.578103065490722656e-01
6.487089395523071289e-01
-2.788494573906064034e-03
5.338320732116699219e-01
6.509177684783935547e-01
-3.837601514533162117e-03
5.498238801956176758e-01
6.640898585319519043e-01
-1.711380667984485626e-02
5.916990041732788086e-01
6.754652261734008789e-01
-1.436135359108448029e-02
5.731039047241210938e-01
6.855433583259582520e-01
-5.413735285401344299e-03
5.473381280899047852e-01
6.868832707405090332e-01
-2.208560239523649216e-03
5.475818514823913574e-01
7.138988375663757324e-01
-2.203723043203353882e-02
5.932273864746093750e-01
7.191553115844726562e-01
-2.031445130705833435e-02
5.825546383857727051e-01
7.252145409584045410e-01
-9.757401421666145325e-03
5.629496574401855469e-01
7.222530841827392578e-01
-2.256567589938640594e-03
