4.781243205070495605e-01
4.302525222301483154e-01
-2.598500259409775026e-07
4.913504123687744141e-01
3.891251981258392334e-01
-4.009434953331947327e-03
5.135813951492309570e-01
3.365975022315979004e-01
-6.618457380682229996e-03
5.247734189033508301e-01
3.009514510631561279e-01
-9.385117329657077789e-03
5.289464592933654785e-01
2.690402567386627197e-01
-1.144744362682104111e-02
5.144068002700805664e-01
3.096503019332885742e-01
-5.435460247099399567e-03
5.600399971008300781e-01
3.350320458412170410e-01
-1.726567931473255157e-02
5.528652071952819824e-01
3.557393252849578857e-01
-2.698549814522266388e-02
5.341662764549255371e-01
3.577003180980682373e-01
-3.398588299751281738e-02
5.135353803634643555e-01
3.317033648490905762e-01
-1.002505701035261154e-02
5.560928583145141602e-01
3.529400229454040527e-01
-1.809000037610530853e-02
5.474306344985961914e-01
3.707141578197479248e-01
-2.258414961397647858e-02
5.316851139068603516e-01
3.734692335128784180e-01
-2.707699686288833618e-02
5.120375156402587891e-01
3.572468161582946777e-01
-1.552249770611524582e-02
5.479600429534912109e-01
3.743065595626831055e-01
-2.309366129338741302e-02
5.428561568260192871e-01
3.918572366237640381e-01
-2.105184644460678101e-02
5.304513573646545410e-01
3.945177197456359863e-01
-2.019429206848144531e-02
5.113716721534729004e-01
3.845580518245697021e-01
-2.177583053708076477e-02
5.403081774711608887e-01
3.951814174652099609e-01
-2.579993940889835358e-02
5.374651551246643066e-01
4.085239768028259277e-01
-2.231178805232048035e-02
5.272507071495056152e-01
4.108946621417999268e-01
-1.996182650327682495e-02
