4.118283987045288086e-01
6.870909333229064941e-01
-2.170738468976196600e-07
4.505108594894409180e-01
6.347203850746154785e-01
-1.285002380609512329e-02
5.104198455810546875e-01
5.895099639892578125e-01
-2.775236964225769043e-02
5.405983328819274902e-01
5.451643466949462891e-01
-4.135448113083839417e-02
5.516880154609680176e-01
4.940080046653747559e-01
-5.256881192326545715e-02
5.293905138969421387e-01
6.052741408348083496e-01
-4.657638072967529297e-02
5.916802287101745605e-01
6.834269165992736816e-01
-7.160545140504837036e-02
5.713107585906982422e-01
6.855567693710327148e-01
-8.173643797636032104e-02
5.477393865585327148e-01
6.609708070755004883e-01
-8.712216466665267944e-02
5.064526200294494629e-01
6.452476382255554199e-01
-5.387620255351066589e-02
5.766194462776184082e-01
7.315083146095275879e-01
-7.172993570566177368e-02
5.523867607116699219e-01
7.245235443115234375e-01
-6.898636370897293091e-02
5.274566411972045898e-01
7.000344991683959961e-01
-6.902763247489929199e-02
4.812206625938415527e-01
6.886468529701232910e-01
-6.156563386321067810e-02
5.500307679176330566e-01
7.616818547248840332e-01
-7.514266669750213623e-02
5.282748937606811523e-01
7.515751123428344727e-01
-6.403288990259170532e-02
5.056182742118835449e-01
7.286749482154846191e-01
-5.843234434723854065e-02
4.574281871318817139e-01
7.316901683807373047e-01
-7.021023333072662354e-02
5.135059356689453125e-01
7.854151129722595215e-01
-7.745477557182312012e-02
4.985999464988708496e-01
7.745203971862792969e-01
-6.909465044736862183e-02
4.771581888198852539e-01
7.530566453933715820e-01
-6.463403999805450439e-02
