4.666510820388793945e-01
4.229509830474853516e-01
-8.221479674830334261e-08
4.794986546039581299e-01
3.849890828132629395e-01
-2.458538161590695381e-03
5.038272738456726074e-01
3.398813009262084961e-01
-6.733049172908067703e-03
5.179535746574401855e-01
3.063003122806549072e-01
-1.127812452614307404e-02
5.208993554115295410e-01
2.754417359828948975e-01
-1.481563411653041840e-02
5.060504674911499023e-01
3.177498281002044678e-01
-1.048204954713582993e-02
5.494639873504638672e-01
3.337535560131072998e-01
-2.241626381874084473e-02
5.493453145027160645e-01
3.522219955921173096e-01
-2.975293248891830444e-02
5.370284318923950195e-01
3.554779291152954102e-01
-3.408158570528030396e-02
5.056149363517761230e-01
3.356244564056396484e-01
-1.526894513517618179e-02
5.514550805091857910e-01
3.499295711517333984e-01
-2.275276556611061096e-02
5.501270294189453125e-01
3.677711188793182373e-01
-2.495948970317840576e-02
5.377822518348693848e-01
3.693347275257110596e-01
-2.766647189855575562e-02
5.046135783195495605e-01
3.604572117328643799e-01
-2.047922089695930481e-02
5.497030019760131836e-01
3.708400726318359375e-01
-2.704327367246150970e-02
5.477797389030456543e-01
3.864196240901947021e-01
-2.403578907251358032e-02
5.348666310310363770e-01
3.860549330711364746e-01
-2.278282493352890015e-02
5.033127069473266602e-01
3.883354961872100830e-01
-2.591812796890735626e-02
5.390250086784362793e-01
3.960440456867218018e-01
-2.999292686581611633e-02
5.373679399490356445e-01
4.070175290107727051e-01
-2.675153687596321106e-02
5.257117152214050293e-01
4.062322378158569336e-01
-2.462403848767280579e-02
