4.357407093048095703e-01
7.295196056365966797e-01
-3.702175206399260787e-07
4.896791279315948486e-01
6.827228069305419922e-01
-5.908329505473375320e-03
5.108237266540527344e-01
6.136891841888427734e-01
-1.064218580722808838e-02
5.148679018020629883e-01
5.567348599433898926e-01
-1.689798384904861450e-02
5.195361971855163574e-01
5.028065443038940430e-01
-2.062578126788139343e-02
4.934820830821990967e-01
5.443009734153747559e-01
-4.512048326432704926e-03
5.343333482742309570e-01
5.861990451812744141e-01
-3.161368891596794128e-02
5.311411619186401367e-01
6.410021185874938965e-01
-4.945808649063110352e-02
5.202535986900329590e-01
6.748703718185424805e-01
-5.769750475883483887e-02
4.677495062351226807e-01
5.490261316299438477e-01
-1.037178002297878265e-02
5.160731673240661621e-01
5.979151129722595215e-01
-3.455045446753501892e-02
5.168815851211547852e-01
6.539040803909301758e-01
-4.076565429568290710e-02
5.105548501014709473e-01
6.894943118095397949e-01
-4.102522879838943481e-02
4.430156350135803223e-01
5.676345229148864746e-01
-1.941732130944728851e-02
4.881862103939056396e-01
6.158298254013061523e-01
-4.020828008651733398e-02
4.927010536193847656e-01
6.581885814666748047e-01
-3.868990764021873474e-02
4.881033599376678467e-01
6.792988181114196777e-01
-3.352971002459526062e-02
4.218904972076416016e-01
5.977054238319396973e-01
-2.949473448097705841e-02
4.546849131584167480e-01
6.354414224624633789e-01
-4.112240672111511230e-02
4.571654200553894043e-01
6.597516536712646484e-01
-4.014316573739051819e-02
4.491630792617797852e-01
6.645202636718750000e-01
-3.669548034667968750e-02
