4.819477498531341553e-01
6.660489439964294434e-01
-3.114126343461975921e-07
5.215568542480468750e-01
6.153442263603210449e-01
-6.410514470189809799e-03
5.491142868995666504e-01
5.417670607566833496e-01
-1.024710666388273239e-02
5.611106753349304199e-01
4.866645038127899170e-01
-1.374529302120208740e-02
5.653351545333862305e-01
4.353684186935424805e-01
-1.496113464236259460e-02
5.363299846649169922e-01
4.829114675521850586e-01
-1.157522201538085938e-02
6.062748432159423828e-01
5.261674523353576660e-01
-2.833827212452888489e-02
6.035518050193786621e-01
5.604606866836547852e-01
-3.727833181619644165e-02
5.860342383384704590e-01
5.649090409278869629e-01
-4.279882833361625671e-02
5.266731381416320801e-01
5.099819898605346680e-01
-1.653016172349452972e-02
6.021759510040283203e-01
5.553454160690307617e-01
-2.846809104084968567e-02
5.960791707038879395e-01
5.834154486656188965e-01
-2.876127138733863831e-02
5.802010297775268555e-01
5.874710083007812500e-01
-3.014643676578998566e-02
5.198689699172973633e-01
5.466154813766479492e-01
-2.326921559870243073e-02
5.893974900245666504e-01
5.881063938140869141e-01
-3.598091378808021545e-02
5.842857360839843750e-01
6.114391088485717773e-01
-3.260900825262069702e-02
5.710566639900207520e-01
6.122338175773620605e-01
-3.016410954296588898e-02
5.169987082481384277e-01
5.870634913444519043e-01
-3.089488856494426727e-02
5.718278288841247559e-01
6.142408251762390137e-01
-3.988585621118545532e-02
5.687437057495117188e-01
6.323428750038146973e-01
-3.874770179390907288e-02
5.560089349746704102e-01
6.330996751785278320e-01
-3.717188909649848938e-02
