4.518035352230072021e-01
4.487966895103454590e-01
-2.510191734472755343e-07
4.839160144329071045e-01
4.056786894798278809e-01
-7.103672716766595840e-03
5.092533826828002930e-01
3.552830517292022705e-01
-1.088427938520908356e-02
5.194010734558105469e-01
3.161372244358062744e-01
-1.494781207293272018e-02
5.235958099365234375e-01
2.776455581188201904e-01
-1.725970581173896790e-02
5.030761957168579102e-01
3.319668471813201904e-01
-9.565520100295543671e-03
5.425945520401000977e-01
3.751782774925231934e-01
-2.488944120705127716e-02
5.307454466819763184e-01
3.879732489585876465e-01
-3.506390377879142761e-02
5.162207484245300293e-01
3.757594823837280273e-01
-4.260924458503723145e-02
4.893612265586853027e-01
3.563451170921325684e-01
-1.427973527461290359e-02
5.345835089683532715e-01
4.034389853477478027e-01
-2.732377499341964722e-02
5.194281935691833496e-01
4.078338444232940674e-01
-3.228976950049400330e-02
5.064558982849121094e-01
3.950476944446563721e-01
-3.753162920475006104e-02
4.767077863216400146e-01
3.853666782379150391e-01
-2.061665616929531097e-02
5.190643072128295898e-01
4.267220199108123779e-01
-3.307168930768966675e-02
5.063523650169372559e-01
4.305550754070281982e-01
-3.311316668987274170e-02
4.956122040748596191e-01
4.197887778282165527e-01
-3.353120386600494385e-02
4.668770134449005127e-01
4.156302213668823242e-01
-2.801508456468582153e-02
5.019068121910095215e-01
4.438781738281250000e-01
-3.661498427391052246e-02
4.927707612514495850e-01
4.435717463493347168e-01
-3.749778121709823608e-02
4.792142212390899658e-01
4.332982003688812256e-01
-3.829766064882278442e-02
