4.155793786048889160e-01
7.361161112785339355e-01
-3.799219712163903750e-07
4.739522933959960938e-01
7.007325291633605957e-01
-2.049497701227664948e-02
5.233916044235229492e-01
6.472339034080505371e-01
-3.112272173166275024e-02
5.516756772994995117e-01
5.923893451690673828e-01
-3.998406976461410522e-02
5.717587471008300781e-01
5.311465263366699219e-01
-4.834635928273200989e-02
5.022653937339782715e-01
6.254194974899291992e-01
-3.828620910644531250e-02
5.390575528144836426e-01
7.290294170379638672e-01
-6.741966307163238525e-02
5.254783034324645996e-01
7.476038336753845215e-01
-8.767040073871612549e-02
5.091535449028015137e-01
7.310622930526733398e-01
-1.015125289559364319e-01
4.624126255512237549e-01
6.459984779357910156e-01
-4.137491062283515930e-02
5.052207112312316895e-01
7.654706835746765137e-01
-6.182741746306419373e-02
4.931398630142211914e-01
7.733664512634277344e-01
-6.935062259435653687e-02
4.788128733634948730e-01
7.558161020278930664e-01
-7.971956580877304077e-02
4.257230460643768311e-01
6.736345291137695312e-01
-4.686238244175910950e-02
4.659714698791503906e-01
7.756578922271728516e-01
-6.624612212181091309e-02
4.597643911838531494e-01
7.741755843162536621e-01
-6.626905500888824463e-02
4.502617120742797852e-01
7.494150996208190918e-01
-6.859354674816131592e-02
3.949424326419830322e-01
7.037039995193481445e-01
-5.479857325553894043e-02
4.258494377136230469e-01
7.735223174095153809e-01
-6.964644789695739746e-02
4.239161610603332520e-01
7.689345479011535645e-01
-7.095956802368164062e-02
4.122247695922851562e-01
7.483784556388854980e-01
-7.294769585132598877e-02
