4.982628226280212402e-01
6.725662946701049805e-01
-3.065641180910461117e-07
5.474297404289245605e-01
6.158283948898315430e-01
-1.639464520849287510e-03
5.599402785301208496e-01
5.464125871658325195e-01
-5.516346078366041183e-03
5.609663128852844238e-01
4.972088038921356201e-01
-1.101687829941511154e-02
5.595928430557250977e-01
4.503691494464874268e-01
-1.365420315414667130e-02
5.266734957695007324e-01
4.810885190963745117e-01
-4.219446331262588501e-03
5.974191427230834961e-01
5.132417082786560059e-01
-2.240808308124542236e-02
5.904408693313598633e-01
5.575515031814575195e-01
-3.302866593003273010e-02
5.708748102188110352e-01
5.686422586441040039e-01
-3.999654576182365417e-02
5.142899155616760254e-01
4.964995980262756348e-01
-1.169739104807376862e-02
5.933886766433715820e-01
5.349604487419128418e-01
-2.651764452457427979e-02
5.847427248954772949e-01
5.754283666610717773e-01
-2.670861035585403442e-02
5.670585036277770996e-01
5.867773294448852539e-01
-2.731767110526561737e-02
5.070105195045471191e-01
5.245279073715209961e-01
-2.118440717458724976e-02
5.834944248199462891e-01
5.563018321990966797e-01
-3.557259216904640198e-02
5.764604210853576660e-01
5.930137634277343750e-01
-2.979583665728569031e-02
5.594016909599304199e-01
6.051069498062133789e-01
-2.543490566313266754e-02
5.054137110710144043e-01
5.587124824523925781e-01
-3.143269568681716919e-02
5.657491683959960938e-01
5.763230323791503906e-01
-4.284839332103729248e-02
5.624871850013732910e-01
6.058677434921264648e-01
-4.066612571477890015e-02
5.469638705253601074e-01
6.174319386482238770e-01
-3.787016868591308594e-02
