4.889390170574188232e-01
6.564224362373352051e-01
-2.247638377639304963e-07
5.248561501502990723e-01
6.017667055130004883e-01
4.432818968780338764e-05
5.423211455345153809e-01
5.380426049232482910e-01
-4.429061431437730789e-03
5.493047237396240234e-01
4.910425841808319092e-01
-1.057230774313211441e-02
5.515199303627014160e-01
4.463250637054443359e-01
-1.366255059838294983e-02
5.209087729454040527e-01
4.777348637580871582e-01
-5.991751328110694885e-03
5.942206978797912598e-01
5.045290589332580566e-01
-2.237726189196109772e-02
5.832964181900024414e-01
5.373248457908630371e-01
-3.035071492195129395e-02
5.611776113510131836e-01
5.400021672248840332e-01
-3.572719916701316833e-02
5.149022936820983887e-01
4.938551783561706543e-01
-1.478176005184650421e-02
5.961973071098327637e-01
5.285589694976806641e-01
-2.779672481119632721e-02
5.815398097038269043e-01
5.578345656394958496e-01
-2.682163193821907043e-02
5.620016455650329590e-01
5.586832761764526367e-01
-2.745523490011692047e-02
5.127739310264587402e-01
5.227448940277099609e-01
-2.500706538558006287e-02
5.904456973075866699e-01
5.513864755630493164e-01
-3.671836853027343750e-02
5.771113038063049316e-01
5.812742710113525391e-01
-2.920171245932579041e-02
5.593280792236328125e-01
5.851995348930358887e-01
-2.484178543090820312e-02
5.147265791893005371e-01
5.582577586174011230e-01
-3.592228144407272339e-02
5.772039294242858887e-01
5.749288201332092285e-01
-4.414010792970657349e-02
5.666354894638061523e-01
5.985378623008728027e-01
-4.050787910819053650e-02
5.472071766853332520e-01
6.030464172363281250e-01
-3.776258230209350586e-02
