4.910298287868499756e-01
6.611067652702331543e-01
-3.201840854671900161e-07
5.429983139038085938e-01
6.061123013496398926e-01
-8.822305244393646717e-05
5.552216172218322754e-01
5.405865907669067383e-01
-3.663600655272603035e-03
5.547243356704711914e-01
4.938690066337585449e-01
-8.898637257516384125e-03
5.524609684944152832e-01
4.489827752113342285e-01
-1.119879540055990219e-02
5.180969834327697754e-01
4.761664271354675293e-01
-5.134318955242633820e-03
5.891694426536560059e-01
5.017219185829162598e-01
-2.208285406231880188e-02
5.775163173675537109e-01
5.452611446380615234e-01
-3.162806481122970581e-02
5.556474328041076660e-01
5.526819825172424316e-01
-3.889959678053855896e-02
5.058900713920593262e-01
4.870437383651733398e-01
-1.340282708406448364e-02
5.851790904998779297e-01
5.210986733436584473e-01
-2.839566022157669067e-02
5.723618268966674805e-01
5.625504255294799805e-01
-2.859219349920749664e-02
5.543250441551208496e-01
5.712779760360717773e-01
-2.981187403202056885e-02
4.998301565647125244e-01
5.128215551376342773e-01
-2.321618050336837769e-02
5.775086879730224609e-01
5.415127277374267578e-01
-3.686129674315452576e-02
5.654045343399047852e-01
5.791987180709838867e-01
-3.072170540690422058e-02
5.466343164443969727e-01
5.897977352142333984e-01
-2.710618264973163605e-02
5.007448196411132812e-01
5.456535220146179199e-01
-3.371887654066085815e-02
5.591149926185607910e-01
5.604333877563476562e-01
-4.530222341418266296e-02
5.530455112457275391e-01
5.879834890365600586e-01
-4.418030381202697754e-02
5.381006598472595215e-01
5.964896678924560547e-01
-4.271700978279113770e-02
