4.849775135517120361e-01
6.844155788421630859e-01
-1.851319808565676794e-07
5.335093140602111816e-01
6.273231506347656250e-01
-3.191774478182196617e-03
5.566876530647277832e-01
5.536422729492187500e-01
-7.174973841756582260e-03
5.637102127075195312e-01
4.978621602058410645e-01
-1.202344894409179688e-02
5.654469132423400879e-01
4.479271769523620605e-01
-1.415964215993881226e-02
5.441932082176208496e-01
4.851845502853393555e-01
-5.830555222928524017e-03
6.092945933341979980e-01
5.286037325859069824e-01
-2.168168313801288605e-02
6.116053462028503418e-01
5.605162978172302246e-01
-3.056909516453742981e-02
6.000788807868957520e-01
5.701352953910827637e-01
-3.600556403398513794e-02
5.331206321716308594e-01
5.071454048156738281e-01
-1.184293720871210098e-02
6.067276000976562500e-01
5.564643740653991699e-01
-2.239216677844524384e-02
6.031429171562194824e-01
5.851506590843200684e-01
-2.239139191806316376e-02
5.880934596061706543e-01
5.912512540817260742e-01
-2.385514415800571442e-02
5.247513651847839355e-01
5.420902371406555176e-01
-1.966587454080581665e-02
5.946632027626037598e-01
5.862721800804138184e-01
-2.989323996007442474e-02
5.902047157287597656e-01
6.086989641189575195e-01
-2.598390728235244751e-02
5.757195353507995605e-01
6.105990409851074219e-01
-2.380076050758361816e-02
5.196773409843444824e-01
5.827879905700683594e-01
-2.839904837310314178e-02
5.768394470214843750e-01
6.135528087615966797e-01
-3.510531038045883179e-02
5.737782716751098633e-01
6.300289034843444824e-01
-3.337531164288520813e-02
5.591086745262145996e-01
6.299990415573120117e-01
-3.190758824348449707e-02
