4.772724509239196777e-01
6.465610265731811523e-01
-2.110626979856533580e-07
5.112390518188476562e-01
6.011013984680175781e-01
-1.403800793923437595e-03
5.373053550720214844e-01
5.390078425407409668e-01
-5.373611114919185638e-03
5.482897758483886719e-01
4.909743666648864746e-01
-1.030155085027217865e-02
5.529778599739074707e-01
4.460456371307373047e-01
-1.222979463636875153e-02
5.332339406013488770e-01
4.751441478729248047e-01
-5.820455029606819153e-03
6.022716164588928223e-01
5.163801312446594238e-01
-2.224697545170783997e-02
5.897446870803833008e-01
5.468147397041320801e-01
-3.098328411579132080e-02
5.681285262107849121e-01
5.482410788536071777e-01
-3.636638820171356201e-02
5.274918079376220703e-01
4.896430969238281250e-01
-1.314148679375648499e-02
6.019708514213562012e-01
5.397765040397644043e-01
-2.461390011012554169e-02
5.871090292930603027e-01
5.665306448936462402e-01
-2.350183948874473572e-02
5.689396262168884277e-01
5.655226111412048340e-01
-2.386800386011600494e-02
5.240714550018310547e-01
5.183338522911071777e-01
-2.207965590059757233e-02
5.938855409622192383e-01
5.646265745162963867e-01
-3.183924034237861633e-02
5.799490213394165039e-01
5.909906029701232910e-01
-2.433351986110210419e-02
5.631920695304870605e-01
5.911558866500854492e-01
-2.006139606237411499e-02
5.233628153800964355e-01
5.547287464141845703e-01
-3.191019222140312195e-02
5.771350264549255371e-01
5.882171988487243652e-01
-3.735284879803657532e-02
5.659712553024291992e-01
6.104004383087158203e-01
-3.294579312205314636e-02
5.493234395980834961e-01
6.113646030426025391e-01
-2.992589212954044342e-02
