4.743888378143310547e-01
4.254771769046783447e-01
-8.002209739288446144e-08
5.029209852218627930e-01
3.886214792728424072e-01
-1.863362849690020084e-03
5.140621066093444824e-01
3.408192694187164307e-01
-4.764537792652845383e-03
5.159257650375366211e-01
3.045904040336608887e-01
-8.476513437926769257e-03
5.131540298461914062e-01
2.753022611141204834e-01
-1.113926619291305542e-02
4.855993688106536865e-01
2.999963164329528809e-01
-5.320246331393718719e-03
5.244413614273071289e-01
3.092262148857116699e-01
-1.775144785642623901e-02
5.307002663612365723e-01
3.427028954029083252e-01
-2.562220580875873566e-02
5.268159508705139160e-01
3.608303964138031006e-01
-2.957377023994922638e-02
4.716281592845916748e-01
3.080790340900421143e-01
-8.943823166191577911e-03
5.174183845520019531e-01
3.240229189395904541e-01
-1.923536881804466248e-02
5.242996811866760254e-01
3.543630838394165039e-01
-2.088367380201816559e-02
5.219517946243286133e-01
3.739200234413146973e-01
-2.112177573144435883e-02
4.619520604610443115e-01
3.258726298809051514e-01
-1.357267238199710846e-02
5.067408084869384766e-01
3.397392332553863525e-01
-2.470465376973152161e-02
5.164669752120971680e-01
3.667434751987457275e-01
-2.271693758666515350e-02
5.175266265869140625e-01
3.868969976902008057e-01
-1.936483383178710938e-02
4.565479159355163574e-01
3.483805656433105469e-01
-1.837475039064884186e-02
4.896412789821624756e-01
3.519502282142639160e-01
-2.691056951880455017e-02
5.019752383232116699e-01
3.701421320438385010e-01
-2.569009549915790558e-02
5.069101452827453613e-01
3.844029903411865234e-01
-2.273744158446788788e-02
