4.820807576179504395e-01
6.528114080429077148e-01
-1.153399367126439756e-07
5.143640637397766113e-01
6.066957712173461914e-01
-2.662950893864035606e-03
5.425295829772949219e-01
5.397626757621765137e-01
-6.689787842333316803e-03
5.561279654502868652e-01
4.880161881446838379e-01
-1.129426155239343643e-02
5.627745389938354492e-01
4.424620866775512695e-01
-1.366173941642045975e-02
5.384772419929504395e-01
4.770519137382507324e-01
-6.832885090261697769e-03
6.007025241851806641e-01
5.182897448539733887e-01
-2.398438192903995514e-02
6.042183041572570801e-01
5.505893230438232422e-01
-3.500228002667427063e-02
5.928017497062683105e-01
5.615646243095397949e-01
-4.122885316610336304e-02
5.315678715705871582e-01
4.970992803573608398e-01
-1.297315862029790878e-02
5.988042354583740234e-01
5.394017696380615234e-01
-2.455413527786731720e-02
5.980731844902038574e-01
5.697576999664306641e-01
-2.586390450596809387e-02
5.854384899139404297e-01
5.790621638298034668e-01
-2.736902423202991486e-02
5.267686247825622559e-01
5.295335650444030762e-01
-2.062712609767913818e-02
5.898123979568481445e-01
5.684498548507690430e-01
-3.093778900802135468e-02
5.880307555198669434e-01
5.942719578742980957e-01
-2.591147460043430328e-02
5.753037333488464355e-01
5.994697809219360352e-01
-2.240402624011039734e-02
5.245631933212280273e-01
5.682075023651123047e-01
-2.904551103711128235e-02
5.759129524230957031e-01
5.952483415603637695e-01
-3.412169218063354492e-02
5.729994773864746094e-01
6.137129664421081543e-01
-2.967252209782600403e-02
5.598001480102539062e-01
6.165754199028015137e-01
-2.612081542611122131e-02
