4.770495593547821045e-01
6.801378726959228516e-01
-3.151411078761157114e-07
5.145946741104125977e-01
6.234903931617736816e-01
-6.960206665098667145e-03
5.526660680770874023e-01
5.476556420326232910e-01
-1.107903849333524704e-02
5.700412988662719727e-01
4.893406927585601807e-01
-1.544283796101808548e-02
5.753922462463378906e-01
4.353350698947906494e-01
-1.729074493050575256e-02
5.529506206512451172e-01
4.999055266380310059e-01
-9.813547134399414062e-03
6.199665665626525879e-01
5.543953776359558105e-01
-2.859112061560153961e-02
6.109260320663452148e-01
5.840529203414916992e-01
-3.921595215797424316e-02
5.919705629348754883e-01
5.829580426216125488e-01
-4.597827419638633728e-02
5.432978272438049316e-01
5.274210572242736816e-01
-1.576023921370506287e-02
6.185888051986694336e-01
5.862563848495483398e-01
-2.961644530296325684e-02
6.047409176826477051e-01
6.092081069946289062e-01
-3.131304308772087097e-02
5.864180326461791992e-01
6.068731546401977539e-01
-3.341896831989288330e-02
5.356001257896423340e-01
5.664757490158081055e-01
-2.396574243903160095e-02
6.055257320404052734e-01
6.186310648918151855e-01
-3.780709579586982727e-02
5.933638215065002441e-01
6.378795504570007324e-01
-3.528143092989921570e-02
5.784524679183959961e-01
6.330868601799011230e-01
-3.326816856861114502e-02
5.317724943161010742e-01
6.110740900039672852e-01
-3.322746977210044861e-02
5.867801308631896973e-01
6.480062007904052734e-01
-4.153269901871681213e-02
5.778436660766601562e-01
6.609656214714050293e-01
-4.070909321308135986e-02
5.629546642303466797e-01
6.551520824432373047e-01
-3.980502486228942871e-02
