4.509665668010711670e-01
7.099268436431884766e-01
-2.509520413696009200e-07
5.013073682785034180e-01
6.375306844711303711e-01
-1.626248413231223822e-04
5.191227793693542480e-01
5.613481402397155762e-01
-5.949544254690408707e-03
5.271917581558227539e-01
5.052802562713623047e-01
-1.407177839428186417e-02
5.290683507919311523e-01
4.494616389274597168e-01
-1.984230428934097290e-02
4.780452847480773926e-01
5.017995834350585938e-01
-1.138290669769048691e-02
5.501731634140014648e-01
5.165644288063049316e-01
-3.168024867773056030e-02
5.502729415893554688e-01
5.583933591842651367e-01
-4.135992377996444702e-02
5.312994718551635742e-01
5.718487501144409180e-01
-4.706265777349472046e-02
4.669901430606842041e-01
5.244117379188537598e-01
-2.196590974926948547e-02
5.513216257095336914e-01
5.416989326477050781e-01
-3.936434164643287659e-02
5.524719953536987305e-01
5.867668986320495605e-01
-4.021213203668594360e-02
5.353243947029113770e-01
6.015045642852783203e-01
-4.084857925772666931e-02
4.611366391181945801e-01
5.618010759353637695e-01
-3.364904969930648804e-02
5.424681901931762695e-01
5.670751929283142090e-01
-5.198398604989051819e-02
5.475429296493530273e-01
6.094888448715209961e-01
-4.492074996232986450e-02
5.335111021995544434e-01
6.283530592918395996e-01
-3.857607766985893250e-02
4.602521955966949463e-01
6.073599457740783691e-01
-4.544452950358390808e-02
5.200166702270507812e-01
6.044179201126098633e-01
-5.853093788027763367e-02
5.308517217636108398e-01
6.317105293273925781e-01
-5.380062013864517212e-02
5.256198644638061523e-01
6.472678780555725098e-01
-4.848267138004302979e-02
