4.466066360473632812e-01
4.428405165672302246e-01
-2.219007200210398878e-07
4.682992696762084961e-01
3.981833755970001221e-01
-6.279223598539829254e-03
4.956843554973602295e-01
3.462275564670562744e-01
-1.091074943542480469e-02
5.075611472129821777e-01
3.040390312671661377e-01
-1.589237712323665619e-02
5.097118616104125977e-01
2.671698033809661865e-01
-1.884985342621803284e-02
4.980646371841430664e-01
3.239431977272033691e-01
-1.251480635255575180e-02
5.426517724990844727e-01
3.582212328910827637e-01
-2.766692079603672028e-02
5.281197428703308105e-01
3.713534176349639893e-01
-3.602785989642143250e-02
5.123311877250671387e-01
3.606955707073211670e-01
-4.187663644552230835e-02
4.878440499305725098e-01
3.464487791061401367e-01
-1.793235726654529572e-02
5.379716157913208008e-01
3.872168660163879395e-01
-2.965490892529487610e-02
5.193362236022949219e-01
3.931018412113189697e-01
-3.076207078993320465e-02
5.056886076927185059e-01
3.826819360256195068e-01
-3.298754990100860596e-02
4.784558415412902832e-01
3.760578036308288574e-01
-2.485692128539085388e-02
5.248668193817138672e-01
4.118437469005584717e-01
-3.550339862704277039e-02
5.076718330383300781e-01
4.143749475479125977e-01
-3.218964859843254089e-02
4.956867694854736328e-01
4.050804078578948975e-01
-3.063422068953514099e-02
4.699220955371856689e-01
4.068680107593536377e-01
-3.275393322110176086e-02
5.084869265556335449e-01
4.304954409599304199e-01
-3.904883190989494324e-02
4.955088198184967041e-01
4.295359253883361816e-01
-3.730622306466102600e-02
4.814714789390563965e-01
4.207101464271545410e-01
-3.661774098873138428e-02
