4.765473306179046631e-01
6.544845700263977051e-01
-3.559261472219077405e-07
5.110111236572265625e-01
6.016151905059814453e-01
-4.759711213409900665e-03
5.428984761238098145e-01
5.305811166763305664e-01
-7.477754727005958557e-03
5.580740571022033691e-01
4.783228039741516113e-01
-1.030247192829847336e-02
5.627001523971557617e-01
4.297375380992889404e-01
-1.085403747856616974e-02
5.444902777671813965e-01
4.829390645027160645e-01
-6.727187428623437881e-03
6.093394756317138672e-01
5.303084850311279297e-01
-2.310290932655334473e-02
6.041435003280639648e-01
5.638175010681152344e-01
-3.296715766191482544e-02
5.874696969985961914e-01
5.678337216377258301e-01
-3.916864842176437378e-02
5.392526388168334961e-01
5.098800659179687500e-01
-1.246661599725484848e-02
6.082136034965515137e-01
5.594215989112854004e-01
-2.357495762407779694e-02
5.994782447814941406e-01
5.855481624603271484e-01
-2.511918358504772186e-02
5.846006274223327637e-01
5.889695882797241211e-01
-2.735998108983039856e-02
5.350972414016723633e-01
5.451567769050598145e-01
-2.013895288109779358e-02
5.979153513908386230e-01
5.900930166244506836e-01
-3.226474672555923462e-02
5.892621278762817383e-01
6.128152012825012207e-01
-3.017140924930572510e-02
5.758957862854003906e-01
6.141617894172668457e-01
-2.841513231396675110e-02
5.339652895927429199e-01
5.838448405265808105e-01
-2.864368073642253876e-02
5.814629197120666504e-01
6.154358386993408203e-01
-3.695449978113174438e-02
5.751567482948303223e-01
6.338655352592468262e-01
-3.637659549713134766e-02
5.625984668731689453e-01
6.347838044166564941e-01
-3.523138165473937988e-02
