4.443315565586090088e-01
4.524612426757812500e-01
-2.474079110470484011e-07
4.787968993186950684e-01
4.068142473697662354e-01
-6.523534189909696579e-03
5.077655911445617676e-01
3.566287159919738770e-01
-1.066809985786676407e-02
5.195847153663635254e-01
3.156930804252624512e-01
-1.546553522348403931e-02
5.240701436996459961e-01
2.776128649711608887e-01
-1.847303658723831177e-02
5.044922232627868652e-01
3.360421359539031982e-01
-8.728149347007274628e-03
5.430632233619689941e-01
3.829790949821472168e-01
-2.417583949863910675e-02
5.295137166976928711e-01
3.941095173358917236e-01
-3.438579291105270386e-02
5.162859559059143066e-01
3.816732168197631836e-01
-4.216289892792701721e-02
4.894509911537170410e-01
3.603241443634033203e-01
-1.433763094246387482e-02
5.349621772766113281e-01
4.102181196212768555e-01
-2.718640491366386414e-02
5.178366303443908691e-01
4.123991727828979492e-01
-3.132330998778343201e-02
5.055668354034423828e-01
3.998786509037017822e-01
-3.616726770997047424e-02
4.757964313030242920e-01
3.892616331577301025e-01
-2.172031067311763763e-02
5.189756155014038086e-01
4.337030947208404541e-01
-3.356695920228958130e-02
5.037513375282287598e-01
4.337270855903625488e-01
-3.257237374782562256e-02
4.936120808124542236e-01
4.214527010917663574e-01
-3.255569189786911011e-02
4.648768901824951172e-01
4.193914234638214111e-01
-3.025377169251441956e-02
5.008263587951660156e-01
4.499491453170776367e-01
-3.796352446079254150e-02
4.914708137512207031e-01
4.474382996559143066e-01
-3.815717995166778564e-02
4.794594347476959229e-01
4.362363517284393311e-01
-3.875616937875747681e-02
