4.675328135490417480e-01
6.884570717811584473e-01
-1.900786656960917753e-07
4.996890723705291748e-01
6.186355948448181152e-01
-8.943071006797254086e-04
5.500546097755432129e-01
5.494326353073120117e-01
-6.112723145633935928e-03
5.812849402427673340e-01
4.938933253288269043e-01
-1.282856799662113190e-02
5.913545489311218262e-01
4.408259689807891846e-01
-1.781444624066352844e-02
5.651677250862121582e-01
5.201576948165893555e-01
-1.223094947636127472e-02
6.273198127746582031e-01
5.695077776908874512e-01
-3.017853014171123505e-02
6.240026950836181641e-01
5.986822247505187988e-01
-4.059248417615890503e-02
6.083213090896606445e-01
6.040257811546325684e-01
-4.664628580212593079e-02
5.585110783576965332e-01
5.517138242721557617e-01
-2.109630219638347626e-02
6.265591382980346680e-01
6.068584918975830078e-01
-3.041874431073665619e-02
6.174597144126892090e-01
6.323928833007812500e-01
-3.056373447179794312e-02
6.000906825065612793e-01
6.320911049842834473e-01
-3.334538266062736511e-02
5.506089925765991211e-01
5.945475101470947266e-01
-3.083137981593608856e-02
6.164184212684631348e-01
6.426368355751037598e-01
-3.919586539268493652e-02
6.052809953689575195e-01
6.615979671478271484e-01
-3.270931914448738098e-02
5.871037244796752930e-01
6.577959656715393066e-01
-2.999345213174819946e-02
5.430958867073059082e-01
6.409805417060852051e-01
-4.095595329999923706e-02
5.962379574775695801e-01
6.765269637107849121e-01
-4.345804452896118164e-02
5.861923694610595703e-01
6.878545880317687988e-01
-3.671965375542640686e-02
5.687258243560791016e-01
6.815171241760253906e-01
-3.289127349853515625e-02
