4.760233759880065918e-01
6.850015521049499512e-01
-1.327517509253084427e-07
5.077605843544006348e-01
6.230053901672363281e-01
-4.791477229446172714e-03
5.514972209930419922e-01
5.507293939590454102e-01
-1.151819154620170593e-02
5.773853063583374023e-01
4.914841055870056152e-01
-1.909634843468666077e-02
5.837440490722656250e-01
4.396362900733947754e-01
-2.408689260482788086e-02
5.586401224136352539e-01
5.060431957244873047e-01
-1.402067858725786209e-02
6.248721480369567871e-01
5.539284348487854004e-01
-3.326533362269401550e-02
6.192149519920349121e-01
5.858559012413024902e-01
-4.261453077197074890e-02
6.022219657897949219e-01
5.900675654411315918e-01
-4.756110534071922302e-02
5.510226488113403320e-01
5.312762260437011719e-01
-2.085437811911106110e-02
6.241564750671386719e-01
5.873708128929138184e-01
-3.485801443457603455e-02
6.111454367637634277e-01
6.131136417388916016e-01
-3.465562313795089722e-02
5.908198356628417969e-01
6.128317117691040039e-01
-3.492676839232444763e-02
5.437107682228088379e-01
5.676864385604858398e-01
-2.923520281910896301e-02
6.098989248275756836e-01
6.212049722671508789e-01
-4.062237590551376343e-02
5.963972806930541992e-01
6.410296559333801270e-01
-3.418736532330513000e-02
5.788138508796691895e-01
6.372268199920654297e-01
-2.976396493613719940e-02
5.380641222000122070e-01
6.094642877578735352e-01
-3.843547776341438293e-02
5.901858210563659668e-01
6.501337289810180664e-01
-4.235019162297248840e-02
5.808531641960144043e-01
6.646102070808410645e-01
-3.675569966435432434e-02
5.662249326705932617e-01
6.602411866188049316e-01
-3.293277695775032043e-02
