4.819892644882202148e-01
6.805023550987243652e-01
-3.134893518108583521e-07
5.268219113349914551e-01
6.187514066696166992e-01
2.967170206829905510e-03
5.454033017158508301e-01
5.512999296188354492e-01
-1.370118814520537853e-03
5.509325861930847168e-01
4.999288916587829590e-01
-8.580758236348628998e-03
5.521170496940612793e-01
4.579538702964782715e-01
-1.290523633360862732e-02
5.221781134605407715e-01
4.766156673431396484e-01
-2.285070484504103661e-03
5.919614434242248535e-01
4.991723597049713135e-01
-1.830917410552501678e-02
5.808647871017456055e-01
5.349231958389282227e-01
-2.853566035628318787e-02
5.586996078491210938e-01
5.402170419692993164e-01
-3.635819628834724426e-02
5.162744522094726562e-01
4.938719570636749268e-01
-1.373264007270336151e-02
5.984417200088500977e-01
5.232849121093750000e-01
-2.535406686365604401e-02
5.827248692512512207e-01
5.547432303428649902e-01
-2.550931833684444427e-02
5.596790313720703125e-01
5.567975044250488281e-01
-2.771423570811748505e-02
5.139313340187072754e-01
5.231134891510009766e-01
-2.640464156866073608e-02
5.918433666229248047e-01
5.490261316299438477e-01
-3.611625358462333679e-02
5.774152278900146484e-01
5.785067677497863770e-01
-2.879361994564533234e-02
5.568726062774658203e-01
5.812902450561523438e-01
-2.564859949052333832e-02
5.151718258857727051e-01
5.589591860771179199e-01
-3.974953293800354004e-02
5.774358510971069336e-01
5.749495625495910645e-01
-4.516185075044631958e-02
5.668196082115173340e-01
5.981345176696777344e-01
-3.976211324334144592e-02
5.467548370361328125e-01
6.017959117889404297e-01
-3.669923916459083557e-02
