4.722472429275512695e-01
4.546305537223815918e-01
-1.332338257498122402e-07
5.027633309364318848e-01
4.115146994590759277e-01
-3.403751412406563759e-03
5.200945138931274414e-01
3.542727231979370117e-01
-6.512064021080732346e-03
5.265330076217651367e-01
3.116407394409179688e-01
-1.008998043835163116e-02
5.265668630599975586e-01
2.738350033760070801e-01
-1.258626580238342285e-02
5.041655302047729492e-01
3.175431489944458008e-01
-6.821813993155956268e-03
5.499629974365234375e-01
3.394824564456939697e-01
-2.009719051420688629e-02
5.529133677482604980e-01
3.631730675697326660e-01
-2.918547391891479492e-02
5.443096756935119629e-01
3.710394203662872314e-01
-3.505018725991249084e-02
4.978158771991729736e-01
3.368638455867767334e-01
-1.110159512609243393e-02
5.488728880882263184e-01
3.582987189292907715e-01
-2.101307548582553864e-02
5.497396588325500488e-01
3.791655600070953369e-01
-2.437960170209407806e-02
5.394761562347412109e-01
3.857171833515167236e-01
-2.785829454660415649e-02
4.938600361347198486e-01
3.643959760665893555e-01
-1.648039929568767548e-02
5.417140126228332520e-01
3.822973966598510742e-01
-2.530152164399623871e-02
5.428205728530883789e-01
3.991796374320983887e-01
-2.417521364986896515e-02
5.334248542785644531e-01
4.025092422962188721e-01
-2.386279590427875519e-02
4.928995072841644287e-01
3.946056962013244629e-01
-2.234741114079952240e-02
5.297535657882690430e-01
4.073692560195922852e-01
-2.794662117958068848e-02
5.297023057937622070e-01
4.188465476036071777e-01
-2.696343883872032166e-02
5.196853876113891602e-01
4.193572103977203369e-01
-2.637868560850620270e-02
