4.744263589382171631e-01
4.348022043704986572e-01
4.548336107745853951e-08
4.988739788532257080e-01
3.996170461177825928e-01
-3.048290964215993881e-03
5.136234760284423828e-01
3.517252504825592041e-01
-8.585562929511070251e-03
5.179622173309326172e-01
3.155045509338378906e-01
-1.469428092241287231e-02
5.167818665504455566e-01
2.868273258209228516e-01
-1.909277588129043579e-02
4.900133311748504639e-01
3.070473670959472656e-01
-9.838645346462726593e-03
5.317820906639099121e-01
3.125475943088531494e-01
-2.399335056543350220e-02
5.373530387878417969e-01
3.361034691333770752e-01
-3.100248239934444427e-02
5.315680503845214844e-01
3.477790355682373047e-01
-3.394762799143791199e-02
4.820157289505004883e-01
3.185110688209533691e-01
-1.401808205991983414e-02
5.327445268630981445e-01
3.293219804763793945e-01
-2.529924176633358002e-02
5.364149212837219238e-01
3.522915244102478027e-01
-2.636289782822132111e-02
5.277205705642700195e-01
3.610685169696807861e-01
-2.661539800465106964e-02
4.780867695808410645e-01
3.385259807109832764e-01
-1.916923373937606812e-02
5.282499194145202637e-01
3.483509123325347900e-01
-2.980527468025684357e-02
5.320673584938049316e-01
3.710460066795349121e-01
-2.621531486511230469e-02
5.238766670227050781e-01
3.807681202888488770e-01
-2.270659059286117554e-02
4.765151143074035645e-01
3.633903563022613525e-01
-2.461494319140911102e-02
5.164357423782348633e-01
3.690275847911834717e-01
-3.180563449859619141e-02
5.233130455017089844e-01
3.876537978649139404e-01
-2.943766489624977112e-02
5.197328329086303711e-01
3.967941999435424805e-01
-2.669262699782848358e-02
