4.799883961677551270e-01
4.301616549491882324e-01
-9.916176679780619452e-08
5.091561079025268555e-01
3.933270275592803955e-01
-1.625763135962188244e-03
5.194158554077148438e-01
3.451776802539825439e-01
-5.531316623091697693e-03
5.180026292800903320e-01
3.053794205188751221e-01
-1.019571069628000259e-02
5.118764638900756836e-01
2.783581614494323730e-01
-1.365707814693450928e-02
4.984796941280364990e-01
3.115005195140838623e-01
-7.479861378669738770e-03
5.172818303108215332e-01
2.864639163017272949e-01
-1.850877888500690460e-02
5.203751921653747559e-01
3.118429780006408691e-01
-2.518928237259387970e-02
5.159868597984313965e-01
3.270616829395294189e-01
-2.857259102165699005e-02
4.802024364471435547e-01
3.204906880855560303e-01
-1.155750267207622528e-02
5.046007633209228516e-01
3.018985688686370850e-01
-1.910274662077426910e-02
5.090515613555908203e-01
3.228987753391265869e-01
-2.043051086366176605e-02
5.054286718368530273e-01
3.359998464584350586e-01
-2.120068110525608063e-02
4.651148915290832520e-01
3.341238796710968018e-01
-1.615957356989383698e-02
4.934757053852081299e-01
3.196245133876800537e-01
-2.189391851425170898e-02
4.978392422199249268e-01
3.357053995132446289e-01
-1.741569861769676208e-02
4.934722185134887695e-01
3.470498621463775635e-01
-1.433450914919376373e-02
4.537215530872344971e-01
3.496626913547515869e-01
-2.111285552382469177e-02
4.806970655918121338e-01
3.394041061401367188e-01
-2.341948449611663818e-02
4.863786101341247559e-01
3.541253507137298584e-01
-1.803061924874782562e-02
4.826570153236389160e-01
3.651254475116729736e-01
-1.350834220647811890e-02
