4.328634142875671387e-01
7.269178032875061035e-01
-2.795038938074867474e-07
4.854367077350616455e-01
6.572210192680358887e-01
-4.901245702058076859e-03
5.108850598335266113e-01
5.742648839950561523e-01
-1.029107905924320221e-02
5.215005278587341309e-01
5.094187259674072266e-01
-1.727944798767566681e-02
5.194197893142700195e-01
4.533066153526306152e-01
-2.247588336467742920e-02
4.799855351448059082e-01
5.273426175117492676e-01
-9.049144573509693146e-03
5.514272451400756836e-01
5.605316162109375000e-01
-3.098239935934543610e-02
5.462095737457275391e-01
5.995247960090637207e-01
-4.491625353693962097e-02
5.268320441246032715e-01
6.092196106910705566e-01
-5.354941263794898987e-02
4.649061560630798340e-01
5.570607185363769531e-01
-1.704803667962551117e-02
5.467597842216491699e-01
5.895189642906188965e-01
-3.543325886130332947e-02
5.425239801406860352e-01
6.258383989334106445e-01
-3.986431658267974854e-02
5.230194926261901855e-01
6.408590078353881836e-01
-4.291885718703269958e-02
4.544804096221923828e-01
5.972926020622253418e-01
-2.705477923154830933e-02
5.310049653053283691e-01
6.215271353721618652e-01
-4.452077299356460571e-02
5.339300036430358887e-01
6.550664305686950684e-01
-4.119375348091125488e-02
5.218769907951354980e-01
6.720029115676879883e-01
-3.749961405992507935e-02
4.496080875396728516e-01
6.420428156852722168e-01
-3.776998445391654968e-02
5.048902034759521484e-01
6.587042808532714844e-01
-4.961686581373214722e-02
5.099635124206542969e-01
6.826567649841308594e-01
-4.731631278991699219e-02
5.020279288291931152e-01
6.942036151885986328e-01
-4.430544003844261169e-02
