4.400131106376647949e-01
7.068712115287780762e-01
-2.435332930872391444e-07
4.931161403656005859e-01
6.594229340553283691e-01
-8.800217881798744202e-03
5.168560743331909180e-01
5.877525806427001953e-01
-1.552450377494096756e-02
5.260658264160156250e-01
5.273170471191406250e-01
-2.252873405814170837e-02
5.340820550918579102e-01
4.734988808631896973e-01
-2.991386316716670990e-02
4.772234261035919189e-01
5.297920107841491699e-01
-2.300695888698101044e-02
5.256553292274475098e-01
5.823461413383483887e-01
-4.929897189140319824e-02
5.279262661933898926e-01
6.235058307647705078e-01
-6.819391995668411255e-02
5.172811150550842285e-01
6.386050581932067871e-01
-7.979291677474975586e-02
4.467628896236419678e-01
5.490968823432922363e-01
-2.884963154792785645e-02
5.024007558822631836e-01
6.025973558425903320e-01
-4.937807843089103699e-02
5.081540942192077637e-01
6.388795971870422363e-01
-5.770345404744148254e-02
5.001715421676635742e-01
6.573064923286437988e-01
-6.481099128723144531e-02
4.203514456748962402e-01
5.815367102622985840e-01
-3.637698665261268616e-02
4.685116708278656006e-01
6.230365633964538574e-01
-5.497227236628532410e-02
4.781223833560943604e-01
6.517747044563293457e-01
-5.460048466920852661e-02
4.727073907852172852e-01
6.640439629554748535e-01
-5.461937934160232544e-02
3.988326191902160645e-01
6.210786700248718262e-01
-4.478122666478157043e-02
4.323962330818176270e-01
6.454623937606811523e-01
-5.706567689776420593e-02
4.421040415763854980e-01
6.629371643066406250e-01
-5.587104707956314087e-02
4.385606050491333008e-01
6.696505546569824219e-01
-5.472960323095321655e-02
