4.181173741817474365e-01
7.025738358497619629e-01
-2.973204402678675251e-07
4.344705939292907715e-01
6.237350106239318848e-01
1.777318073436617851e-03
4.711695909500122070e-01
5.611400008201599121e-01
-4.255581181496381760e-03
5.008020401000976562e-01
5.091310739517211914e-01
-1.181343384087085724e-02
5.115106701850891113e-01
4.631193280220031738e-01
-1.667270436882972717e-02
5.390821695327758789e-01
5.699078440666198730e-01
1.068526529707014561e-03
5.730828642845153809e-01
6.062273979187011719e-01
9.283907711505889893e-04
5.538095235824584961e-01
6.214536428451538086e-01
-1.375040155835449696e-03
5.308238267898559570e-01
6.204518675804138184e-01
-3.926616627722978592e-03
5.516276955604553223e-01
6.176433563232421875e-01
-5.507482215762138367e-03
5.814881324768066406e-01
6.443272233009338379e-01
3.740265034139156342e-03
5.629103183746337891e-01
6.555070281028747559e-01
7.539843209087848663e-03
5.409729480743408203e-01
6.555978655815124512e-01
5.694017279893159866e-03
5.535940527915954590e-01
6.686132550239562988e-01
-1.177960541099309921e-02
5.924122333526611328e-01
6.826737523078918457e-01
-5.203630309551954269e-03
5.753290653228759766e-01
6.932846903800964355e-01
3.884326666593551636e-03
5.513465404510498047e-01
6.934939622879028320e-01
6.297318730503320694e-03
5.492944121360778809e-01
7.169176936149597168e-01
-1.813467405736446381e-02
5.905892848968505859e-01
7.252885103225708008e-01
-1.267294399440288544e-02
5.849169492721557617e-01
7.342305779457092285e-01
-1.557877869345247746e-03
5.717364549636840820e-01
7.333689928054809570e-01
5.556815769523382187e-03
