4.274846017360687256e-01
7.304168343544006348e-01
-2.470424362854828360e-07
4.534551501274108887e-01
6.620768904685974121e-01
-1.224427483975887299e-02
5.007088184356689453e-01
5.935717821121215820e-01
-2.691793628036975861e-02
5.242605209350585938e-01
5.371116399765014648e-01
-4.016073420643806458e-02
5.242900252342224121e-01
4.823489189147949219e-01
-5.098681896924972534e-02
5.152508616447448730e-01
6.035628318786621094e-01
-4.776011034846305847e-02
5.961260199546813965e-01
6.472216248512268066e-01
-7.378521561622619629e-02
5.770301222801208496e-01
6.555387377738952637e-01
-8.409881591796875000e-02
5.482893586158752441e-01
6.451566219329833984e-01
-8.899092674255371094e-02
5.050793290138244629e-01
6.552037596702575684e-01
-5.505947023630142212e-02
5.933350324630737305e-01
6.995749473571777344e-01
-7.223016023635864258e-02
5.680720210075378418e-01
6.994799971580505371e-01
-6.863946467638015747e-02
5.395746231079101562e-01
6.893522739410400391e-01
-6.831096112728118896e-02
4.960275590419769287e-01
7.103952169418334961e-01
-6.265281885862350464e-02
5.820997953414916992e-01
7.450412511825561523e-01
-7.542312145233154297e-02
5.563092827796936035e-01
7.403200268745422363e-01
-6.381956487894058228e-02
5.285628437995910645e-01
7.295653820037841797e-01
-5.811243876814842224e-02
4.888150095939636230e-01
7.635434269905090332e-01
-7.112169265747070312e-02
5.536998510360717773e-01
7.887617349624633789e-01
-7.770791649818420410e-02
5.339760184288024902e-01
7.814548015594482422e-01
-6.918077915906906128e-02
5.086272358894348145e-01
7.701177597045898438e-01
-6.451191753149032593e-02
