4.165657162666320801e-01
7.056916356086730957e-01
-3.406849486964347307e-07
4.325194656848907471e-01
6.256011724472045898e-01
-3.917074063792824745e-04
4.654970765113830566e-01
5.596721172332763672e-01
-7.648138795047998428e-03
4.928125739097595215e-01
5.059107542037963867e-01
-1.583074033260345459e-02
5.013825297355651855e-01
4.578192830085754395e-01
-2.124097011983394623e-02
5.315253734588623047e-01
5.643500685691833496e-01
-7.522135972976684570e-03
5.654004812240600586e-01
5.975304841995239258e-01
-8.039616048336029053e-03
5.460491180419921875e-01
6.146876811981201172e-01
-8.300402201712131500e-03
5.233247280120849609e-01
6.155369281768798828e-01
-9.550973773002624512e-03
5.456790328025817871e-01
6.105057597160339355e-01
-1.379123702645301819e-02
5.765361785888671875e-01
6.369562745094299316e-01
-6.387435365468263626e-03
5.568360090255737305e-01
6.495913863182067871e-01
-1.994593068957328796e-03
5.342999696731567383e-01
6.511747837066650391e-01
-3.424679860472679138e-03
5.503455996513366699e-01
6.621069908142089844e-01
-1.925995945930480957e-02
5.907306075096130371e-01
6.759697198867797852e-01
-1.474615652114152908e-02
5.717437267303466797e-01
6.852208971977233887e-01
-5.420861300081014633e-03
5.466291308403015137e-01
6.856888532638549805e-01
-2.768210833892226219e-03
5.486434102058410645e-01
7.124505639076232910e-01
-2.476496063172817230e-02
5.933653116226196289e-01
7.182427048683166504e-01
-2.166880108416080475e-02
5.815410614013671875e-01
7.243679761886596680e-01
-1.048657577484846115e-02
5.615001320838928223e-01
7.215449810028076172e-01
-3.109326353296637535e-03
