4.285895228385925293e-01
7.343399524688720703e-01
-1.509658176246375660e-07
4.566290378570556641e-01
6.689246296882629395e-01
-1.056260056793689728e-02
5.042462348937988281e-01
5.999242067337036133e-01
-2.825349196791648865e-02
5.270248651504516602e-01
5.441229939460754395e-01
-4.479563981294631958e-02
5.297538042068481445e-01
4.873360991477966309e-01
-5.820038914680480957e-02
5.217636823654174805e-01
6.165952682495117188e-01
-5.246150493621826172e-02
6.037975549697875977e-01
6.609565019607543945e-01
-7.866299897432327271e-02
5.829983353614807129e-01
6.689499616622924805e-01
-8.754960447549819946e-02
5.523569583892822266e-01
6.574097871780395508e-01
-9.017613530158996582e-02
5.105384588241577148e-01
6.687979698181152344e-01
-5.963467806577682495e-02
5.990902185440063477e-01
7.137207388877868652e-01
-7.786690443754196167e-02
5.749441981315612793e-01
7.130770087242126465e-01
-7.248169928789138794e-02
5.430772900581359863e-01
6.995568871498107910e-01
-6.914111971855163574e-02
5.000662803649902344e-01
7.233251333236694336e-01
-6.640251725912094116e-02
5.866388082504272461e-01
7.614057064056396484e-01
-7.831337302923202515e-02
5.634944438934326172e-01
7.592289447784423828e-01
-6.237866356968879700e-02
5.336536169052124023e-01
7.478165030479431152e-01
-5.258898064494132996e-02
4.913532137870788574e-01
7.762190103530883789e-01
-7.372056692838668823e-02
5.582764148712158203e-01
8.043214082717895508e-01
-7.900418341159820557e-02
5.414742231369018555e-01
8.001427650451660156e-01
-6.663946807384490967e-02
5.165008902549743652e-01
7.882366180419921875e-01
-5.840425938367843628e-02
