4.853972196578979492e-01
6.989651322364807129e-01
-1.710659063292041537e-07
5.239037275314331055e-01
6.295108199119567871e-01
-3.405590905458666384e-05
5.460149049758911133e-01
5.488088130950927734e-01
-6.649863440543413162e-03
5.553979277610778809e-01
4.875836074352264404e-01
-1.554486155509948730e-02
5.593902468681335449e-01
4.350424110889434814e-01
-2.157174423336982727e-02
5.322630405426025391e-01
4.911151528358459473e-01
-9.650539606809616089e-03
6.047128438949584961e-01
5.237430930137634277e-01
-3.017548844218254089e-02
6.000837683677673340e-01
5.598996877670288086e-01
-4.046970233321189880e-02
5.803140401840209961e-01
5.688778758049011230e-01
-4.621713235974311829e-02
5.228259563446044922e-01
5.128955245018005371e-01
-1.948345266282558441e-02
6.034277081489562988e-01
5.485082864761352539e-01
-3.437802195549011230e-02
5.937096476554870605e-01
5.815362930297851562e-01
-3.272264450788497925e-02
5.716383457183837891e-01
5.867824554443359375e-01
-3.244845569133758545e-02
5.161540508270263672e-01
5.467061400413513184e-01
-3.102554380893707275e-02
5.910540223121643066e-01
5.778048634529113770e-01
-4.325116053223609924e-02
5.819848775863647461e-01
6.076059341430664062e-01
-3.347235545516014099e-02
5.626200437545776367e-01
6.114312410354614258e-01
-2.707378193736076355e-02
5.127671957015991211e-01
5.857827067375183105e-01
-4.322925955057144165e-02
5.737519264221191406e-01
6.055105924606323242e-01
-4.776056483387947083e-02
5.682972073554992676e-01
6.270723342895507812e-01
-3.988973051309585571e-02
5.506927371025085449e-01
6.284385323524475098e-01
-3.465478122234344482e-02
