4.170676469802856445e-01
7.332554459571838379e-01
-2.570838546489540022e-07
4.528907239437103271e-01
6.612356305122375488e-01
-1.311710849404335022e-02
5.015811920166015625e-01
5.910890698432922363e-01
-2.662193216383457184e-02
5.256367325782775879e-01
5.304160714149475098e-01
-3.935525938868522644e-02
5.254186987876892090e-01
4.728026688098907471e-01
-5.012762919068336487e-02
5.010432600975036621e-01
5.997370481491088867e-01
-4.335675761103630066e-02
5.777301192283630371e-01
6.547841429710388184e-01
-7.085098326206207275e-02
5.614267587661743164e-01
6.670205593109130859e-01
-8.374435454607009888e-02
5.366931557655334473e-01
6.526608467102050781e-01
-9.143868088722229004e-02
4.828957915306091309e-01
6.491054892539978027e-01
-5.080110579729080200e-02
5.716997385025024414e-01
7.058060169219970703e-01
-7.073684036731719971e-02
5.518193244934082031e-01
7.113462686538696289e-01
-7.001010328531265259e-02
5.275582671165466309e-01
6.995484828948974609e-01
-7.239711284637451172e-02
4.693066775798797607e-01
7.015707492828369141e-01
-5.915913730859756470e-02
5.543681979179382324e-01
7.456870675086975098e-01
-7.618277519941329956e-02
5.353385806083679199e-01
7.475109100341796875e-01
-6.780042499303817749e-02
5.126290321350097656e-01
7.360096573829650879e-01
-6.373912096023559570e-02
4.595613479614257812e-01
7.504492402076721191e-01
-6.858156621456146240e-02
5.243424773216247559e-01
7.870671749114990234e-01
-7.775073498487472534e-02
5.146736502647399902e-01
7.845407128334045410e-01
-7.185524702072143555e-02
4.957771599292755127e-01
7.738093733787536621e-01
-6.915062665939331055e-02
