4.687436521053314209e-01
4.229026734828948975e-01
-2.077435965475160629e-07
5.008740425109863281e-01
3.880456984043121338e-01
-4.529679194092750549e-03
5.146399140357971191e-01
3.405472338199615479e-01
-7.455054204910993576e-03
5.155957937240600586e-01
3.046942651271820068e-01
-1.053157169371843338e-02
5.122253894805908203e-01
2.744612693786621094e-01
-1.364083588123321533e-02
4.968589544296264648e-01
3.019542694091796875e-01
-6.387140601873397827e-03
5.278006792068481445e-01
3.235476613044738770e-01
-1.855462044477462769e-02
5.244538784027099609e-01
3.450971841812133789e-01
-2.960105985403060913e-02
5.104042291641235352e-01
3.487725257873535156e-01
-3.777128085494041443e-02
4.818446338176727295e-01
3.183545768260955811e-01
-1.039107609540224075e-02
5.175672173500061035e-01
3.423170745372772217e-01
-1.904983446002006531e-02
5.148482918739318848e-01
3.617712557315826416e-01
-2.520816400647163391e-02
5.018875598907470703e-01
3.651669919490814209e-01
-3.109185211360454559e-02
4.695284068584442139e-01
3.410420417785644531e-01
-1.503893639892339706e-02
5.024136304855346680e-01
3.626738488674163818e-01
-2.399033680558204651e-02
5.038077235221862793e-01
3.797850608825683594e-01
-2.355999313294887543e-02
4.940836727619171143e-01
3.842877447605133057e-01
-2.385686524212360382e-02
4.599556326866149902e-01
3.661984205245971680e-01
-2.033989131450653076e-02
4.881063997745513916e-01
3.821715414524078369e-01
-2.662734501063823700e-02
4.914299845695495605e-01
3.978560566902160645e-01
-2.429004758596420288e-02
4.842417836189270020e-01
4.028086960315704346e-01
-2.226933464407920837e-02
