4.555098116397857666e-01
4.367533326148986816e-01
-2.105787899608912994e-07
4.796423614025115967e-01
3.963365256786346436e-01
-5.643097683787345886e-03
5.002285242080688477e-01
3.424746990203857422e-01
-9.037614800035953522e-03
5.065050721168518066e-01
3.039853870868682861e-01
-1.240255776792764664e-02
5.080424547195434570e-01
2.686472535133361816e-01
-1.413599774241447449e-02
4.965065121650695801e-01
3.123621940612792969e-01
-1.026556268334388733e-02
5.409713387489318848e-01
3.467209637165069580e-01
-2.407340705394744873e-02
5.332853198051452637e-01
3.670016527175903320e-01
-3.199358657002449036e-02
5.178133845329284668e-01
3.634597063064575195e-01
-3.724554181098937988e-02
4.873140454292297363e-01
3.346531987190246582e-01
-1.411943137645721436e-02
5.351256132125854492e-01
3.723118007183074951e-01
-2.442437782883644104e-02
5.246496796607971191e-01
3.855581879615783691e-01
-2.629857324063777924e-02
5.104224085807800293e-01
3.802348375320434570e-01
-2.908395975828170776e-02
4.790325164794921875e-01
3.638232946395874023e-01
-1.932239532470703125e-02
5.215227007865905762e-01
3.980496227741241455e-01
-2.878912910819053650e-02
5.130289793014526367e-01
4.080058336257934570e-01
-2.711962908506393433e-02
5.009802579879760742e-01
4.019949138164520264e-01
-2.662718668580055237e-02
4.726306498050689697e-01
3.944588303565979004e-01
-2.527580596506595612e-02
5.054191350936889648e-01
4.179403781890869141e-01
-3.128720819950103760e-02
4.990073740482330322e-01
4.227952361106872559e-01
-3.087944909930229187e-02
4.862450361251831055e-01
4.159605205059051514e-01
-3.093942441046237946e-02
