4.162525534629821777e-01
6.946964859962463379e-01
-1.173850705527001992e-07
4.513146281242370605e-01
6.336072683334350586e-01
-6.506817881017923355e-03
5.068410038948059082e-01
5.850113630294799805e-01
-2.090115658938884735e-02
5.425220131874084473e-01
5.413846969604492188e-01
-3.413523361086845398e-02
5.551884174346923828e-01
4.908008575439453125e-01
-4.473222419619560242e-02
5.424712300300598145e-01
6.140040159225463867e-01
-3.791198134422302246e-02
5.953551530838012695e-01
6.661924123764038086e-01
-5.664823204278945923e-02
5.746281147003173828e-01
6.659744977951049805e-01
-6.426711380481719971e-02
5.521032810211181641e-01
6.490817070007324219e-01
-6.821192800998687744e-02
5.319531559944152832e-01
6.659977436065673828e-01
-4.498425126075744629e-02
5.928131937980651855e-01
7.095842361450195312e-01
-6.220991909503936768e-02
5.736378431320190430e-01
7.046889662742614746e-01
-6.221172213554382324e-02
5.493061542510986328e-01
6.931031346321105957e-01
-6.155862659215927124e-02
5.172826647758483887e-01
7.184504866600036621e-01
-5.108723789453506470e-02
5.813925266265869141e-01
7.539902329444885254e-01
-6.108923256397247314e-02
5.675714612007141113e-01
7.466054558753967285e-01
-4.956106469035148621e-02
5.457841753959655762e-01
7.329495549201965332e-01
-4.171800985932350159e-02
5.000391006469726562e-01
7.650302052497863770e-01
-5.757547914981842041e-02
5.598539710044860840e-01
7.973187565803527832e-01
-6.479099392890930176e-02
5.944250226020812988e-01
8.132570385932922363e-01
-6.158009544014930725e-02
6.231037974357604980e-01
8.243567347526550293e-01
-5.906315520405769348e-02
