4.873731136322021484e-01
4.261125624179840088e-01
-1.589668841006641742e-07
5.173044800758361816e-01
3.767456710338592529e-01
1.263300800928846002e-04
5.234147906303405762e-01
3.320680260658264160e-01
-2.948614303022623062e-03
5.220950245857238770e-01
3.017235398292541504e-01
-7.786943577229976654e-03
5.216793417930603027e-01
2.734606266021728516e-01
-1.042885985225439072e-02
4.905401170253753662e-01
2.957469522953033447e-01
-4.710194189101457596e-04
5.358151793479919434e-01
2.946826219558715820e-01
-1.200559642165899277e-02
5.332927703857421875e-01
3.200906217098236084e-01
-1.904936321079730988e-02
5.197277069091796875e-01
3.255825042724609375e-01
-2.433553338050842285e-02
4.833465218544006348e-01
3.077105879783630371e-01
-7.062499411404132843e-03
5.360594391822814941e-01
3.091713786125183105e-01
-1.748327165842056274e-02
5.317597389221191406e-01
3.324919342994689941e-01
-1.952556520700454712e-02
5.192429423332214355e-01
3.360305726528167725e-01
-2.145694009959697723e-02
4.811134636402130127e-01
3.268173336982727051e-01
-1.486586220562458038e-02
5.304372906684875488e-01
3.282641768455505371e-01
-2.324354089796543121e-02
5.262902975082397461e-01
3.486483097076416016e-01
-2.002928778529167175e-02
5.137369632720947266e-01
3.528171777725219727e-01
-1.842852123081684113e-02
4.829691946506500244e-01
3.485393524169921875e-01
-2.327300980687141418e-02
5.194020271301269531e-01
3.469695448875427246e-01
-2.924532257020473480e-02
5.181332826614379883e-01
3.597786128520965576e-01
-2.818698622286319733e-02
5.078678131103515625e-01
3.624207377433776855e-01
-2.737285569310188293e-02
