4.893082380294799805e-01
6.596301794052124023e-01
-2.315251066420387360e-07
5.314552783966064453e-01
6.071773767471313477e-01
-3.799965197686105967e-04
5.472806692123413086e-01
5.446609854698181152e-01
-4.793154075741767883e-03
5.528056621551513672e-01
4.968383610248565674e-01
-1.086973398923873901e-02
5.542693138122558594e-01
4.530956149101257324e-01
-1.392792817205190659e-02
5.215644240379333496e-01
4.780184030532836914e-01
-5.370137281715869904e-03
5.936485528945922852e-01
5.049005746841430664e-01
-2.240390889346599579e-02
5.818743109703063965e-01
5.396602749824523926e-01
-3.193380683660507202e-02
5.595681667327880859e-01
5.440723896026611328e-01
-3.844315186142921448e-02
5.150984525680541992e-01
4.923702478408813477e-01
-1.380642969161272049e-02
5.962128043174743652e-01
5.273360013961791992e-01
-2.658656053245067596e-02
5.821442008018493652e-01
5.580288767814636230e-01
-2.606023848056793213e-02
5.618466734886169434e-01
5.594391822814941406e-01
-2.710416354238986969e-02
5.134280920028686523e-01
5.200389027595520020e-01
-2.375053986907005310e-02
5.900365114212036133e-01
5.497224330902099609e-01
-3.483015298843383789e-02
5.773195624351501465e-01
5.808433294296264648e-01
-2.711524255573749542e-02
5.588467121124267578e-01
5.851470828056335449e-01
-2.282237820327281952e-02
5.156952142715454102e-01
5.547271370887756348e-01
-3.449758887290954590e-02
5.761933326721191406e-01
5.736837983131408691e-01
-4.194071516394615173e-02
5.667934417724609375e-01
5.990440845489501953e-01
-3.758506104350090027e-02
5.484358072280883789e-01
6.038363575935363770e-01
-3.439245000481605530e-02
