4.693982899188995361e-01
4.254162311553955078e-01
-2.463433759203326190e-07
5.009620189666748047e-01
3.864264488220214844e-01
-3.100443864241242409e-03
5.144929885864257812e-01
3.354927599430084229e-01
-6.023688707500696182e-03
5.176389217376708984e-01
2.981103062629699707e-01
-9.439889341592788696e-03
5.192016363143920898e-01
2.658827304840087891e-01
-1.220447570085525513e-02
4.964408874511718750e-01
2.914199531078338623e-01
-5.731129553169012070e-03
5.427454710006713867e-01
3.184871077537536621e-01
-1.913178339600563049e-02
5.389614701271057129e-01
3.399100303649902344e-01
-2.955452725291252136e-02
5.244685411453247070e-01
3.437134027481079102e-01
-3.701767325401306152e-02
4.842920899391174316e-01
3.091207742691040039e-01
-1.039547473192214966e-02
5.329009890556335449e-01
3.373778164386749268e-01
-2.000377885997295380e-02
5.288419127464294434e-01
3.565017282962799072e-01
-2.363587543368339539e-02
5.163764357566833496e-01
3.619265854358673096e-01
-2.769579552114009857e-02
4.743466079235076904e-01
3.342732489109039307e-01
-1.612295582890510559e-02
5.181776285171508789e-01
3.595643341541290283e-01
-2.516519092023372650e-02
5.166971683502197266e-01
3.768825232982635498e-01
-2.352151647210121155e-02
5.057747364044189453e-01
3.815938830375671387e-01
-2.306796424090862274e-02
4.674530625343322754e-01
3.624074757099151611e-01
-2.262791991233825684e-02
5.008143186569213867e-01
3.802046775817871094e-01
-2.920422703027725220e-02
5.012567043304443359e-01
3.935766816139221191e-01
-2.827807702124118805e-02
4.907701015472412109e-01
3.965064585208892822e-01
-2.748623490333557129e-02
