4.481537640094757080e-01
4.715824723243713379e-01
-2.591293366549507482e-07
4.848999977111816406e-01
4.215666055679321289e-01
-6.235625129193067551e-03
5.068334341049194336e-01
3.656601309776306152e-01
-9.877565316855907440e-03
5.156843066215515137e-01
3.234151601791381836e-01
-1.423345971852540970e-02
5.219367742538452148e-01
2.823033630847930908e-01
-1.672004908323287964e-02
4.928863644599914551e-01
3.411192297935485840e-01
-7.221721112728118896e-03
5.338158607482910156e-01
3.861389458179473877e-01
-2.206589281558990479e-02
5.221698284149169922e-01
4.002254903316497803e-01
-3.182801231741905212e-02
5.080289840698242188e-01
3.893981575965881348e-01
-3.938567638397216797e-02
4.779229760169982910e-01
3.646359145641326904e-01
-1.227100007236003876e-02
5.264209508895874023e-01
4.142715036869049072e-01
-2.511570602655410767e-02
5.110618472099304199e-01
4.203051030635833740e-01
-2.947324886918067932e-02
4.968361854553222656e-01
4.078260362148284912e-01
-3.447103127837181091e-02
4.651197791099548340e-01
3.939884006977081299e-01
-1.911944337189197540e-02
5.117428302764892578e-01
4.370135664939880371e-01
-3.176476061344146729e-02
4.993567168712615967e-01
4.415162801742553711e-01
-3.149305284023284912e-02
4.877343177795410156e-01
4.304426014423370361e-01
-3.177132084965705872e-02
4.561361670494079590e-01
4.249947965145111084e-01
-2.705609425902366638e-02
4.944930970668792725e-01
4.542582929134368896e-01
-3.678654506802558899e-02
4.878307580947875977e-01
4.551766216754913330e-01
-3.840220719575881958e-02
4.745594859123229980e-01
4.454580247402191162e-01
-3.953415527939796448e-02
