4.283234775066375732e-01
7.258971333503723145e-01
-1.480035933809631388e-07
4.548749327659606934e-01
6.621973514556884766e-01
-1.209827139973640442e-02
5.008174180984497070e-01
5.942218303680419922e-01
-3.055380471050739288e-02
5.219740867614746094e-01
5.373359918594360352e-01
-4.747508466243743896e-02
5.230785012245178223e-01
4.794782996177673340e-01
-6.155456230044364929e-02
5.169006586074829102e-01
6.035995483398437500e-01
-5.570312589406967163e-02
5.993176102638244629e-01
6.513659358024597168e-01
-8.251582831144332886e-02
5.784447789192199707e-01
6.605649590492248535e-01
-9.189218282699584961e-02
5.484659075736999512e-01
6.484529972076416016e-01
-9.554229676723480225e-02
5.049784779548645020e-01
6.530634760856628418e-01
-6.303915381431579590e-02
5.937839150428771973e-01
7.017664313316345215e-01
-8.184731006622314453e-02
5.697280168533325195e-01
7.012433409690856934e-01
-7.704775035381317139e-02
5.392789840698242188e-01
6.875379085540771484e-01
-7.508785277605056763e-02
4.947483539581298828e-01
7.076323628425598145e-01
-7.006234675645828247e-02
5.823695659637451172e-01
7.478596568107604980e-01
-8.257555961608886719e-02
5.585946440696716309e-01
7.440630793571472168e-01
-6.783997267484664917e-02
5.296008586883544922e-01
7.316184043884277344e-01
-5.987722426652908325e-02
4.875043928623199463e-01
7.613087296485900879e-01
-7.778052240610122681e-02
5.534851551055908203e-01
7.888520359992980957e-01
-8.409345149993896484e-02
5.340471267700195312e-01
7.827217578887939453e-01
-7.326804846525192261e-02
5.073610544204711914e-01
7.697809338569641113e-01
-6.680348515510559082e-02
