4.302594363689422607e-01
7.352286577224731445e-01
-3.316644381357036764e-07
4.859260618686676025e-01
6.820741891860961914e-01
-4.766180180013179779e-03
5.099853277206420898e-01
6.107925176620483398e-01
-9.940031915903091431e-03
5.173699855804443359e-01
5.521354675292968750e-01
-1.684075966477394104e-02
5.213865637779235840e-01
4.979633092880249023e-01
-2.147952467203140259e-02
4.908925294876098633e-01
5.462045669555664062e-01
-6.380939856171607971e-03
5.313114523887634277e-01
5.855939984321594238e-01
-3.288751840591430664e-02
5.298884510993957520e-01
6.384000778198242188e-01
-4.972373321652412415e-02
5.208389163017272949e-01
6.704318523406982422e-01
-5.729629099369049072e-02
4.663354158401489258e-01
5.529435276985168457e-01
-1.299509871751070023e-02
5.159391164779663086e-01
5.955863595008850098e-01
-3.590170294046401978e-02
5.172513127326965332e-01
6.482810378074645996e-01
-4.182751849293708801e-02
5.107392072677612305e-01
6.826872825622558594e-01
-4.268979653716087341e-02
4.423198103904724121e-01
5.732717514038085938e-01
-2.238271012902259827e-02
4.888454377651214600e-01
6.139878630638122559e-01
-4.312236607074737549e-02
4.953149259090423584e-01
6.565142273902893066e-01
-4.182396456599235535e-02
4.919279515743255615e-01
6.800045967102050781e-01
-3.696727752685546875e-02
4.221371114253997803e-01
6.036553382873535156e-01
-3.241115808486938477e-02
4.530845582485198975e-01
6.309620738029479980e-01
-4.433198645710945129e-02
4.567046463489532471e-01
6.527717709541320801e-01
-4.290205612778663635e-02
4.501813054084777832e-01
6.581830382347106934e-01
-3.926076367497444153e-02
