4.790966212749481201e-01
4.423707723617553711e-01
-2.333876381044319714e-08
5.096663236618041992e-01
3.848399817943572998e-01
6.638518068939447403e-03
5.181649327278137207e-01
3.356521725654602051e-01
2.022592350840568542e-03
5.191662311553955078e-01
2.995429039001464844e-01
-6.512601859867572784e-03
5.170163512229919434e-01
2.775638401508331299e-01
-1.320884935557842255e-02
4.872771501541137695e-01
2.928713262081146240e-01
7.883222424425184727e-04
5.270825624465942383e-01
2.733646333217620850e-01
-1.321032550185918808e-02
5.308856964111328125e-01
2.999647855758666992e-01
-2.213376946747303009e-02
5.245556831359863281e-01
3.148019313812255859e-01
-2.667039446532726288e-02
4.813697636127471924e-01
3.067514896392822266e-01
-1.004363130778074265e-02
5.340442061424255371e-01
2.907493114471435547e-01
-2.076048962771892548e-02
5.332686901092529297e-01
3.180086314678192139e-01
-2.211379073560237885e-02
5.205076336860656738e-01
3.309589922428131104e-01
-2.239695563912391663e-02
4.803369045257568359e-01
3.259357213973999023e-01
-2.155771106481552124e-02
5.311592817306518555e-01
3.136596083641052246e-01
-2.835157513618469238e-02
5.299016237258911133e-01
3.358715474605560303e-01
-2.156356349587440491e-02
5.171273946762084961e-01
3.462935090065002441e-01
-1.682503335177898407e-02
4.824506640434265137e-01
3.485216200351715088e-01
-3.320929408073425293e-02
5.207681059837341309e-01
3.384924232959747314e-01
-3.357418254017829895e-02
5.213060975074768066e-01
3.558374047279357910e-01
-2.565902471542358398e-02
5.105767250061035156e-01
3.636493086814880371e-01
-2.021038532257080078e-02
