4.954317808151245117e-01
6.653183698654174805e-01
-2.929156153186340816e-07
5.464031696319580078e-01
6.130179166793823242e-01
-2.647787565365433693e-03
5.647816658020019531e-01
5.438756942749023438e-01
-6.512753665447235107e-03
5.674405694007873535e-01
4.937148690223693848e-01
-1.171708386391401291e-02
5.645435452461242676e-01
4.468399882316589355e-01
-1.400937885046005249e-02
5.390053391456604004e-01
4.812618494033813477e-01
-6.178669165819883347e-03
6.062318086624145508e-01
5.217951536178588867e-01
-2.419851161539554596e-02
5.929885506629943848e-01
5.581959486007690430e-01
-3.351859375834465027e-02
5.721996426582336426e-01
5.595327019691467285e-01
-3.989623114466667175e-02
5.245679616928100586e-01
4.970048964023590088e-01
-1.368359383195638657e-02
6.017825007438659668e-01
5.459678173065185547e-01
-2.786704897880554199e-02
5.863783359527587891e-01
5.794495940208435059e-01
-2.720688842236995697e-02
5.672449469566345215e-01
5.804441571235656738e-01
-2.784336544573307037e-02
5.145446658134460449e-01
5.268467664718627930e-01
-2.324792556464672089e-02
5.894217491149902344e-01
5.682459473609924316e-01
-3.746908530592918396e-02
5.761458277702331543e-01
5.994426608085632324e-01
-3.157019615173339844e-02
5.579349398612976074e-01
6.025819778442382812e-01
-2.773958072066307068e-02
5.093666315078735352e-01
5.635767579078674316e-01
-3.364395350217819214e-02
5.686665177345275879e-01
5.899215936660766602e-01
-4.432588815689086914e-02
5.602684020996093750e-01
6.146461367607116699e-01
-4.244142025709152222e-02
5.429706573486328125e-01
6.185756921768188477e-01
-4.057108610868453979e-02
