4.881149828433990479e-01
6.884541511535644531e-01
-8.559737807445344515e-08
5.310863256454467773e-01
6.272121667861938477e-01
-1.719995983876287937e-03
5.568543076515197754e-01
5.514493584632873535e-01
-9.296459145843982697e-03
5.663076639175415039e-01
4.924897849559783936e-01
-1.900685392320156097e-02
5.684240460395812988e-01
4.420457482337951660e-01
-2.603083103895187378e-02
5.465430021286010742e-01
4.902115166187286377e-01
-1.051469054073095322e-02
6.142039895057678223e-01
5.331398248672485352e-01
-3.069070912897586823e-02
6.110165119171142578e-01
5.686919689178466797e-01
-4.100101441144943237e-02
5.947659015655517578e-01
5.772096514701843262e-01
-4.664589837193489075e-02
5.351416468620300293e-01
5.098872184753417969e-01
-1.912014558911323547e-02
6.109467148780822754e-01
5.607580542564392090e-01
-3.406440466642379761e-02
6.021273732185363770e-01
5.909283161163330078e-01
-3.381792083382606506e-02
5.819854736328125000e-01
5.940864086151123047e-01
-3.431180864572525024e-02
5.258281230926513672e-01
5.428962111473083496e-01
-2.941599115729331970e-02
5.975176692008972168e-01
5.880821943283081055e-01
-4.161406680941581726e-02
5.889142751693725586e-01
6.150939464569091797e-01
-3.403884917497634888e-02
5.707545280456542969e-01
6.170381307601928711e-01
-2.886120975017547607e-02
5.196646451950073242e-01
5.815814137458801270e-01
-4.045373201370239258e-02
5.781543850898742676e-01
6.136808395385742188e-01
-4.526079446077346802e-02
5.734054446220397949e-01
6.333683133125305176e-01
-3.920459747314453125e-02
5.573502779006958008e-01
6.330734491348266602e-01
-3.500702604651451111e-02
