4.172912836074829102e-01
7.034458518028259277e-01
-2.384902586527459789e-07
4.447137117385864258e-01
6.290820837020874023e-01
1.732634264044463634e-03
4.911619126796722412e-01
5.738453269004821777e-01
-5.383041687309741974e-03
5.228862166404724121e-01
5.241664648056030273e-01
-1.402987726032733917e-02
5.347098112106323242e-01
4.768125116825103760e-01
-2.121737785637378693e-02
5.497856736183166504e-01
5.953566431999206543e-01
-7.634740788489580154e-03
5.915656089782714844e-01
6.316502690315246582e-01
-1.255441736429929733e-02
5.735923051834106445e-01
6.431841850280761719e-01
-1.661763340234756470e-02
5.519168376922607422e-01
6.377841234207153320e-01
-1.927468180656433105e-02
5.528373718261718750e-01
6.456195116043090820e-01
-1.444919966161251068e-02
5.911422371864318848e-01
6.722851991653442383e-01
-9.273728355765342712e-03
5.743872523307800293e-01
6.778608560562133789e-01
-5.576383788138628006e-03
5.516805648803710938e-01
6.740157008171081543e-01
-6.571182981133460999e-03
5.479949712753295898e-01
6.965222358703613281e-01
-2.071896567940711975e-02
5.870212912559509277e-01
7.113167047500610352e-01
-1.415835600346326828e-02
5.700932145118713379e-01
7.147755622863769531e-01
-4.624175839126110077e-03
5.460016131401062012e-01
7.108882069587707520e-01
-2.286319620907306671e-03
5.389376878738403320e-01
7.416518926620483398e-01
-2.716374024748802185e-02
5.699538588523864746e-01
7.447367906570434570e-01
-1.920926012098789215e-02
5.537180900573730469e-01
7.464361190795898438e-01
-7.325492333620786667e-03
5.334763526916503906e-01
7.442324757575988770e-01
-5.409144214354455471e-04
