4.784786403179168701e-01
4.306540489196777344e-01
-1.474800654932550970e-07
5.079930424690246582e-01
3.922185897827148438e-01
-3.198405262082815170e-03
5.169922113418579102e-01
3.434478342533111572e-01
-5.706439726054668427e-03
5.164018869400024414e-01
3.053558766841888428e-01
-9.286484681069850922e-03
5.146580934524536133e-01
2.738984227180480957e-01
-1.214736420661211014e-02
4.885135591030120850e-01
2.996453642845153809e-01
-3.310070838779211044e-03
5.147786736488342285e-01
3.015563786029815674e-01
-1.690916344523429871e-02
5.255013108253479004e-01
3.314529061317443848e-01
-2.596446871757507324e-02
5.296347737312316895e-01
3.514010906219482422e-01
-3.002471290528774261e-02
4.720644652843475342e-01
3.091855645179748535e-01
-6.023382768034934998e-03
5.098049640655517578e-01
3.235612213611602783e-01
-1.709864661097526550e-02
5.210400819778442383e-01
3.549622893333435059e-01
-1.964942738413810730e-02
5.249089002609252930e-01
3.771218955516815186e-01
-1.964589580893516541e-02
4.591840803623199463e-01
3.271769881248474121e-01
-1.028403080999851227e-02
4.982355237007141113e-01
3.440245985984802246e-01
-2.211782336235046387e-02
5.104471445083618164e-01
3.711674809455871582e-01
-2.035535499453544617e-02
5.156931281089782715e-01
3.919716477394104004e-01
-1.646873541176319122e-02
4.497430324554443359e-01
3.501287698745727539e-01
-1.506984885782003403e-02
4.805956482887268066e-01
3.589246571063995361e-01
-2.344952523708343506e-02
4.928527176380157471e-01
3.778196871280670166e-01
-2.202540636062622070e-02
4.979150891304016113e-01
3.921843171119689941e-01
-1.842236518859863281e-02
