3.509789705276489258e-01
6.637629270553588867e-01
-4.200721832603449002e-07
3.979829549789428711e-01
6.455135941505432129e-01
-3.912661690264940262e-03
4.272275269031524658e-01
5.951445102691650391e-01
-8.277127519249916077e-03
4.290367066860198975e-01
5.342734456062316895e-01
-1.638454757630825043e-02
4.113034904003143311e-01
4.880942106246948242e-01
-2.258329652249813080e-02
4.392411708831787109e-01
5.359109640121459961e-01
7.508994545787572861e-03
4.503691494464874268e-01
4.635832309722900391e-01
-1.293029822409152985e-02
4.419742226600646973e-01
5.089382529258728027e-01
-2.377447672188282013e-02
4.311224818229675293e-01
5.396314859390258789e-01
-2.678201906383037567e-02
4.172463417053222656e-01
5.229451060295104980e-01
1.095930347219109535e-04
4.311029016971588135e-01
4.574230909347534180e-01
-1.895736902952194214e-02
4.216910600662231445e-01
5.141527056694030762e-01
-2.534357644617557526e-02
4.093659222126007080e-01
5.410749316215515137e-01
-2.470294386148452759e-02
3.932529091835021973e-01
5.201672315597534180e-01
-1.024061162024736404e-02
4.054615497589111328e-01
4.714935421943664551e-01
-2.886304073035717010e-02
3.974374830722808838e-01
5.298199653625488281e-01
-2.393149957060813904e-02
3.871732354164123535e-01
5.558374524116516113e-01
-1.526183076202869415e-02
3.655672371387481689e-01
5.225924253463745117e-01
-2.071102149784564972e-02
3.825274407863616943e-01
4.817326664924621582e-01
-2.906403690576553345e-02
3.783573508262634277e-01
5.233353376388549805e-01
-1.955556496977806091e-02
3.697275519371032715e-01
5.490922331809997559e-01
-9.691105224192142487e-03
