3.164265155792236328e-01
6.562069058418273926e-01
-4.006407721135474276e-07
3.666228950023651123e-01
6.363404393196105957e-01
-7.613770198076963425e-03
4.045414328575134277e-01
5.825244188308715820e-01
-8.835390210151672363e-03
4.181010723114013672e-01
5.263868570327758789e-01
-1.394074782729148865e-02
4.077493250370025635e-01
4.826581776142120361e-01
-1.582282967865467072e-02
4.137547314167022705e-01
5.097001194953918457e-01
1.383122522383928299e-02
4.317382872104644775e-01
4.664519131183624268e-01
-5.261822603642940521e-03
4.243933856487274170e-01
5.090788006782531738e-01
-1.475698780268430710e-02
4.166522920131683350e-01
5.399420261383056641e-01
-1.503358315676450729e-02
3.889508545398712158e-01
4.959698617458343506e-01
7.607637438923120499e-03
4.041551053524017334e-01
4.542980790138244629e-01
-1.720236986875534058e-02
3.967363536357879639e-01
5.123736262321472168e-01
-2.695027180016040802e-02
3.884820342063903809e-01
5.441550612449645996e-01
-2.483224123716354370e-02
3.614565134048461914e-01
4.884474575519561768e-01
-3.031428903341293335e-03
3.740763366222381592e-01
4.611666500568389893e-01
-3.149536997079849243e-02
3.694849312305450439e-01
5.222192406654357910e-01
-3.641953691840171814e-02
3.605569899082183838e-01
5.579558610916137695e-01
-2.879036776721477509e-02
3.330325782299041748e-01
4.847041368484497070e-01
-1.395584922283887863e-02
3.379539251327514648e-01
4.170475006103515625e-01
-2.680334448814392090e-02
3.425675332546234131e-01
3.789331316947937012e-01
-2.853692509233951569e-02
3.459931612014770508e-01
3.395846486091613770e-01
-2.547696605324745178e-02
