3.323810398578643799e-01
4.779199957847595215e-01
-2.675938901575136697e-07
3.671886324882507324e-01
4.551877677440643311e-01
-9.296239353716373444e-03
3.893633186817169189e-01
4.134489595890045166e-01
-1.173734758049249649e-02
3.876237869262695312e-01
3.735588788986206055e-01
-1.563876681029796600e-02
3.770998120307922363e-01
3.469227254390716553e-01
-1.578188687562942505e-02
3.891545832157135010e-01
3.698309063911437988e-01
3.177216276526451111e-03
4.001110196113586426e-01
3.328100442886352539e-01
-1.160098891705274582e-02
3.936317265033721924e-01
3.678207993507385254e-01
-1.649215258657932281e-02
3.881178498268127441e-01
3.871832787990570068e-01
-1.508928462862968445e-02
3.701300024986267090e-01
3.641304671764373779e-01
1.371894846670329571e-03
3.773576319217681885e-01
3.317840397357940674e-01
-1.532209292054176331e-02
3.747531175613403320e-01
3.735054135322570801e-01
-1.887368038296699524e-02
3.731693029403686523e-01
3.881868422031402588e-01
-1.573644950985908508e-02
3.504955768585205078e-01
3.633711636066436768e-01
-3.785678884014487267e-03
3.563124835491180420e-01
3.415771722793579102e-01
-2.370562404394149780e-02
3.556204140186309814e-01
3.855313658714294434e-01
-2.382609620690345764e-02
3.519803881645202637e-01
4.065406322479248047e-01
-1.649911329150199890e-02
3.304603993892669678e-01
3.626694977283477783e-01
-9.386765770614147186e-03
3.334923386573791504e-01
3.172080814838409424e-01
-1.797071285545825958e-02
3.373627066612243652e-01
2.906846702098846436e-01
-1.735818572342395782e-02
3.398073911666870117e-01
2.601522207260131836e-01
-1.387637946754693985e-02
