3.353603780269622803e-01
4.837129414081573486e-01
-2.740259219535801094e-07
3.691835701465606689e-01
4.621407389640808105e-01
-9.676653891801834106e-03
3.911755084991455078e-01
4.192937016487121582e-01
-1.284818723797798157e-02
3.909632563591003418e-01
3.792613744735717773e-01
-1.738684065639972687e-02
3.789812624454498291e-01
3.529524803161621094e-01
-1.816122792661190033e-02
3.927814066410064697e-01
3.734293580055236816e-01
1.704439520835876465e-03
4.022187292575836182e-01
3.377869427204132080e-01
-1.356760691851377487e-02
3.973353505134582520e-01
3.730250895023345947e-01
-1.939688436686992645e-02
3.927500247955322266e-01
3.930934667587280273e-01
-1.893506199121475220e-02
3.734653294086456299e-01
3.674902021884918213e-01
-1.037310721585527062e-04
3.802163898944854736e-01
3.381069302558898926e-01
-1.671079173684120178e-02
3.780273795127868652e-01
3.797135949134826660e-01
-2.023577503859996796e-02
3.766653239727020264e-01
3.925449550151824951e-01
-1.761847175657749176e-02
3.533045649528503418e-01
3.672045469284057617e-01
-5.262451712042093277e-03
3.593170642852783203e-01
3.453165888786315918e-01
-2.465487271547317505e-02
3.586429953575134277e-01
3.902051448822021484e-01
-2.376081235706806183e-02
3.550779819488525391e-01
4.115503132343292236e-01
-1.640626229345798492e-02
3.333448171615600586e-01
3.676327466964721680e-01
-1.109442114830017090e-02
3.360424935817718506e-01
3.226324319839477539e-01
-1.993046700954437256e-02
3.402452766895294189e-01
2.961333990097045898e-01
-1.925868354737758636e-02
3.433580398559570312e-01
2.657413780689239502e-01
-1.605275273323059082e-02
