3.627242743968963623e-01
4.713740944862365723e-01
-2.078836729424438090e-07
3.991742432117462158e-01
4.506666660308837891e-01
-4.554807208478450775e-03
4.215991497039794922e-01
4.042695164680480957e-01
-5.843854509294033051e-03
4.172790646553039551e-01
3.660080730915069580e-01
-9.823898784816265106e-03
3.935970962047576904e-01
3.569380640983581543e-01
-1.237375382333993912e-02
4.138025939464569092e-01
3.639771044254302979e-01
5.074935033917427063e-03
4.241216480731964111e-01
3.299196958541870117e-01
-9.485817514359951019e-03
4.254581928253173828e-01
3.567878007888793945e-01
-1.758805848658084869e-02
4.227118790149688721e-01
3.798970580101013184e-01
-1.898926123976707458e-02
3.956764936447143555e-01
3.606127202510833740e-01
2.705591905396431684e-04
4.024963974952697754e-01
3.328792750835418701e-01
-1.712445914745330811e-02
4.046333432197570801e-01
3.688680827617645264e-01
-2.453677728772163391e-02
4.030157029628753662e-01
3.921809196472167969e-01
-2.445618622004985809e-02
3.754847943782806396e-01
3.616954088211059570e-01
-7.274421863257884979e-03
3.831690847873687744e-01
3.412921428680419922e-01
-2.577349729835987091e-02
3.849001228809356689e-01
3.782397806644439697e-01
-2.954981476068496704e-02
3.815005421638488770e-01
4.040950834751129150e-01
-2.556571923196315765e-02
3.547362387180328369e-01
3.630392253398895264e-01
-1.506063248962163925e-02
3.574985861778259277e-01
3.165277242660522461e-01
-2.289280295372009277e-02
3.621416091918945312e-01
2.856222689151763916e-01
-2.465446665883064270e-02
3.660338521003723145e-01
2.578152418136596680e-01
-2.397059835493564606e-02
