3.338142931461334229e-01
4.895499646663665771e-01
-2.583640821285371203e-07
3.673902451992034912e-01
4.679041504859924316e-01
-9.544775821268558502e-03
3.907753229141235352e-01
4.240091443061828613e-01
-1.282185502350330353e-02
3.892147839069366455e-01
3.832841217517852783e-01
-1.736671663820743561e-02
3.720966875553131104e-01
3.608760535717010498e-01
-1.837639138102531433e-02
3.923844397068023682e-01
3.801190555095672607e-01
-5.871164030395448208e-04
4.024881124496459961e-01
3.411269187927246094e-01
-1.609084755182266235e-02
3.971804678440093994e-01
3.750699162483215332e-01
-2.152631245553493500e-02
3.926725089550018311e-01
3.959101438522338867e-01
-2.047562412917613983e-02
3.728247284889221191e-01
3.745526075363159180e-01
-2.654148964211344719e-03
3.792876601219177246e-01
3.418778777122497559e-01
-1.863434351980686188e-02
3.780203163623809814e-01
3.810796439647674561e-01
-2.127287164330482483e-02
3.780615031719207764e-01
3.935517966747283936e-01
-1.815328560769557953e-02
3.522752225399017334e-01
3.743243813514709473e-01
-7.970431819558143616e-03
3.577384650707244873e-01
3.523947596549987793e-01
-2.704791538417339325e-02
3.573150634765625000e-01
3.965034484863281250e-01
-2.615372464060783386e-02
3.543452322483062744e-01
4.180699884891510010e-01
-1.876615360379219055e-02
3.318502604961395264e-01
3.737343251705169678e-01
-1.386506203562021255e-02
3.338055610656738281e-01
3.256052434444427490e-01
-2.173816040158271790e-02
3.379779756069183350e-01
2.980095744132995605e-01
-2.040506899356842041e-02
3.415544927120208740e-01
2.674447596073150635e-01
-1.690965145826339722e-02
