3.806574940681457520e-01
4.640969336032867432e-01
-1.944801510944671463e-07
4.166508018970489502e-01
4.444775581359863281e-01
-2.681724494323134422e-03
4.391045570373535156e-01
4.003244340419769287e-01
-3.755028126761317253e-03
4.403485059738159180e-01
3.632394969463348389e-01
-7.748924195766448975e-03
4.197058081626892090e-01
3.530308306217193604e-01
-1.088923122733831406e-02
4.288210868835449219e-01
3.598408102989196777e-01
6.445918232202529907e-03
4.423729479312896729e-01
3.307742178440093994e-01
-6.826605647802352905e-03
4.415181875228881836e-01
3.548125922679901123e-01
-1.583402417600154877e-02
4.366798698902130127e-01
3.765341341495513916e-01
-1.851361803710460663e-02
4.128932952880859375e-01
3.566626906394958496e-01
1.392288133502006531e-03
4.235166311264038086e-01
3.313399553298950195e-01
-1.401416026055812836e-02
4.229551553726196289e-01
3.612122833728790283e-01
-2.220840565860271454e-02
4.198732674121856689e-01
3.846403956413269043e-01
-2.343654632568359375e-02
3.939002752304077148e-01
3.562741875648498535e-01
-5.977442953735589981e-03
4.049940705299377441e-01
3.376827239990234375e-01
-2.154606208205223083e-02
4.043340682983398438e-01
3.713857829570770264e-01
-2.481517568230628967e-02
3.995231389999389648e-01
3.997321128845214844e-01
-2.131875045597553253e-02
3.747294247150421143e-01
3.569949567317962646e-01
-1.365916337817907333e-02
3.800483047962188721e-01
3.122668266296386719e-01
-2.066451124846935272e-02
3.854225277900695801e-01
2.807783782482147217e-01
-2.262341417372226715e-02
3.907649815082550049e-01
2.552356421947479248e-01
-2.235855162143707275e-02
