3.339125514030456543e-01
4.906651079654693604e-01
-2.560387315497791860e-07
3.678278625011444092e-01
4.685784876346588135e-01
-9.489686228334903717e-03
3.911687731742858887e-01
4.242936372756958008e-01
-1.278017740696668625e-02
3.891866207122802734e-01
3.831368386745452881e-01
-1.735932193696498871e-02
3.725757896900177002e-01
3.603214025497436523e-01
-1.840319111943244934e-02
3.927178680896759033e-01
3.796526789665222168e-01
-1.875340785773005337e-05
4.027664363384246826e-01
3.411995470523834229e-01
-1.553686428815126419e-02
3.973981738090515137e-01
3.748053312301635742e-01
-2.108418568968772888e-02
3.928030431270599365e-01
3.960385918617248535e-01
-2.004732005298137665e-02
3.728386759757995605e-01
3.738868236541748047e-01
-2.196539659053087234e-03
3.793302178382873535e-01
3.411359786987304688e-01
-1.847804896533489227e-02
3.778378367424011230e-01
3.803466856479644775e-01
-2.151491120457649231e-02
3.776003718376159668e-01
3.936224579811096191e-01
-1.849649846553802490e-02
3.521264791488647461e-01
3.736953735351562500e-01
-7.640933152288198471e-03
3.579939305782318115e-01
3.521174788475036621e-01
-2.704581245779991150e-02
3.571137189865112305e-01
3.964541554450988770e-01
-2.653532661497592926e-02
3.537091910839080811e-01
4.182425737380981445e-01
-1.925713382661342621e-02
3.316103816032409668e-01
3.737215697765350342e-01
-1.363817322999238968e-02
3.334781229496002197e-01
3.257634639739990234e-01
-2.150060795247554779e-02
3.376628756523132324e-01
2.979521751403808594e-01
-2.027956955134868622e-02
3.412841558456420898e-01
2.669260203838348389e-01
-1.684196293354034424e-02
