3.625238239765167236e-01
4.751303791999816895e-01
-1.798511704009797540e-07
3.980585634708404541e-01
4.489055275917053223e-01
-1.891097752377390862e-03
4.187798798084259033e-01
4.039930105209350586e-01
-3.370339050889015198e-03
4.148164689540863037e-01
3.659690618515014648e-01
-7.905749604105949402e-03
3.913505971431732178e-01
3.564935922622680664e-01
-1.137646194547414780e-02
4.104838669300079346e-01
3.654861748218536377e-01
6.254190113395452499e-03
4.232288300991058350e-01
3.314052820205688477e-01
-7.090133149176836014e-03
4.237681627273559570e-01
3.559045493602752686e-01
-1.560236699879169464e-02
4.205166995525360107e-01
3.782511055469512939e-01
-1.784206554293632507e-02
3.931886553764343262e-01
3.626050055027008057e-01
1.097257772926241159e-04
4.030146598815917969e-01
3.329414725303649902e-01
-1.505486853420734406e-02
4.044265449047088623e-01
3.636827170848846436e-01
-2.299163863062858582e-02
4.021369516849517822e-01
3.860453665256500244e-01
-2.431721426546573639e-02
3.739154040813446045e-01
3.629394471645355225e-01
-8.300268091261386871e-03
3.836183845996856689e-01
3.425200581550598145e-01
-2.355003729462623596e-02
3.862578272819519043e-01
3.764685690402984619e-01
-2.702590078115463257e-02
3.834666609764099121e-01
4.026492238044738770e-01
-2.416859194636344910e-02
3.547169268131256104e-01
3.644432425498962402e-01
-1.693709567189216614e-02
3.568696677684783936e-01
3.179545998573303223e-01
-2.261543273925781250e-02
3.605693280696868896e-01
2.864503860473632812e-01
-2.356568165123462677e-02
3.637254536151885986e-01
2.594910860061645508e-01
-2.309308573603630066e-02
