3.331544995307922363e-01
4.446411728858947754e-01
-2.493081296961463522e-07
3.631632924079895020e-01
4.285238385200500488e-01
-8.763372898101806641e-03
3.857826292514801025e-01
3.923859000205993652e-01
-1.192572154104709625e-02
3.880667090415954590e-01
3.556164205074310303e-01
-1.608004607260227203e-02
3.776194453239440918e-01
3.309146165847778320e-01
-1.682434603571891785e-02
3.893522024154663086e-01
3.521187007427215576e-01
-6.773601053282618523e-04
4.003352224826812744e-01
3.198619782924652100e-01
-1.434364356100559235e-02
3.930608332157135010e-01
3.519936501979827881e-01
-1.871399767696857452e-02
3.872047066688537598e-01
3.694681227207183838e-01
-1.770103350281715393e-02
3.717387318611145020e-01
3.448163270950317383e-01
-2.571602584794163704e-03
3.789327740669250488e-01
3.167545199394226074e-01
-1.768477447330951691e-02
3.754795491695404053e-01
3.532891273498535156e-01
-2.043510414659976959e-02
3.739739656448364258e-01
3.640519678592681885e-01
-1.771036162972450256e-02
3.528094887733459473e-01
3.431079387664794922e-01
-7.331142667680978775e-03
3.589413464069366455e-01
3.248703479766845703e-01
-2.548353001475334167e-02
3.565810322761535645e-01
3.656534254550933838e-01
-2.488126046955585480e-02
3.522230088710784912e-01
3.844211697578430176e-01
-1.810551062226295471e-02
3.340572714805603027e-01
3.419088125228881836e-01
-1.255573984235525131e-02
3.375222980976104736e-01
2.996987104415893555e-01
-2.160605229437351227e-02
3.418304622173309326e-01
2.745489776134490967e-01
-2.153482101857662201e-02
3.448793590068817139e-01
2.461200803518295288e-01
-1.877259835600852966e-02
