3.327046930789947510e-01
4.495752155780792236e-01
-2.531142229145189049e-07
3.643418252468109131e-01
4.320231974124908447e-01
-8.489984087646007538e-03
3.865706324577331543e-01
3.922121226787567139e-01
-1.078607887029647827e-02
3.872486948966979980e-01
3.546938598155975342e-01
-1.423923298716545105e-02
3.771184086799621582e-01
3.302977383136749268e-01
-1.410212554037570953e-02
3.895797133445739746e-01
3.527510464191436768e-01
9.238062775693833828e-04
3.996413052082061768e-01
3.187640011310577393e-01
-1.232287753373384476e-02
3.928813040256500244e-01
3.520892858505249023e-01
-1.644238457083702087e-02
3.876312673091888428e-01
3.692384660243988037e-01
-1.525970268994569778e-02
3.717007935047149658e-01
3.457117378711700439e-01
-9.937188588082790375e-04
3.791030943393707275e-01
3.161938488483428955e-01
-1.598355546593666077e-02
3.755223453044891357e-01
3.548361063003540039e-01
-1.880348287522792816e-02
3.731971681118011475e-01
3.669573664665222168e-01
-1.592905260622501373e-02
3.526795506477355957e-01
3.437693417072296143e-01
-5.854260642081499100e-03
3.585650324821472168e-01
3.236065804958343506e-01
-2.361701428890228271e-02
3.563560545444488525e-01
3.645060956478118896e-01
-2.343772910535335541e-02
3.519652187824249268e-01
3.829784691333770752e-01
-1.691509224474430084e-02
3.341987729072570801e-01
3.421602845191955566e-01
-1.115095149725675583e-02
3.381762206554412842e-01
2.988164722919464111e-01
-1.937021501362323761e-02
3.429264426231384277e-01
2.740113437175750732e-01
-1.924590207636356354e-02
3.461357951164245605e-01
2.456162720918655396e-01
-1.655547693371772766e-02
