4.186413288116455078e-01
4.522334337234497070e-01
-2.208681735282880254e-07
4.529853761196136475e-01
4.370499253273010254e-01
8.130220230668783188e-04
4.781510829925537109e-01
3.951836824417114258e-01
2.221381058916449547e-03
4.861835837364196777e-01
3.616552352905273438e-01
-8.337765029864385724e-05
4.731987714767456055e-01
3.427360057830810547e-01
-1.279114163480699062e-03
4.712320566177368164e-01
3.477907180786132812e-01
9.786965325474739075e-03
4.842510223388671875e-01
3.136661648750305176e-01
-2.625059802085161209e-03
4.883318841457366943e-01
3.392784297466278076e-01
-9.034762158989906311e-03
4.875863194465637207e-01
3.618034720420837402e-01
-8.884818293154239655e-03
4.558675289154052734e-01
3.440668880939483643e-01
3.234348492696881294e-03
4.681839942932128906e-01
3.171716630458831787e-01
-1.193470600992441177e-02
4.696100354194641113e-01
3.538379669189453125e-01
-1.814462989568710327e-02
4.674067497253417969e-01
3.767186105251312256e-01
-1.694615185260772705e-02
4.379742741584777832e-01
3.430216014385223389e-01
-5.384297575801610947e-03
4.513032138347625732e-01
3.282146751880645752e-01
-2.205329574644565582e-02
4.473751485347747803e-01
3.685872554779052734e-01
-2.300959452986717224e-02
4.393826723098754883e-01
3.937803804874420166e-01
-1.670006103813648224e-02
4.197722375392913818e-01
3.413244187831878662e-01
-1.384618040174245834e-02
4.271591305732727051e-01
2.927290797233581543e-01
-2.089457027614116669e-02
4.349139630794525146e-01
2.629399299621582031e-01
-1.996218226850032806e-02
4.417486786842346191e-01
2.350373268127441406e-01
-1.656957715749740601e-02
