3.997476100921630859e-01
4.584503769874572754e-01
-2.052040031230717432e-07
4.350485503673553467e-01
4.399183392524719238e-01
-1.317700021900236607e-03
4.574163258075714111e-01
3.946912884712219238e-01
-8.739066543057560921e-04
4.576724469661712646e-01
3.602484166622161865e-01
-3.462795168161392212e-03
4.425668418407440186e-01
3.423932194709777832e-01
-4.967167507857084274e-03
4.489782154560089111e-01
3.507718443870544434e-01
6.294372957199811935e-03
4.616191387176513672e-01
3.201384246349334717e-01
-5.986785981804132462e-03
4.634158015251159668e-01
3.494459092617034912e-01
-1.216872874647378922e-02
4.610645174980163574e-01
3.734390139579772949e-01
-1.215603854507207870e-02
4.315132498741149902e-01
3.491343259811401367e-01
7.388448575511574745e-04
4.414741694927215576e-01
3.231814205646514893e-01
-1.380544807761907578e-02
4.446646869182586670e-01
3.597971200942993164e-01
-1.941489242017269135e-02
4.437132477760314941e-01
3.837416172027587891e-01
-1.845162548124790192e-02
4.114387929439544678e-01
3.508868217468261719e-01
-6.958997342735528946e-03
4.224992692470550537e-01
3.322046399116516113e-01
-2.294932864606380463e-02
4.231083393096923828e-01
3.724257647991180420e-01
-2.398260682821273804e-02
4.182996749877929688e-01
3.995033800601959229e-01
-1.834595575928688049e-02
3.910678625106811523e-01
3.529077470302581787e-01
-1.464452501386404037e-02
3.968346118927001953e-01
3.038199245929718018e-01
-2.200392819941043854e-02
4.054444432258605957e-01
2.726584076881408691e-01
-2.204643003642559052e-02
4.130466282367706299e-01
2.432145178318023682e-01
-1.974723860621452332e-02
