4.107606410980224609e-01
4.552699923515319824e-01
-2.111461441245410242e-07
4.455476105213165283e-01
4.354800581932067871e-01
7.766296039335429668e-04
4.693436622619628906e-01
3.919166624546051025e-01
2.070201793685555458e-03
4.745875597000122070e-01
3.571637868881225586e-01
-1.175872093881480396e-04
4.617884755134582520e-01
3.354374468326568604e-01
-1.319166156463325024e-03
4.611195623874664307e-01
3.496345579624176025e-01
8.082475513219833374e-03
4.734137952327728271e-01
3.158570826053619385e-01
-4.244687967002391815e-03
4.773663282394409180e-01
3.438795804977416992e-01
-1.039686426520347595e-02
4.769876003265380859e-01
3.681243062019348145e-01
-1.009299885481595993e-02
4.452178478240966797e-01
3.477947711944580078e-01
1.760909799486398697e-03
4.559414684772491455e-01
3.191166818141937256e-01
-1.330034062266349792e-02
4.599842429161071777e-01
3.556483983993530273e-01
-1.927606388926506042e-02
4.595647454261779785e-01
3.799661993980407715e-01
-1.820187270641326904e-02
4.263880252838134766e-01
3.476800322532653809e-01
-6.495113950222730637e-03
4.391515254974365234e-01
3.284824788570404053e-01
-2.304255031049251556e-02
4.379295110702514648e-01
3.704357445240020752e-01
-2.398522756993770599e-02
4.313978254795074463e-01
3.980666399002075195e-01
-1.787321828305721283e-02
4.066766798496246338e-01
3.473812937736511230e-01
-1.456824783235788345e-02
4.127625524997711182e-01
2.974589169025421143e-01
-2.201216854155063629e-02
4.212721884250640869e-01
2.667558789253234863e-01
-2.184495888650417328e-02
4.288930296897888184e-01
2.376873195171356201e-01
-1.916344277560710907e-02
