3.171460032463073730e-01
6.470037698745727539e-01
-4.255773546901764348e-07
3.670209944248199463e-01
6.305038928985595703e-01
-7.940807379782199860e-03
4.070637822151184082e-01
5.780974030494689941e-01
-1.055482123047113419e-02
4.224736690521240234e-01
5.229651331901550293e-01
-1.680896058678627014e-02
4.120285212993621826e-01
4.793388843536376953e-01
-1.916353404521942139e-02
4.171804189682006836e-01
5.040755867958068848e-01
8.114730939269065857e-03
4.390748441219329834e-01
4.587645530700683594e-01
-1.357894670218229294e-02
4.280798435211181641e-01
5.038866996765136719e-01
-2.316922321915626526e-02
4.171894788742065430e-01
5.329676866531372070e-01
-2.305746264755725861e-02
3.932022154331207275e-01
4.905202090740203857e-01
2.131813904270529747e-03
4.095378220081329346e-01
4.471859633922576904e-01
-2.294463291764259338e-02
4.001154303550720215e-01
5.043370723724365234e-01
-3.109055943787097931e-02
3.926936388015747070e-01
5.305029749870300293e-01
-2.834895439445972443e-02
3.655233383178710938e-01
4.836379289627075195e-01
-8.082166314125061035e-03
3.779086768627166748e-01
4.567989706993103027e-01
-3.711948543787002563e-02
3.718177974224090576e-01
5.187517404556274414e-01
-3.977371007204055786e-02
3.633724451065063477e-01
5.515547990798950195e-01
-3.098787926137447357e-02
3.371028304100036621e-01
4.792255759239196777e-01
-1.846338808536529541e-02
3.447415232658386230e-01
4.115459024906158447e-01
-3.220582753419876099e-02
3.500768840312957764e-01
3.726865053176879883e-01
-3.281882405281066895e-02
3.543337285518646240e-01
3.311543464660644531e-01
-2.884198725223541260e-02
