4.216914474964141846e-01
4.459377825260162354e-01
-2.440226296585024102e-07
4.587683379650115967e-01
4.283689260482788086e-01
-5.111874543217709288e-06
4.864250123500823975e-01
3.899621665477752686e-01
3.067037614528089762e-04
4.961278736591339111e-01
3.552068471908569336e-01
-2.739048097282648087e-03
4.809851646423339844e-01
3.322321474552154541e-01
-4.605531226843595505e-03
4.781927168369293213e-01
3.413987755775451660e-01
9.105671197175979614e-03
4.935322999954223633e-01
3.107669353485107422e-01
-3.591028274968266487e-03
4.928820431232452393e-01
3.433263301849365234e-01
-1.097709964960813522e-02
4.873708486557006836e-01
3.656640350818634033e-01
-1.187608763575553894e-02
4.630197286605834961e-01
3.372398316860198975e-01
2.887413837015628815e-03
4.750297665596008301e-01
3.080545663833618164e-01
-1.151145901530981064e-02
4.745787978172302246e-01
3.483894467353820801e-01
-1.805289834737777710e-02
4.698323011398315430e-01
3.709327578544616699e-01
-1.769900135695934296e-02
4.448867440223693848e-01
3.356050252914428711e-01
-5.361838731914758682e-03
4.583037793636322021e-01
3.191511034965515137e-01
-2.125142142176628113e-02
4.545175433158874512e-01
3.611378967761993408e-01
-2.220804616808891296e-02
4.455405473709106445e-01
3.860107958316802979e-01
-1.637020893394947052e-02
4.255572855472564697e-01
3.335911631584167480e-01
-1.347921416163444519e-02
4.346551001071929932e-01
2.845861911773681641e-01
-2.064618654549121857e-02
4.448252022266387939e-01
2.553689479827880859e-01
-2.012575976550579071e-02
4.531669318675994873e-01
2.273774147033691406e-01
-1.723465509712696075e-02
