3.487935364246368408e-01
4.310792386531829834e-01
-2.571047730270947795e-07
3.842356204986572266e-01
4.087785184383392334e-01
-6.147621199488639832e-03
4.080539643764495850e-01
3.602620363235473633e-01
-6.835172418504953384e-03
4.058437049388885498e-01
3.195713758468627930e-01
-9.682345204055309296e-03
3.855009078979492188e-01
2.989249229431152344e-01
-9.501726366579532623e-03
4.073315560817718506e-01
3.179351091384887695e-01
7.384952623397111893e-03
4.179806411266326904e-01
2.819765806198120117e-01
-5.718091968446969986e-03
4.109621047973632812e-01
3.150295019149780273e-01
-1.263640634715557098e-02
4.053814411163330078e-01
3.356617391109466553e-01
-1.400718372315168381e-02
3.881920576095581055e-01
3.091815710067749023e-01
4.077827092260122299e-03
3.935477733612060547e-01
2.809386849403381348e-01
-9.061634540557861328e-03
3.895767629146575928e-01
3.197072446346282959e-01
-1.296915765851736069e-02
3.898511826992034912e-01
3.325959444046020508e-01
-1.196868252009153366e-02
3.665998578071594238e-01
3.073534965515136719e-01
-2.585628768429160118e-03
3.713002204895019531e-01
2.840030193328857422e-01
-1.803110353648662567e-02
3.707701265811920166e-01
3.271223306655883789e-01
-1.767151989042758942e-02
3.688194751739501953e-01
3.527863025665283203e-01
-1.219134684652090073e-02
3.443756997585296631e-01
3.058990538120269775e-01
-9.912040084600448608e-03
3.476701080799102783e-01
2.584934830665588379e-01
-1.772558316588401794e-02
3.491686582565307617e-01
2.281486690044403076e-01
-1.839723996818065643e-02
3.508189022541046143e-01
1.968675255775451660e-01
-1.701162382960319519e-02
