3.088891506195068359e-01
4.196100234985351562e-01
-2.614644927234621719e-07
3.426409363746643066e-01
3.959237337112426758e-01
-8.986642584204673767e-03
3.651298880577087402e-01
3.474617302417755127e-01
-1.135674398392438889e-02
3.617463409900665283e-01
3.055233359336853027e-01
-1.523226685822010040e-02
3.457352817058563232e-01
2.798159420490264893e-01
-1.590856723487377167e-02
3.673279881477355957e-01
3.026995062828063965e-01
3.178152022883296013e-03
3.754830062389373779e-01
2.654614150524139404e-01
-1.137316413223743439e-02
3.685389757156372070e-01
2.980464100837707520e-01
-1.906463876366615295e-02
3.620447516441345215e-01
3.166408538818359375e-01
-2.078021503984928131e-02
3.454712629318237305e-01
2.950583398342132568e-01
5.049397586844861507e-04
3.509574532508850098e-01
2.624448239803314209e-01
-1.426180824637413025e-02
3.469648063182830811e-01
3.028830885887145996e-01
-1.954152807593345642e-02
3.440665006637573242e-01
3.163837790489196777e-01
-1.948706991970539093e-02
3.227921426296234131e-01
2.940970361232757568e-01
-5.536680109798908234e-03
3.271949291229248047e-01
2.668728232383728027e-01
-2.181517146527767181e-02
3.276861011981964111e-01
3.066067993640899658e-01
-2.271188236773014069e-02
3.247798979282379150e-01
3.275116682052612305e-01
-1.852419786155223846e-02
3.004640936851501465e-01
2.936446368694305420e-01
-1.237360481172800064e-02
3.025316894054412842e-01
2.447859495878219604e-01
-1.998068764805793762e-02
3.043174445629119873e-01
2.146278321743011475e-01
-2.059159800410270691e-02
3.048050403594970703e-01
1.819567233324050903e-01
-1.953962631523609161e-02
