3.076397776603698730e-01
4.215283095836639404e-01
-2.782537364964809967e-07
3.428961634635925293e-01
3.973253369331359863e-01
-9.721447713673114777e-03
3.647310733795166016e-01
3.479870557785034180e-01
-1.203223131597042084e-02
3.613752126693725586e-01
3.060725629329681396e-01
-1.589560881257057190e-02
3.464581668376922607e-01
2.817013859748840332e-01
-1.589106954634189606e-02
3.686068356037139893e-01
3.045097589492797852e-01
4.948266781866550446e-03
3.766930103302001953e-01
2.666615247726440430e-01
-1.111317425966262817e-02
3.685180842876434326e-01
2.990292608737945557e-01
-1.965116895735263824e-02
3.622695207595825195e-01
3.200528919696807861e-01
-2.134360745549201965e-02
3.478047251701354980e-01
2.956572771072387695e-01
3.127672709524631500e-03
3.512301445007324219e-01
2.633874416351318359e-01
-1.215371955186128616e-02
3.472998142242431641e-01
3.051023781299591064e-01
-1.637095585465431213e-02
3.468844294548034668e-01
3.197013139724731445e-01
-1.497326977550983429e-02
3.254154622554779053e-01
2.938620150089263916e-01
-2.590699819847941399e-03
3.287845253944396973e-01
2.680948674678802490e-01
-1.913738809525966644e-02
3.284832835197448730e-01
3.099265396595001221e-01
-1.862529478967189789e-02
3.263460695743560791e-01
3.331844210624694824e-01
-1.288313418626785278e-02
3.029292821884155273e-01
2.931645512580871582e-01
-9.353633970022201538e-03
3.045544326305389404e-01
2.449050247669219971e-01
-1.647708751261234283e-02
3.048145771026611328e-01
2.154935300350189209e-01
-1.631484180688858032e-02
3.049654364585876465e-01
1.842221915721893311e-01
-1.428805291652679443e-02
