3.209603428840637207e-01
4.210771918296813965e-01
-2.525034403788595228e-07
3.559162020683288574e-01
3.990282714366912842e-01
-1.061504986137151718e-02
3.792736828327178955e-01
3.537297844886779785e-01
-1.404696051031351089e-02
3.793404698371887207e-01
3.117498159408569336e-01
-1.887160167098045349e-02
3.675018250942230225e-01
2.841542065143585205e-01
-2.031073346734046936e-02
3.813460767269134521e-01
3.048898577690124512e-01
1.848343177698552608e-03
3.915394842624664307e-01
2.704228460788726807e-01
-1.363309007138013840e-02
3.849037587642669678e-01
3.029832541942596436e-01
-2.135013416409492493e-02
3.790087401866912842e-01
3.219197988510131836e-01
-2.256451547145843506e-02
3.599584102630615234e-01
2.969011664390563965e-01
-7.123087561922147870e-05
3.663499057292938232e-01
2.692179083824157715e-01
-1.579916663467884064e-02
3.626193404197692871e-01
3.080447316169738770e-01
-2.066780813038349152e-02
3.605316579341888428e-01
3.208776116371154785e-01
-1.982064545154571533e-02
3.375368416309356689e-01
2.955919206142425537e-01
-5.612131673842668533e-03
3.425448536872863770e-01
2.721162140369415283e-01
-2.350234426558017731e-02
3.431282341480255127e-01
3.126915097236633301e-01
-2.396890707314014435e-02
3.405397236347198486e-01
3.351118266582489014e-01
-1.864092051982879639e-02
3.154453039169311523e-01
2.950951457023620605e-01
-1.203813031315803528e-02
3.165916800498962402e-01
2.459936738014221191e-01
-2.033105492591857910e-02
3.182594478130340576e-01
2.157187163829803467e-01
-2.044747211039066315e-02
3.194766938686370850e-01
1.838784217834472656e-01
-1.840066164731979370e-02
