2.765769064426422119e-01
4.219663739204406738e-01
-2.892088843964302214e-07
3.094674050807952881e-01
3.969724476337432861e-01
-1.580827683210372925e-02
3.271586894989013672e-01
3.438633382320404053e-01
-2.184353955090045929e-02
3.233759105205535889e-01
2.969323992729187012e-01
-2.770836278796195984e-02
3.082093596458435059e-01
2.697399258613586426e-01
-2.840060926973819733e-02
3.287779390811920166e-01
3.004300892353057861e-01
-6.650854833424091339e-03
3.350390791893005371e-01
2.554861903190612793e-01
-2.450638823211193085e-02
3.285157978534698486e-01
2.923972606658935547e-01
-3.160076215863227844e-02
3.236027359962463379e-01
3.125070929527282715e-01
-3.275393322110176086e-02
3.079994320869445801e-01
2.930663228034973145e-01
-5.629744380712509155e-03
3.093711137771606445e-01
2.573966383934020996e-01
-2.055385708808898926e-02
3.079403936862945557e-01
3.020856380462646484e-01
-2.082475274801254272e-02
3.109753131866455078e-01
3.037726879119873047e-01
-1.797314547002315521e-02
2.859805524349212646e-01
2.933202087879180908e-01
-8.877937681972980499e-03
2.852554321289062500e-01
2.652918994426727295e-01
-2.622995711863040924e-02
2.895705401897430420e-01
3.128473758697509766e-01
-2.214264310896396637e-02
2.904693484306335449e-01
3.354426622390747070e-01
-1.487275399267673492e-02
2.641214728355407715e-01
2.942491471767425537e-01
-1.374668441712856293e-02
2.604249715805053711e-01
2.446404993534088135e-01
-2.386492490768432617e-02
2.588652074337005615e-01
2.143671214580535889e-01
-2.477836608886718750e-02
2.560372948646545410e-01
1.795090734958648682e-01
-2.382672019302845001e-02
