2.819640636444091797e-01
4.277194142341613770e-01
-2.961276663882017601e-07
3.155316114425659180e-01
3.990089297294616699e-01
-1.222621183842420578e-02
3.343223929405212402e-01
3.456334471702575684e-01
-1.546377316117286682e-02
3.307675123214721680e-01
3.002011179924011230e-01
-1.974234543740749359e-02
3.203051388263702393e-01
2.721112966537475586e-01
-1.959032192826271057e-02
3.338693082332611084e-01
3.019143640995025635e-01
2.853616373613476753e-03
3.429196476936340332e-01
2.597870230674743652e-01
-1.417211163789033890e-02
3.340056240558624268e-01
2.944202423095703125e-01
-2.192381396889686584e-02
3.273147344589233398e-01
3.147938251495361328e-01
-2.301023900508880615e-02
3.123472630977630615e-01
2.944130003452301025e-01
1.841456745751202106e-03
3.171414434909820557e-01
2.571363449096679688e-01
-1.575207524001598358e-02
3.126103878021240234e-01
3.003790676593780518e-01
-2.009645663201808929e-02
3.113081753253936768e-01
3.142585754394531250e-01
-1.799625530838966370e-02
2.903800010681152344e-01
2.939525842666625977e-01
-3.247781889513134956e-03
2.930180132389068604e-01
2.643059194087982178e-01
-2.204087004065513611e-02
2.930020093917846680e-01
3.043798506259918213e-01
-2.165877260267734528e-02
2.907681167125701904e-01
3.238637447357177734e-01
-1.540430821478366852e-02
2.684257924556732178e-01
2.949870526790618896e-01
-9.543543681502342224e-03
2.656001448631286621e-01
2.459910809993743896e-01
-1.812432706356048584e-02
2.645791769027709961e-01
2.166939526796340942e-01
-1.834837347269058228e-02
2.636359035968780518e-01
1.842497140169143677e-01
-1.623978093266487122e-02
