2.757234871387481689e-01
4.219687283039093018e-01
-2.855578600247099530e-07
3.087975084781646729e-01
3.960432112216949463e-01
-1.546467095613479614e-02
3.267843127250671387e-01
3.422126770019531250e-01
-2.053049392998218536e-02
3.229138851165771484e-01
2.960621416568756104e-01
-2.535563334822654724e-02
3.083144128322601318e-01
2.699911892414093018e-01
-2.518949657678604126e-02
3.287118375301361084e-01
2.984906435012817383e-01
-5.671130027621984482e-03
3.340152204036712646e-01
2.542925179004669189e-01
-2.322697453200817108e-02
3.284816145896911621e-01
2.914016842842102051e-01
-3.092759288847446442e-02
3.240492343902587891e-01
3.100712895393371582e-01
-3.245088458061218262e-02
3.078776597976684570e-01
2.916291058063507080e-01
-4.906274843961000443e-03
3.079355061054229736e-01
2.559177875518798828e-01
-2.057191729545593262e-02
3.073308467864990234e-01
3.004507422447204590e-01
-2.263058163225650787e-02
3.097089231014251709e-01
3.056448101997375488e-01
-2.073294669389724731e-02
2.853800654411315918e-01
2.919397652149200439e-01
-8.265321142971515656e-03
2.837693989276885986e-01
2.662535011768341064e-01
-2.652897872030735016e-02
2.885684370994567871e-01
3.121399581432342529e-01
-2.492457255721092224e-02
2.897354066371917725e-01
3.335268795490264893e-01
-1.883815042674541473e-02
2.632592618465423584e-01
2.923635840415954590e-01
-1.297746133059263229e-02
2.599909007549285889e-01
2.415437996387481689e-01
-2.280292101204395294e-02
2.588752508163452148e-01
2.111408859491348267e-01
-2.395365573465824127e-02
2.560206055641174316e-01
1.760794520378112793e-01
-2.305890433490276337e-02
