2.765799760818481445e-01
4.236533045768737793e-01
-2.939059413620270789e-07
3.069197237491607666e-01
4.001836180686950684e-01
-1.664848998188972473e-02
3.248640298843383789e-01
3.474976718425750732e-01
-2.226242795586585999e-02
3.228934705257415771e-01
3.002582788467407227e-01
-2.766426838934421539e-02
3.108394742012023926e-01
2.706440687179565430e-01
-2.772285789251327515e-02
3.283993303775787354e-01
2.992943525314331055e-01
-5.556617397814989090e-03
3.336844444274902344e-01
2.546272277832031250e-01
-2.326929941773414612e-02
3.267102241516113281e-01
2.910218536853790283e-01
-2.937923930585384369e-02
3.219178020954132080e-01
3.113677203655242920e-01
-2.913995832204818726e-02
3.070088624954223633e-01
2.923525273799896240e-01
-4.214387387037277222e-03
3.073847591876983643e-01
2.576170563697814941e-01
-2.070329338312149048e-02
3.058449625968933105e-01
3.019092679023742676e-01
-2.152673155069351196e-02
3.088079690933227539e-01
3.053121566772460938e-01
-1.781266741454601288e-02
2.850496768951416016e-01
2.928985059261322021e-01
-7.235051598399877548e-03
2.828400135040283203e-01
2.672450840473175049e-01
-2.656612917780876160e-02
2.870595753192901611e-01
3.145617544651031494e-01
-2.359036728739738464e-02
2.884079217910766602e-01
3.360143303871154785e-01
-1.577905565500259399e-02
2.636355757713317871e-01
2.941134274005889893e-01
-1.179501786828041077e-02
2.594357430934906006e-01
2.447535693645477295e-01
-2.215081267058849335e-02
2.578135430812835693e-01
2.146283686161041260e-01
-2.266996353864669800e-02
2.553279399871826172e-01
1.795367747545242310e-01
-2.069203928112983704e-02
