3.088558912277221680e-01
4.328608512878417969e-01
-2.790430926324916072e-07
3.427947461605072021e-01
4.063626527786254883e-01
-1.059621572494506836e-02
3.638601601123809814e-01
3.541748225688934326e-01
-1.343445479869842529e-02
3.609083592891693115e-01
3.099570572376251221e-01
-1.766392588615417480e-02
3.450001180171966553e-01
2.869583666324615479e-01
-1.786798797547817230e-02
3.651150166988372803e-01
3.108170628547668457e-01
3.709380049258470535e-03
3.738420903682708740e-01
2.699660062789916992e-01
-1.292551681399345398e-02
3.669205605983734131e-01
3.034149408340454102e-01
-2.134680189192295074e-02
3.612558245658874512e-01
3.246999680995941162e-01
-2.297989837825298309e-02
3.448436260223388672e-01
3.025096952915191650e-01
2.078074030578136444e-03
3.491731286048889160e-01
2.683860659599304199e-01
-1.377595495432615280e-02
3.458665907382965088e-01
3.103068470954895020e-01
-1.764957420527935028e-02
3.453207910060882568e-01
3.238493502140045166e-01
-1.599584333598613739e-02
3.230254650115966797e-01
3.012946248054504395e-01
-3.560257144272327423e-03
3.265285193920135498e-01
2.720363736152648926e-01
-2.077772654592990875e-02
3.261826932430267334e-01
3.146182298660278320e-01
-1.957735046744346619e-02
3.236804306507110596e-01
3.380217552185058594e-01
-1.335581578314304352e-02
3.006272912025451660e-01
3.012509942054748535e-01
-1.039008889347314835e-02
2.995683848857879639e-01
2.527369260787963867e-01
-1.810090616345405579e-02
2.992399930953979492e-01
2.234603166580200195e-01
-1.803036965429782867e-02
2.994503378868103027e-01
1.918330937623977661e-01
-1.612486317753791809e-02
