3.446612358093261719e-01
4.409126043319702148e-01
-2.844794551037921337e-07
3.819049298763275146e-01
4.125957787036895752e-01
-6.036390084773302078e-03
4.068267345428466797e-01
3.659455776214599609e-01
-8.594122715294361115e-03
4.082762300968170166e-01
3.253646790981292725e-01
-1.394800096750259399e-02
3.875259160995483398e-01
3.088757097721099854e-01
-1.668636873364448547e-02
3.996506035327911377e-01
3.148055672645568848e-01
8.262156508862972260e-03
4.145717620849609375e-01
2.898396253585815430e-01
-6.450116634368896484e-03
4.073318243026733398e-01
3.237513303756713867e-01
-1.568561606109142303e-02
3.984546959400177002e-01
3.417340219020843506e-01
-1.865192502737045288e-02
3.809436261653900146e-01
3.083763122558593750e-01
3.551642410457134247e-03
3.896782398223876953e-01
2.882546186447143555e-01
-1.112745422869920731e-02
3.849787712097167969e-01
3.262347280979156494e-01
-1.778030768036842346e-02
3.805576264858245850e-01
3.414796590805053711e-01
-1.875171437859535217e-02
3.596147298812866211e-01
3.073508441448211670e-01
-4.487146623432636261e-03
3.666788935661315918e-01
2.907882034778594971e-01
-2.080081030726432800e-02
3.651781678199768066e-01
3.296249806880950928e-01
-2.303105592727661133e-02
3.600017130374908447e-01
3.527817428112030029e-01
-1.953733339905738831e-02
3.377460241317749023e-01
3.079339861869812012e-01
-1.317821629345417023e-02
3.403887450695037842e-01
2.624787688255310059e-01
-2.015667594969272614e-02
3.406955003738403320e-01
2.335295975208282471e-01
-2.055096998810768127e-02
3.401615023612976074e-01
2.049583792686462402e-01
-1.925607211887836456e-02
