3.663892745971679688e-01
4.548404514789581299e-01
-2.455807646128960187e-07
4.037897884845733643e-01
4.248416125774383545e-01
-1.838767551816999912e-03
4.275157153606414795e-01
3.803460597991943359e-01
-2.845267532393336296e-03
4.265514314174652100e-01
3.435491025447845459e-01
-7.460915483534336090e-03
4.057364463806152344e-01
3.286448121070861816e-01
-1.055926550179719925e-02
4.173038601875305176e-01
3.317947685718536377e-01
1.188304089009761810e-02
4.320814609527587891e-01
3.012503385543823242e-01
-2.299922984093427658e-03
4.287160336971282959e-01
3.291704356670379639e-01
-1.246778387576341629e-02
4.204116463661193848e-01
3.513679206371307373e-01
-1.520970836281776428e-02
3.996558785438537598e-01
3.259929716587066650e-01
5.725909955799579620e-03
4.101606905460357666e-01
2.968108057975769043e-01
-8.354580961167812347e-03
4.081322550773620605e-01
3.307310044765472412e-01
-1.715852692723274231e-02
4.018597602844238281e-01
3.535839021205902100e-01
-1.870817877352237701e-02
3.794520199298858643e-01
3.238156735897064209e-01
-3.063909942284226418e-03
3.876007497310638428e-01
3.024260103702545166e-01
-1.693399436771869659e-02
3.868517279624938965e-01
3.375343084335327148e-01
-2.013628371059894562e-02
3.805510401725769043e-01
3.632964789867401123e-01
-1.688765734434127808e-02
3.581047356128692627e-01
3.239160180091857910e-01
-1.220043189823627472e-02
3.604331314563751221e-01
2.752344608306884766e-01
-1.598300412297248840e-02
3.637800514698028564e-01
2.464710474014282227e-01
-1.479529961943626404e-02
3.656594157218933105e-01
2.216062545776367188e-01
-1.232916768640279770e-02
