4.364393949508666992e-01
4.992229044437408447e-01
-2.028649390695136390e-07
4.726882278919219971e-01
4.737107455730438232e-01
-2.313674893230199814e-03
4.971431791782379150e-01
4.318664371967315674e-01
-3.692301921546459198e-03
5.037879943847656250e-01
3.977651298046112061e-01
-8.204974234104156494e-03
4.922265410423278809e-01
3.776561319828033447e-01
-1.120535749942064285e-02
4.818071424961090088e-01
3.816861212253570557e-01
8.764314465224742889e-03
5.011513233184814453e-01
3.556251823902130127e-01
-5.154438782483339310e-03
5.039799213409423828e-01
3.834465146064758301e-01
-1.405446231365203857e-02
4.997780323028564453e-01
4.056386053562164307e-01
-1.554355304688215256e-02
4.681781828403472900e-01
3.779014945030212402e-01
3.724092384800314903e-03
4.849077761173248291e-01
3.566887974739074707e-01
-1.165646407753229141e-02
4.858722090721130371e-01
3.912960588932037354e-01
-2.005617134273052216e-02
4.814705550670623779e-01
4.150274097919464111e-01
-2.071309089660644531e-02
4.512422680854797363e-01
3.765107989311218262e-01
-3.718275809660553932e-03
4.681517779827117920e-01
3.614794015884399414e-01
-1.969248242676258087e-02
4.673867821693420410e-01
3.972292542457580566e-01
-2.313687652349472046e-02
4.595790505409240723e-01
4.223910868167877197e-01
-1.892061531543731689e-02
4.330945312976837158e-01
3.768141865730285645e-01
-1.122117787599563599e-02
4.375934898853302002e-01
3.289727270603179932e-01
-1.736425049602985382e-02
4.425973892211914062e-01
2.988459765911102295e-01
-1.738262549042701721e-02
4.454799592494964600e-01
2.722710967063903809e-01
-1.474642660468816757e-02
