4.077051281929016113e-01
4.865816831588745117e-01
-2.553606179844791768e-07
4.437656998634338379e-01
4.646309912204742432e-01
-5.852690432220697403e-03
4.729536175727844238e-01
4.190559089183807373e-01
-8.492714725434780121e-03
4.761181175708770752e-01
3.794232904911041260e-01
-1.373650971800088882e-02
4.535356462001800537e-01
3.686255514621734619e-01
-1.688336767256259918e-02
4.590834081172943115e-01
3.647990226745605469e-01
6.193510722368955612e-03
4.760870039463043213e-01
3.363056182861328125e-01
-9.729282930493354797e-03
4.754112362861633301e-01
3.699029088020324707e-01
-1.982616074383258820e-02
4.701721370220184326e-01
3.892812132835388184e-01
-2.278573438525199890e-02
4.434205591678619385e-01
3.605017364025115967e-01
1.286257873289287090e-03
4.572191238403320312e-01
3.345628082752227783e-01
-1.539613865315914154e-02
4.561734199523925781e-01
3.725774586200714111e-01
-2.368647791445255280e-02
4.504261016845703125e-01
3.908131122589111328e-01
-2.469336427748203278e-02
4.249490499496459961e-01
3.601498305797576904e-01
-6.563394330441951752e-03
4.362417459487915039e-01
3.381040692329406738e-01
-2.239891886711120605e-02
4.372838139533996582e-01
3.755201697349548340e-01
-2.444125711917877197e-02
4.315764307975769043e-01
3.983293175697326660e-01
-2.032991871237754822e-02
4.062322080135345459e-01
3.619582355022430420e-01
-1.510138250887393951e-02
4.107550978660583496e-01
3.150950670242309570e-01
-2.036843821406364441e-02
4.156206548213958740e-01
2.875879406929016113e-01
-1.950765587389469147e-02
4.174017310142517090e-01
2.609827816486358643e-01
-1.726214773952960968e-02
