3.653399944305419922e-01
4.555279314517974854e-01
-2.542045933751069242e-07
4.025526046752929688e-01
4.261155426502227783e-01
-2.341863000765442848e-03
4.251841008663177490e-01
3.815644085407257080e-01
-3.605370875447988510e-03
4.245670139789581299e-01
3.447791934013366699e-01
-8.144070394337177277e-03
4.047128558158874512e-01
3.278743922710418701e-01
-1.079285144805908203e-02
4.163331389427185059e-01
3.347525000572204590e-01
1.077904365956783295e-02
4.317118823528289795e-01
3.032288551330566406e-01
-3.331904765218496323e-03
4.272321760654449463e-01
3.334422707557678223e-01
-1.330777350813150406e-02
4.178231358528137207e-01
3.546347022056579590e-01
-1.616487279534339905e-02
3.998308479785919189e-01
3.289276361465454102e-01
5.309039726853370667e-03
4.090653955936431885e-01
2.980212271213531494e-01
-8.609843440353870392e-03
4.066738486289978027e-01
3.339669108390808105e-01
-1.646876521408557892e-02
4.002186059951782227e-01
3.573833107948303223e-01
-1.754068024456501007e-02
3.803372681140899658e-01
3.263844549655914307e-01
-2.771842991933226585e-03
3.888593018054962158e-01
3.015906512737274170e-01
-1.600715145468711853e-02
3.877415657043457031e-01
3.370011746883392334e-01
-1.794363558292388916e-02
3.805735409259796143e-01
3.627960085868835449e-01
-1.409561280161142349e-02
3.588763475418090820e-01
3.259148597717285156e-01
-1.127752009779214859e-02
3.622205257415771484e-01
2.783903777599334717e-01
-1.527342479676008224e-02
3.663469254970550537e-01
2.498767673969268799e-01
-1.424431707710027695e-02
3.685221672058105469e-01
2.249757796525955200e-01
-1.182484813034534454e-02
