4.329931139945983887e-01
5.020090937614440918e-01
-2.687766311737505021e-07
4.708215296268463135e-01
4.761018753051757812e-01
-2.668532775714993477e-03
4.963109493255615234e-01
4.351522624492645264e-01
-4.636154510080814362e-03
5.020263195037841797e-01
4.005358517169952393e-01
-1.029822882264852524e-02
4.893083572387695312e-01
3.814222812652587891e-01
-1.445323321968317032e-02
4.816908836364746094e-01
3.829617500305175781e-01
1.041681505739688873e-02
5.013024806976318359e-01
3.577268719673156738e-01
-5.573056172579526901e-03
5.014468431472778320e-01
3.867021799087524414e-01
-1.614862866699695587e-02
4.951600730419158936e-01
4.105934202671051025e-01
-1.844063214957714081e-02
4.672230482101440430e-01
3.784773647785186768e-01
4.476474598050117493e-03
4.840011000633239746e-01
3.564304411411285400e-01
-1.365890353918075562e-02
4.827204048633575439e-01
3.918357789516448975e-01
-2.369338274002075195e-02
4.764285981655120850e-01
4.181998074054718018e-01
-2.464301511645317078e-02
4.499144256114959717e-01
3.761895596981048584e-01
-4.206319805234670639e-03
4.664327502250671387e-01
3.582512140274047852e-01
-2.175254561007022858e-02
4.649282991886138916e-01
3.947138786315917969e-01
-2.578822709619998932e-02
4.572139680385589600e-01
4.222113490104675293e-01
-2.139484509825706482e-02
4.314200878143310547e-01
3.763466477394104004e-01
-1.317266002297401428e-02
4.374202191829681396e-01
3.303629755973815918e-01
-1.937499642372131348e-02
4.421429336071014404e-01
3.010258972644805908e-01
-1.932982355356216431e-02
4.446791708469390869e-01
2.747672796249389648e-01
-1.661165431141853333e-02
