4.079630970954895020e-01
4.880847632884979248e-01
-1.673682419323085924e-07
4.460622966289520264e-01
4.638748764991760254e-01
-3.779968013986945152e-03
4.738643765449523926e-01
4.208202660083770752e-01
-6.017159204930067062e-03
4.763080775737762451e-01
3.845004141330718994e-01
-1.108605414628982544e-02
4.545792043209075928e-01
3.724386096000671387e-01
-1.496411208063364029e-02
4.557632505893707275e-01
3.698389530181884766e-01
7.944273762404918671e-03
4.744861125946044922e-01
3.378865718841552734e-01
-5.846036132425069809e-03
4.787113070487976074e-01
3.649861812591552734e-01
-1.624140702188014984e-02
4.752533435821533203e-01
3.869727849960327148e-01
-1.960436441004276276e-02
4.412598311901092529e-01
3.653642535209655762e-01
3.193476935848593712e-03
4.563927352428436279e-01
3.352717757225036621e-01
-1.112800836563110352e-02
4.595088660717010498e-01
3.674105405807495117e-01
-2.046939171850681305e-02
4.553346335887908936e-01
3.915638327598571777e-01
-2.259631082415580750e-02
4.237908124923706055e-01
3.637182414531707764e-01
-3.936622757464647293e-03
4.394080042839050293e-01
3.389198184013366699e-01
-1.676706597208976746e-02
4.408645629882812500e-01
3.710402846336364746e-01
-1.982471719384193420e-02
4.341227114200592041e-01
3.961558043956756592e-01
-1.692854426801204681e-02
4.050525426864624023e-01
3.652209043502807617e-01
-1.164430938661098480e-02
4.097338616847991943e-01
3.190889060497283936e-01
-1.527370605617761612e-02
4.159765243530273438e-01
2.908221483230590820e-01
-1.480873860418796539e-02
4.193089306354522705e-01
2.674537301063537598e-01
-1.302410289645195007e-02
