4.533624947071075439e-01
5.189594626426696777e-01
-2.868998194571759086e-07
4.905723035335540771e-01
4.928624331951141357e-01
-1.612480613403022289e-03
5.165081024169921875e-01
4.557105898857116699e-01
-3.100935369729995728e-03
5.266504287719726562e-01
4.226746857166290283e-01
-8.699735626578330994e-03
5.164357423782348633e-01
4.043403565883636475e-01
-1.289021316915750504e-02
4.992292523384094238e-01
3.973350822925567627e-01
1.413211785256862640e-02
5.210728049278259277e-01
3.772662281990051270e-01
-2.135307877324521542e-04
5.214249491691589355e-01
4.069248437881469727e-01
-1.032400876283645630e-02
5.132279992103576660e-01
4.306102991104125977e-01
-1.235052198171615601e-02
4.863156080245971680e-01
3.931755423545837402e-01
7.911068387329578400e-03
5.075563788414001465e-01
3.807751834392547607e-01
-6.788211409002542496e-03
5.041869878768920898e-01
4.180529117584228516e-01
-1.567055284976959229e-02
4.935871362686157227e-01
4.413314461708068848e-01
-1.654076017439365387e-02
4.711351990699768066e-01
3.922277688980102539e-01
-1.029074075631797314e-03
4.911725819110870361e-01
3.836949169635772705e-01
-1.722355186939239502e-02
4.871796965599060059e-01
4.204169213771820068e-01
-2.059195749461650848e-02
4.761873483657836914e-01
4.443728029727935791e-01
-1.587714441120624542e-02
4.548075199127197266e-01
3.948124945163726807e-01
-1.013424340635538101e-02
4.654349982738494873e-01
3.523584306240081787e-01
-1.521599944680929184e-02
4.721700847148895264e-01
3.298708200454711914e-01
-1.275210175663232803e-02
4.741458296775817871e-01
3.127135634422302246e-01
-7.962454110383987427e-03
