4.734929502010345459e-01
5.321004390716552734e-01
-1.609615765119087882e-07
5.068568587303161621e-01
5.095391273498535156e-01
1.279915799386799335e-03
5.313650965690612793e-01
4.717191755771636963e-01
1.613769447430968285e-03
5.446972846984863281e-01
4.440945982933044434e-01
-2.290004398673772812e-03
5.380434393882751465e-01
4.244863092899322510e-01
-5.430220626294612885e-03
5.148210525512695312e-01
4.198436141014099121e-01
1.348083186894655228e-02
5.328935384750366211e-01
3.910790085792541504e-01
6.487802602350711823e-05
5.419479012489318848e-01
4.138727188110351562e-01
-9.616493247449398041e-03
5.439550280570983887e-01
4.379071295261383057e-01
-1.172788534313440323e-02
5.033161044120788574e-01
4.176051020622253418e-01
6.250021047890186310e-03
5.223210453987121582e-01
3.929432332515716553e-01
-8.949433453381061554e-03
5.305389761924743652e-01
4.205435514450073242e-01
-1.871875487267971039e-02
5.330901741981506348e-01
4.444835782051086426e-01
-2.040745131671428680e-02
4.884436130523681641e-01
4.179030954837799072e-01
-3.259952878579497337e-03
5.068266987800598145e-01
4.046429097652435303e-01
-1.949938200414180756e-02
5.058460831642150879e-01
4.396855235099792480e-01
-2.329508960247039795e-02
4.996356666088104248e-01
4.661914706230163574e-01
-1.894895918667316437e-02
4.732310175895690918e-01
4.198515415191650391e-01
-1.275543775409460068e-02
4.830077588558197021e-01
3.756640255451202393e-01
-1.904575712978839874e-02
4.911128580570220947e-01
3.463897109031677246e-01
-1.855201832950115204e-02
4.967117309570312500e-01
3.222287893295288086e-01
-1.559294387698173523e-02
