3.316509723663330078e-01
6.411956548690795898e-01
-4.227981378335243789e-07
3.839406073093414307e-01
6.205677986145019531e-01
-4.717013332992792130e-03
4.205583631992340088e-01
5.680150985717773438e-01
-5.405331030488014221e-03
4.335125982761383057e-01
5.158719420433044434e-01
-1.049296185374259949e-02
4.261583983898162842e-01
4.736206829547882080e-01
-1.207095384597778320e-02
4.293201863765716553e-01
4.986510574817657471e-01
1.297910790890455246e-02
4.489935636520385742e-01
4.579057693481445312e-01
-7.002749014645814896e-03
4.402571320533752441e-01
5.002654790878295898e-01
-1.590583100914955139e-02
4.317005872726440430e-01
5.281876921653747559e-01
-1.556342281401157379e-02
4.060630500316619873e-01
4.847390353679656982e-01
6.030079908668994904e-03
4.218506515026092529e-01
4.467435777187347412e-01
-1.736252009868621826e-02
4.136588275432586670e-01
5.022248029708862305e-01
-2.492139488458633423e-02
4.068811535835266113e-01
5.271143317222595215e-01
-2.221478335559368134e-02
3.792646825313568115e-01
4.764059782028198242e-01
-5.093984771519899368e-03
3.917153775691986084e-01
4.520349502563476562e-01
-3.335864841938018799e-02
3.856639266014099121e-01
5.147051215171813965e-01
-3.606337308883666992e-02
3.771710097789764404e-01
5.470259785652160645e-01
-2.761331573128700256e-02
3.513337373733520508e-01
4.699157476425170898e-01
-1.607746072113513947e-02
3.580063879489898682e-01
4.031394124031066895e-01
-2.881946414709091187e-02
3.629810810089111328e-01
3.663032650947570801e-01
-2.860127948224544525e-02
3.675967752933502197e-01
3.259536623954772949e-01
-2.424785308539867401e-02
