4.872263073921203613e-01
5.460773110389709473e-01
-2.267634755526160006e-07
5.202366709709167480e-01
5.233000516891479492e-01
1.650451100431382656e-03
5.421026349067687988e-01
4.847234189510345459e-01
2.343354979529976845e-03
5.535258650779724121e-01
4.540787935256958008e-01
-1.221540616825222969e-03
5.446187853813171387e-01
4.314447343349456787e-01
-3.491118550300598145e-03
5.293087959289550781e-01
4.387833476066589355e-01
1.422052644193172455e-02
5.418794751167297363e-01
4.068803787231445312e-01
1.491677481681108475e-03
5.483596324920654297e-01
4.352264702320098877e-01
-6.492347456514835358e-03
5.478653907775878906e-01
4.606515467166900635e-01
-7.404684089124202728e-03
5.183677077293395996e-01
4.359816908836364746e-01
7.278920616954565048e-03
5.313675403594970703e-01
4.107566177845001221e-01
-9.683574549853801727e-03
5.334815979003906250e-01
4.514008164405822754e-01
-1.801462844014167786e-02
5.291065573692321777e-01
4.790647029876708984e-01
-1.768354140222072601e-02
5.040060281753540039e-01
4.339790940284729004e-01
-1.896401401609182358e-03
5.196331739425659180e-01
4.145489931106567383e-01
-1.906713098287582397e-02
5.184715390205383301e-01
4.556946158409118652e-01
-2.097547054290771484e-02
5.107386112213134766e-01
4.842889606952667236e-01
-1.490869373083114624e-02
4.875709116458892822e-01
4.327819645404815674e-01
-1.099355705082416534e-02
4.961166977882385254e-01
3.869871795177459717e-01
-1.836732029914855957e-02
5.036396980285644531e-01
3.590633571147918701e-01
-1.832521148025989532e-02
5.092980265617370605e-01
3.336632549762725830e-01
-1.530907768756151199e-02
