4.952442348003387451e-01
5.475334525108337402e-01
-2.185536231991136447e-07
5.267785191535949707e-01
5.284284949302673340e-01
-4.683772276621311903e-04
5.485427379608154297e-01
4.913307726383209229e-01
-2.489899343345314264e-04
5.602402091026306152e-01
4.610744118690490723e-01
-3.732645418494939804e-03
5.520644187927246094e-01
4.415606558322906494e-01
-5.845744162797927856e-03
5.326394438743591309e-01
4.435051679611206055e-01
1.206260826438665390e-02
5.454853773117065430e-01
4.120658934116363525e-01
-2.068836329272016883e-04
5.522899627685546875e-01
4.394889175891876221e-01
-7.413940504193305969e-03
5.513718724250793457e-01
4.630345106124877930e-01
-8.038392290472984314e-03
5.219033956527709961e-01
4.408151805400848389e-01
6.134665571153163910e-03
5.363586544990539551e-01
4.159886538982391357e-01
-1.092646736651659012e-02
5.376860499382019043e-01
4.562363028526306152e-01
-1.863686740398406982e-02
5.313615202903747559e-01
4.819371700286865234e-01
-1.777623407542705536e-02
5.086136460304260254e-01
4.398483335971832275e-01
-2.182342810556292534e-03
5.238184332847595215e-01
4.222097396850585938e-01
-2.034578099846839905e-02
5.226177573204040527e-01
4.618839323520660400e-01
-2.312428317964076996e-02
5.144014954566955566e-01
4.873427748680114746e-01
-1.735531538724899292e-02
4.939243793487548828e-01
4.397170543670654297e-01
-1.044638734310865402e-02
5.031087398529052734e-01
3.964173197746276855e-01
-1.890383847057819366e-02
5.106115341186523438e-01
3.694089651107788086e-01
-1.985605806112289429e-02
5.153515338897705078e-01
3.441020250320434570e-01
-1.738518849015235901e-02
