5.000101327896118164e-01
5.569519996643066406e-01
-2.394078819634160027e-07
5.298692584037780762e-01
5.395943522453308105e-01
-1.190337119624018669e-03
5.511502623558044434e-01
5.019710659980773926e-01
-2.231544815003871918e-03
5.643918514251708984e-01
4.713183641433715820e-01
-6.491256412118673325e-03
5.547536015510559082e-01
4.512038230895996094e-01
-9.108041413128376007e-03
5.347896218299865723e-01
4.540078341960906982e-01
8.291165344417095184e-03
5.500208139419555664e-01
4.253237247467041016e-01
-5.946455989032983780e-03
5.523900389671325684e-01
4.571808874607086182e-01
-1.416884642094373703e-02
5.481217503547668457e-01
4.818489253520965576e-01
-1.563183777034282684e-02
5.241802930831909180e-01
4.508261084556579590e-01
2.848326694220304489e-03
5.421467423439025879e-01
4.241153895854949951e-01
-1.443462260067462921e-02
5.423672199249267578e-01
4.652441143989562988e-01
-2.088684961199760437e-02
5.349723696708679199e-01
4.898432493209838867e-01
-1.978229545056819916e-02
5.112243890762329102e-01
4.504771828651428223e-01
-4.965501371771097183e-03
5.294849276542663574e-01
4.241751134395599365e-01
-2.128036320209503174e-02
5.297560095787048340e-01
4.638969004154205322e-01
-2.109557203948497772e-02
5.226016640663146973e-01
4.905667006969451904e-01
-1.467474829405546188e-02
4.965060055255889893e-01
4.524367749691009521e-01
-1.307892147451639175e-02
5.056874752044677734e-01
4.090845882892608643e-01
-2.188020199537277222e-02
5.147388577461242676e-01
3.814307451248168945e-01
-2.339987643063068390e-02
5.221354365348815918e-01
3.554706573486328125e-01
-2.189168706536293030e-02
