5.027807950973510742e-01
5.714833140373229980e-01
-2.456276888551656157e-07
5.326130986213684082e-01
5.541405677795410156e-01
-2.978883916512131691e-03
5.533825159072875977e-01
5.172795057296752930e-01
-4.655639175325632095e-03
5.639024972915649414e-01
4.876206815242767334e-01
-9.468036703765392303e-03
5.560648441314697266e-01
4.692015945911407471e-01
-1.231500878930091858e-02
5.394894480705261230e-01
4.654464721679687500e-01
6.786150392144918442e-03
5.527858734130859375e-01
4.379206001758575439e-01
-9.366096928715705872e-03
5.551004409790039062e-01
4.702810645103454590e-01
-1.845991238951683044e-02
5.515760779380798340e-01
4.942769408226013184e-01
-2.005367539823055267e-02
5.266118645668029785e-01
4.628140330314636230e-01
1.490313210524618626e-03
5.423418283462524414e-01
4.368910193443298340e-01
-1.722490228712558746e-02
5.433338880538940430e-01
4.778850674629211426e-01
-2.416559867560863495e-02
5.377041697502136230e-01
5.019204020500183105e-01
-2.319234795868396759e-02
5.112070441246032715e-01
4.630098342895507812e-01
-6.541637238115072250e-03
5.268399119377136230e-01
4.388789236545562744e-01
-2.526189200580120087e-02
5.268725752830505371e-01
4.790003299713134766e-01
-2.612523362040519714e-02
5.210165977478027344e-01
5.051094293594360352e-01
-1.975742727518081665e-02
4.945272803306579590e-01
4.651357531547546387e-01
-1.486165635287761688e-02
5.053404569625854492e-01
4.228259921073913574e-01
-2.429761551320552826e-02
5.139280557632446289e-01
3.963294923305511475e-01
-2.554780244827270508e-02
5.201751589775085449e-01
3.709610700607299805e-01
-2.357524260878562927e-02
