4.955372810363769531e-01
6.177215576171875000e-01
-2.926331603703147266e-07
5.286231637001037598e-01
6.004882454872131348e-01
-4.376288503408432007e-03
5.533868074417114258e-01
5.648798346519470215e-01
-6.682247389107942581e-03
5.648134946823120117e-01
5.323606133460998535e-01
-1.224642992019653320e-02
5.535018444061279297e-01
5.093738436698913574e-01
-1.541314087808132172e-02
5.381541252136230469e-01
5.106207728385925293e-01
7.280595134943723679e-03
5.519872307777404785e-01
4.809400141239166260e-01
-9.831852279603481293e-03
5.520688295364379883e-01
5.172423720359802246e-01
-1.863833516836166382e-02
5.480932593345642090e-01
5.426684021949768066e-01
-1.955624669790267944e-02
5.242769718170166016e-01
5.070247054100036621e-01
2.536778803914785385e-03
5.397049784660339355e-01
4.844124317169189453e-01
-1.822536252439022064e-02
5.382719039916992188e-01
5.301507711410522461e-01
-2.554569020867347717e-02
5.323411226272583008e-01
5.546900629997253418e-01
-2.394016459584236145e-02
5.086828470230102539e-01
5.067966580390930176e-01
-5.191229283809661865e-03
5.244973301887512207e-01
4.864712953567504883e-01
-2.595238201320171356e-02
5.234921574592590332e-01
5.298882722854614258e-01
-2.650405094027519226e-02
5.174909234046936035e-01
5.559989809989929199e-01
-1.894845440983772278e-02
4.924000501632690430e-01
5.086672306060791016e-01
-1.329208910465240479e-02
5.039135217666625977e-01
4.664435982704162598e-01
-2.313804998993873596e-02
5.115807652473449707e-01
4.402185082435607910e-01
-2.356243133544921875e-02
5.168122053146362305e-01
4.146782457828521729e-01
-2.033651620149612427e-02
