4.971576035022735596e-01
6.068023443222045898e-01
-2.702879271510028047e-07
5.290831923484802246e-01
5.890598893165588379e-01
-2.799983136355876923e-03
5.516815781593322754e-01
5.500114560127258301e-01
-4.079909063875675201e-03
5.626524090766906738e-01
5.171511173248291016e-01
-8.860353380441665649e-03
5.505557656288146973e-01
4.972997009754180908e-01
-1.133541297167539597e-02
5.377166271209716797e-01
4.980599284172058105e-01
9.276680648326873779e-03
5.506929159164428711e-01
4.680636525154113770e-01
-6.047993432730436325e-03
5.534982681274414062e-01
5.032424926757812500e-01
-1.365874707698822021e-02
5.498726367950439453e-01
5.258840322494506836e-01
-1.420584786683320999e-02
5.249082446098327637e-01
4.949211180210113525e-01
3.712174948304891586e-03
5.385465025901794434e-01
4.740068912506103516e-01
-1.509066950529813766e-02
5.395260453224182129e-01
5.192360281944274902e-01
-2.155506424605846405e-02
5.335726141929626465e-01
5.397338867187500000e-01
-1.991572231054306030e-02
5.100423693656921387e-01
4.954457879066467285e-01
-4.750391002744436264e-03
5.242164134979248047e-01
4.775500297546386719e-01
-2.451584115624427795e-02
5.247537493705749512e-01
5.210663676261901855e-01
-2.515144832432270050e-02
5.184558629989624023e-01
5.450718998908996582e-01
-1.805446855723857880e-02
4.941811263561248779e-01
4.970599412918090820e-01
-1.346260588616132736e-02
5.048723816871643066e-01
4.541474282741546631e-01
-2.346052043139934540e-02
5.125806927680969238e-01
4.270496964454650879e-01
-2.427565306425094604e-02
5.174442529678344727e-01
4.000012874603271484e-01
-2.153464779257774353e-02
