4.985912740230560303e-01
5.890322923660278320e-01
-2.786935624499164987e-07
5.271703600883483887e-01
5.718089342117309570e-01
-1.712266937829554081e-03
5.493758916854858398e-01
5.348981618881225586e-01
-3.163195215165615082e-03
5.616583824157714844e-01
5.038777589797973633e-01
-8.035792969167232513e-03
5.498493909835815430e-01
4.843010604381561279e-01
-1.114520709961652756e-02
5.352246761322021484e-01
4.833995699882507324e-01
7.883813232183456421e-03
5.489838719367980957e-01
4.543470144271850586e-01
-7.453504018485546112e-03
5.520304441452026367e-01
4.875987768173217773e-01
-1.616583950817584991e-02
5.483719110488891602e-01
5.122681856155395508e-01
-1.757758297026157379e-02
5.230379700660705566e-01
4.803675711154937744e-01
2.138363895937800407e-03
5.377899408340454102e-01
4.563931226730346680e-01
-1.582834683358669281e-02
5.393663644790649414e-01
4.987151622772216797e-01
-2.310941182076931000e-02
5.334931612014770508e-01
5.217218995094299316e-01
-2.251509390771389008e-02
5.087826251983642578e-01
4.806925356388092041e-01
-6.053580436855554581e-03
5.245469212532043457e-01
4.584013223648071289e-01
-2.379619143903255463e-02
5.257623791694641113e-01
4.994665682315826416e-01
-2.447890862822532654e-02
5.198876857757568359e-01
5.244823694229125977e-01
-1.823122054338455200e-02
4.933359026908874512e-01
4.833069145679473877e-01
-1.444797497242689133e-02
5.035508275032043457e-01
4.410868883132934570e-01
-2.329470030963420868e-02
5.118033885955810547e-01
4.152752161026000977e-01
-2.390933595597743988e-02
5.171366333961486816e-01
3.899118900299072266e-01
-2.148896455764770508e-02
