3.170575201511383057e-01
6.527438163757324219e-01
-4.246328160206758184e-07
3.672032058238983154e-01
6.338520050048828125e-01
-8.382493630051612854e-03
4.037687182426452637e-01
5.789981484413146973e-01
-1.014619506895542145e-02
4.165598750114440918e-01
5.242710709571838379e-01
-1.540437992662191391e-02
4.088771343231201172e-01
4.814625680446624756e-01
-1.652164757251739502e-02
4.122204780578613281e-01
5.101415514945983887e-01
8.780599571764469147e-03
4.316124618053436279e-01
4.648950099945068359e-01
-1.297794096171855927e-02
4.228549003601074219e-01
5.103819966316223145e-01
-2.204127237200737000e-02
4.138591885566711426e-01
5.399670600891113281e-01
-2.135044150054454803e-02
3.881000280380249023e-01
4.974367320537567139e-01
3.729437012225389481e-03
4.033364057540893555e-01
4.553448557853698730e-01
-2.218100801110267639e-02
3.953332006931304932e-01
5.145401358604431152e-01
-2.983878925442695618e-02
3.885028362274169922e-01
5.410134792327880859e-01
-2.638649195432662964e-02
3.607390820980072021e-01
4.906156361103057861e-01
-5.790790542960166931e-03
3.732018172740936279e-01
4.617769122123718262e-01
-3.603424504399299622e-02
3.681615293025970459e-01
5.248428583145141602e-01
-3.879523277282714844e-02
3.602510988712310791e-01
5.576829910278320312e-01
-2.961283363401889801e-02
3.324686586856842041e-01
4.853537380695343018e-01
-1.543069444596767426e-02
3.397003710269927979e-01
4.180783927440643311e-01
-3.027179650962352753e-02
3.444727659225463867e-01
3.800333738327026367e-01
-3.175885602831840515e-02
3.485150337219238281e-01
3.386172652244567871e-01
-2.809468097984790802e-02
