3.288234174251556396e-01
6.387237310409545898e-01
-4.182496695648296736e-07
3.779714703559875488e-01
6.229913234710693359e-01
-1.095148455351591110e-02
4.179577827453613281e-01
5.739827156066894531e-01
-1.438508927822113037e-02
4.343639314174652100e-01
5.190905928611755371e-01
-2.102877572178840637e-02
4.289225041866302490e-01
4.731051325798034668e-01
-2.311248518526554108e-02
4.320759773254394531e-01
5.014925003051757812e-01
8.859628811478614807e-03
4.534117877483367920e-01
4.577798247337341309e-01
-1.382952928543090820e-02
4.407163858413696289e-01
5.010973215103149414e-01
-2.347132377326488495e-02
4.302747845649719238e-01
5.285590887069702148e-01
-2.299164980649948120e-02
4.083199799060821533e-01
4.859801530838012695e-01
4.488027188926935196e-03
4.234934449195861816e-01
4.461958706378936768e-01
-2.129683457314968109e-02
4.131840169429779053e-01
5.021327733993530273e-01
-2.897105552256107330e-02
4.079991877079010010e-01
5.249971747398376465e-01
-2.552989497780799866e-02
3.810011744499206543e-01
4.772473871707916260e-01
-4.758482798933982849e-03
3.927921950817108154e-01
4.527330994606018066e-01
-3.502978011965751648e-02
3.860795497894287109e-01
5.136430263519287109e-01
-3.711398690938949585e-02
3.784669041633605957e-01
5.447416901588439941e-01
-2.745595201849937439e-02
3.523192405700683594e-01
4.703576564788818359e-01
-1.446555275470018387e-02
3.603726029396057129e-01
4.054436683654785156e-01
-2.874806709587574005e-02
3.649232089519500732e-01
3.671277761459350586e-01
-2.888256125152111053e-02
3.690603971481323242e-01
3.256083130836486816e-01
-2.401984669268131256e-02
