3.285671770572662354e-01
6.388047933578491211e-01
-4.195782423721539089e-07
3.782030045986175537e-01
6.239290237426757812e-01
-9.484984911978244781e-03
4.186704158782958984e-01
5.748600959777832031e-01
-1.266775373369455338e-02
4.347385466098785400e-01
5.204489231109619141e-01
-1.896072924137115479e-02
4.269569814205169678e-01
4.761719107627868652e-01
-2.103781886398792267e-02
4.319928586483001709e-01
5.036706924438476562e-01
6.096251774579286575e-03
4.540426433086395264e-01
4.572816491127014160e-01
-1.604328490793704987e-02
4.422752261161804199e-01
5.009356737136840820e-01
-2.527742460370063782e-02
4.323000013828277588e-01
5.281315445899963379e-01
-2.499096654355525970e-02
4.082931280136108398e-01
4.884690940380096436e-01
9.090983076021075249e-04
4.246079921722412109e-01
4.443965852260589600e-01
-2.436614595353603363e-02
4.143997132778167725e-01
5.013289451599121094e-01
-3.157046809792518616e-02
4.081689715385437012e-01
5.254881381988525391e-01
-2.832218818366527557e-02
3.806341588497161865e-01
4.796507656574249268e-01
-8.681458421051502228e-03
3.923669159412384033e-01
4.525674879550933838e-01
-3.820791840553283691e-02
3.865070044994354248e-01
5.140115022659301758e-01
-4.058677703142166138e-02
3.793160021305084229e-01
5.456095337867736816e-01
-3.177894651889801025e-02
3.522665500640869141e-01
4.724993705749511719e-01
-1.847600750625133514e-02
3.596626222133636475e-01
4.059862792491912842e-01
-3.231050819158554077e-02
3.646742105484008789e-01
3.680388331413269043e-01
-3.271548077464103699e-02
3.688932061195373535e-01
3.264867067337036133e-01
-2.870631031692028046e-02
