3.315672576427459717e-01
6.379969120025634766e-01
-4.158081594596296782e-07
3.807612657546997070e-01
6.227641701698303223e-01
-8.872687816619873047e-03
4.203606843948364258e-01
5.736666321754455566e-01
-1.226743403822183609e-02
4.375939071178436279e-01
5.206474661827087402e-01
-1.897255331277847290e-02
4.314468204975128174e-01
4.767629504203796387e-01
-2.150496840476989746e-02
4.328010082244873047e-01
5.011790990829467773e-01
5.935560446232557297e-03
4.552512168884277344e-01
4.559851586818695068e-01
-1.553952787071466446e-02
4.438588321208953857e-01
5.006667971611022949e-01
-2.399676106870174408e-02
4.335347414016723633e-01
5.275785326957702637e-01
-2.330222539603710175e-02
4.093101024627685547e-01
4.874692261219024658e-01
4.201903357170522213e-04
4.269400537014007568e-01
4.462248682975769043e-01
-2.436041645705699921e-02
4.167978167533874512e-01
5.038265585899353027e-01
-3.119340725243091583e-02
4.096609055995941162e-01
5.261659026145935059e-01
-2.784576267004013062e-02
3.821100592613220215e-01
4.798290431499481201e-01
-9.375582449138164520e-03
3.961946964263916016e-01
4.539623856544494629e-01
-3.859968855977058411e-02
3.891510665416717529e-01
5.165526866912841797e-01
-4.032956436276435852e-02
3.798320293426513672e-01
5.471997261047363281e-01
-3.110239841043949127e-02
3.539402484893798828e-01
4.743177592754364014e-01
-1.940541341900825500e-02
3.619842231273651123e-01
4.061874449253082275e-01
-3.412446007132530212e-02
3.681119978427886963e-01
3.676852583885192871e-01
-3.510320186614990234e-02
3.731430470943450928e-01
3.256471455097198486e-01
-3.127071633934974670e-02
