3.396402299404144287e-01
6.390746831893920898e-01
-4.444644901013816707e-07
3.938881754875183105e-01
6.179157495498657227e-01
-7.417315617203712463e-03
4.332567155361175537e-01
5.677864551544189453e-01
-1.043359842151403427e-02
4.482374191284179688e-01
5.140667557716369629e-01
-1.760045625269412994e-02
4.407482445240020752e-01
4.690051674842834473e-01
-2.079170383512973785e-02
4.423052072525024414e-01
4.948212504386901855e-01
1.087075658142566681e-02
4.652327597141265869e-01
4.558698534965515137e-01
-1.189384236931800842e-02
4.520180225372314453e-01
5.023733377456665039e-01
-2.299521304666996002e-02
4.391279816627502441e-01
5.302333831787109375e-01
-2.364426478743553162e-02
4.184142351150512695e-01
4.819034636020660400e-01
4.372349940240383148e-03
4.378958046436309814e-01
4.443778991699218750e-01
-2.239091880619525909e-02
4.259821772575378418e-01
5.040115714073181152e-01
-3.219991549849510193e-02
4.155807495117187500e-01
5.316956043243408203e-01
-2.984065935015678406e-02
3.912904262542724609e-01
4.737874567508697510e-01
-6.475011818110942841e-03
4.069132804870605469e-01
4.495161771774291992e-01
-3.643304109573364258e-02
3.994974792003631592e-01
5.120414495468139648e-01
-3.979684039950370789e-02
3.888425529003143311e-01
5.449908971786499023e-01
-3.080908767879009247e-02
3.629184961318969727e-01
4.683853387832641602e-01
-1.742594130337238312e-02
3.725371062755584717e-01
4.001767933368682861e-01
-3.107614815235137939e-02
3.776521086692810059e-01
3.630136847496032715e-01
-3.114123456180095673e-02
3.810625970363616943e-01
3.238554596900939941e-01
-2.624290995299816132e-02
