3.131595551967620850e-01
6.518537402153015137e-01
-4.090494769570796052e-07
3.628465235233306885e-01
6.320896148681640625e-01
-9.022435173392295837e-03
4.014056921005249023e-01
5.813576579093933105e-01
-1.232028659433126450e-02
4.169813692569732666e-01
5.276075005531311035e-01
-1.909065991640090942e-02
4.072757959365844727e-01
4.841848015785217285e-01
-2.163681760430335999e-02
4.107997417449951172e-01
5.094247460365295410e-01
8.723318576812744141e-03
4.335708618164062500e-01
4.642495214939117432e-01
-1.327443215996026993e-02
4.223511219024658203e-01
5.100416541099548340e-01
-2.310227043926715851e-02
4.120197892189025879e-01
5.372869372367858887e-01
-2.305994741618633270e-02
3.876950144767761230e-01
4.960757195949554443e-01
3.281821263954043388e-03
4.051112234592437744e-01
4.529144465923309326e-01
-2.164592221379280090e-02
3.961742222309112549e-01
5.082011818885803223e-01
-2.994682267308235168e-02
3.893677592277526855e-01
5.314477682113647461e-01
-2.733273990452289581e-02
3.607327938079833984e-01
4.891017377376556396e-01
-6.625049747526645660e-03
3.738312125205993652e-01
4.616341590881347656e-01
-3.552434220910072327e-02
3.685175180435180664e-01
5.219010114669799805e-01
-3.819077461957931519e-02
3.606082201004028320e-01
5.533595681190490723e-01
-2.931352145969867706e-02
3.329716324806213379e-01
4.846388697624206543e-01
-1.685779355466365814e-02
3.400990366935729980e-01
4.167051315307617188e-01
-3.038950823247432709e-02
3.448432981967926025e-01
3.777316212654113770e-01
-3.089495003223419189e-02
3.483898639678955078e-01
3.367849588394165039e-01
-2.668716758489608765e-02
