3.492245972156524658e-01
6.249642372131347656e-01
-4.440572070052439813e-07
4.035348594188690186e-01
6.017447710037231445e-01
-5.237609613686800003e-03
4.440865218639373779e-01
5.520807504653930664e-01
-7.425612304359674454e-03
4.622120261192321777e-01
4.995169341564178467e-01
-1.416574604809284210e-02
4.533575177192687988e-01
4.547715485095977783e-01
-1.721283234655857086e-02
4.497855007648468018e-01
4.807435572147369385e-01
1.334712840616703033e-02
4.713575541973114014e-01
4.419803619384765625e-01
-8.380240760743618011e-03
4.585007727146148682e-01
4.886011779308319092e-01
-1.869618333876132965e-02
4.457349777221679688e-01
5.173379778861999512e-01
-1.858702860772609711e-02
4.270942211151123047e-01
4.675218760967254639e-01
6.534578744322061539e-03
4.464741051197052002e-01
4.339265823364257812e-01
-1.904103159904479980e-02
4.339928627014160156e-01
4.935009479522705078e-01
-2.809321694076061249e-02
4.226967394351959229e-01
5.196573138236999512e-01
-2.532966807484626770e-02
4.014805555343627930e-01
4.581763148307800293e-01
-4.452957306057214737e-03
4.190597534179687500e-01
4.372811019420623779e-01
-3.353803977370262146e-02
4.094366431236267090e-01
5.004360079765319824e-01
-3.632518276572227478e-02
3.969983756542205811e-01
5.324339866638183594e-01
-2.692347578704357147e-02
3.742492198944091797e-01
4.508848488330841064e-01
-1.534991897642612457e-02
3.843547105789184570e-01
3.840392827987670898e-01
-2.778843790292739868e-02
3.907429277896881104e-01
3.474067449569702148e-01
-2.708670310676097870e-02
3.959294259548187256e-01
3.083249926567077637e-01
-2.163622714579105377e-02
