3.513121902942657471e-01
6.214958429336547852e-01
-4.223282132898020791e-07
4.037379324436187744e-01
6.023026704788208008e-01
-7.884060032665729523e-03
4.455479383468627930e-01
5.541008114814758301e-01
-1.061212643980979919e-02
4.635980725288391113e-01
5.008701682090759277e-01
-1.739219389855861664e-02
4.546890854835510254e-01
4.544446170330047607e-01
-2.025717496871948242e-02
4.514422714710235596e-01
4.783774614334106445e-01
1.217682939022779465e-02
4.743560850620269775e-01
4.377904534339904785e-01
-9.769007563591003418e-03
4.612307548522949219e-01
4.834770560264587402e-01
-2.037070877850055695e-02
4.479888081550598145e-01
5.115711092948913574e-01
-2.050293609499931335e-02
4.292386174201965332e-01
4.654178023338317871e-01
6.559280678629875183e-03
4.471108317375183105e-01
4.299407303333282471e-01
-1.926404051482677460e-02
4.360154271125793457e-01
4.864527285099029541e-01
-2.919808775186538696e-02
4.267772436141967773e-01
5.130420923233032227e-01
-2.714515849947929382e-02
4.035430848598480225e-01
4.566356539726257324e-01
-3.492056857794523239e-03
4.202695190906524658e-01
4.342354536056518555e-01
-3.232787549495697021e-02
4.130243957042694092e-01
4.948715865612030029e-01
-3.568039461970329285e-02
4.025487005710601807e-01
5.285229086875915527e-01
-2.688363008201122284e-02
3.762866258621215820e-01
4.500128328800201416e-01
-1.379860378801822662e-02
3.873473405838012695e-01
3.845648765563964844e-01
-2.666299976408481598e-02
3.935404121875762939e-01
3.457340002059936523e-01
-2.684238180518150330e-02
3.981683254241943359e-01
3.058618903160095215e-01
-2.209546789526939392e-02
