3.519763350486755371e-01
6.236816644668579102e-01
-4.530569412963814102e-07
4.065785706043243408e-01
5.998690128326416016e-01
-5.205832421779632568e-03
4.469786882400512695e-01
5.494560003280639648e-01
-6.610132288187742233e-03
4.658825993537902832e-01
4.967068433761596680e-01
-1.289273053407669067e-02
4.600356519222259521e-01
4.508884251117706299e-01
-1.544796582311391830e-02
4.483248293399810791e-01
4.739775359630584717e-01
1.547728944569826126e-02
4.716156721115112305e-01
4.357649981975555420e-01
-6.148741580545902252e-03
4.605612158775329590e-01
4.841203391551971436e-01
-1.613440364599227905e-02
4.483743309974670410e-01
5.118492841720581055e-01
-1.561952196061611176e-02
4.276258349418640137e-01
4.632587134838104248e-01
8.603513240814208984e-03
4.476374387741088867e-01
4.310263395309448242e-01
-1.784608140587806702e-02
4.361131191253662109e-01
4.915247559547424316e-01
-2.743985131382942200e-02
4.234689772129058838e-01
5.181806087493896484e-01
-2.467245422303676605e-02
4.036588668823242188e-01
4.550607502460479736e-01
-2.657877514138817787e-03
4.218354225158691406e-01
4.312544465065002441e-01
-3.169852867722511292e-02
4.144111275672912598e-01
4.939922690391540527e-01
-3.477193042635917664e-02
4.021681547164916992e-01
5.269058942794799805e-01
-2.544350177049636841e-02
3.776382207870483398e-01
4.481749832630157471e-01
-1.396017707884311676e-02
3.875460028648376465e-01
3.797289431095123291e-01
-2.646440267562866211e-02
3.950473964214324951e-01
3.417021632194519043e-01
-2.640474960207939148e-02
4.007697105407714844e-01
3.024057149887084961e-01
-2.132867090404033661e-02
