3.157350718975067139e-01
6.511735320091247559e-01
-4.266998132607113803e-07
3.663491308689117432e-01
6.281028389930725098e-01
-9.740719571709632874e-03
4.042209982872009277e-01
5.757080316543579102e-01
-1.344607491046190262e-02
4.174037873744964600e-01
5.208149552345275879e-01
-2.076615020632743835e-02
4.095340669155120850e-01
4.757554233074188232e-01
-2.375414408743381500e-02
4.163297414779663086e-01
5.041345357894897461e-01
1.066351495683193207e-02
4.362263381481170654e-01
4.641022384166717529e-01
-1.241736300289630890e-02
4.242867827415466309e-01
5.098834633827209473e-01
-2.312710322439670563e-02
4.138400554656982422e-01
5.381025671958923340e-01
-2.319606021046638489e-02
3.917257785797119141e-01
4.906991720199584961e-01
5.335797555744647980e-03
4.065760672092437744e-01
4.522041380405426025e-01
-2.137422934174537659e-02
3.961694538593292236e-01
5.116359591484069824e-01
-3.008196689188480377e-02
3.886268138885498047e-01
5.381146073341369629e-01
-2.681409940123558044e-02
3.637934029102325439e-01
4.833164811134338379e-01
-4.850369878113269806e-03
3.751363754272460938e-01
4.595950245857238770e-01
-3.576542437076568604e-02
3.688710033893585205e-01
5.231387019157409668e-01
-3.873821720480918884e-02
3.608381748199462891e-01
5.559734702110290527e-01
-2.912069484591484070e-02
3.351619243621826172e-01
4.782311618328094482e-01
-1.528744399547576904e-02
3.418196737766265869e-01
4.112274050712585449e-01
-2.870458178222179413e-02
3.459712862968444824e-01
3.740689158439636230e-01
-2.815484069287776947e-02
3.495264351367950439e-01
3.337543010711669922e-01
-2.273013815283775330e-02
