3.651665747165679932e-01
6.073132753372192383e-01
-4.308964776100765448e-07
4.187407195568084717e-01
5.881108641624450684e-01
-6.173785775899887085e-03
4.584483504295349121e-01
5.398252606391906738e-01
-7.526782806962728500e-03
4.760642647743225098e-01
4.882587790489196777e-01
-1.340713351964950562e-02
4.741142988204956055e-01
4.423139691352844238e-01
-1.542895473539829254e-02
4.646165966987609863e-01
4.663160145282745361e-01
1.517802942544221878e-02
4.852235615253448486e-01
4.310920834541320801e-01
-7.428349461406469345e-03
4.734480679035186768e-01
4.768388867378234863e-01
-1.811420544981956482e-02
4.604966044425964355e-01
5.074847340583801270e-01
-1.739440485835075378e-02
4.418649673461914062e-01
4.532125592231750488e-01
8.977978490293025970e-03
4.599884748458862305e-01
4.211996197700500488e-01
-1.827602460980415344e-02
4.486960470676422119e-01
4.801887273788452148e-01
-2.816924825310707092e-02
4.380355179309844971e-01
5.089433789253234863e-01
-2.499873749911785126e-02
4.160085916519165039e-01
4.436062574386596680e-01
-1.779382931999862194e-03
4.320683479309082031e-01
4.235246777534484863e-01
-3.254139050841331482e-02
4.235675334930419922e-01
4.860916435718536377e-01
-3.567187488079071045e-02
4.119799733161926270e-01
5.196377038955688477e-01
-2.548492327332496643e-02
3.882994353771209717e-01
4.361626207828521729e-01
-1.255501154810190201e-02
3.995757102966308594e-01
3.707926571369171143e-01
-2.591626718640327454e-02
4.066447913646697998e-01
3.338944613933563232e-01
-2.517136745154857635e-02
4.125256538391113281e-01
2.950959801673889160e-01
-1.901306584477424622e-02
