3.643776774406433105e-01
6.088860630989074707e-01
-4.243847797624766827e-07
4.156361520290374756e-01
5.897547602653503418e-01
-8.515778928995132446e-03
4.571872055530548096e-01
5.417137145996093750e-01
-1.121379714459180832e-02
4.772338867187500000e-01
4.891097843647003174e-01
-1.788642443716526031e-02
4.734789431095123291e-01
4.415099024772644043e-01
-2.057958766818046570e-02
4.619508981704711914e-01
4.658960402011871338e-01
1.316204480826854706e-02
4.862879514694213867e-01
4.302576482295989990e-01
-9.154629893600940704e-03
4.756166040897369385e-01
4.745403826236724854e-01
-1.965264417231082916e-02
4.623339474201202393e-01
5.031626820564270020e-01
-1.923828572034835815e-02
4.416278004646301270e-01
4.538500308990478516e-01
7.994662038981914520e-03
4.624057710170745850e-01
4.216687977313995361e-01
-1.960995979607105255e-02
4.504736959934234619e-01
4.801092445850372314e-01
-3.008262999355792999e-02
4.372311532497406006e-01
5.085797905921936035e-01
-2.737879939377307892e-02
4.176610410213470459e-01
4.448758363723754883e-01
-1.767648849636316299e-03
4.363180696964263916e-01
4.241391718387603760e-01
-3.213785216212272644e-02
4.286805689334869385e-01
4.852068722248077393e-01
-3.605264052748680115e-02
4.160585999488830566e-01
5.182393193244934082e-01
-2.676132507622241974e-02
3.913733959197998047e-01
4.381842911243438721e-01
-1.176816597580909729e-02
4.023316204547882080e-01
3.727951645851135254e-01
-2.554000727832317352e-02
4.095615148544311523e-01
3.353191018104553223e-01
-2.623739093542098999e-02
4.146820902824401855e-01
2.967046201229095459e-01
-2.135272696614265442e-02
