3.660844564437866211e-01
6.083047986030578613e-01
-4.388464560634020017e-07
4.182472527027130127e-01
5.904501676559448242e-01
-6.031316239386796951e-03
4.600629806518554688e-01
5.421537160873413086e-01
-7.616256829351186752e-03
4.800276160240173340e-01
4.892685413360595703e-01
-1.351887639611959457e-02
4.727180600166320801e-01
4.432302415370941162e-01
-1.571003533899784088e-02
4.658609628677368164e-01
4.678345620632171631e-01
1.422246359288692474e-02
4.890438020229339600e-01
4.332273602485656738e-01
-6.865310017019510269e-03
4.769154191017150879e-01
4.797894060611724854e-01
-1.662233285605907440e-02
4.637204706668853760e-01
5.069223642349243164e-01
-1.635895110666751862e-02
4.449366927146911621e-01
4.546869397163391113e-01
7.864039391279220581e-03
4.636268615722656250e-01
4.213511943817138672e-01
-1.791800931096076965e-02
4.526190161705017090e-01
4.799825549125671387e-01
-2.715416438877582550e-02
4.418717622756958008e-01
5.061674118041992188e-01
-2.447907254099845886e-02
4.199595153331756592e-01
4.456600248813629150e-01
-2.791979117318987846e-03
4.370835423469543457e-01
4.246719479560852051e-01
-3.215762227773666382e-02
4.288209378719329834e-01
4.877223968505859375e-01
-3.491731733083724976e-02
4.165244698524475098e-01
5.199722647666931152e-01
-2.553088031709194183e-02
3.928667306900024414e-01
4.387617409229278564e-01
-1.349365524947643280e-02
4.035347998142242432e-01
3.741866350173950195e-01
-2.693584933876991272e-02
4.110437035560607910e-01
3.369771540164947510e-01
-2.703026682138442993e-02
4.168059229850769043e-01
2.969615459442138672e-01
-2.216491661965847015e-02
