3.655797839164733887e-01
6.108881235122680664e-01
-4.360775278655637521e-07
4.163607656955718994e-01
5.929614305496215820e-01
-6.033171433955430984e-03
4.590068459510803223e-01
5.436312556266784668e-01
-7.363252807408571243e-03
4.803772866725921631e-01
4.925648570060729980e-01
-1.293439045548439026e-02
4.727718532085418701e-01
4.484577178955078125e-01
-1.475679036229848862e-02
4.645971953868865967e-01
4.663380384445190430e-01
1.406425144523382187e-02
4.882909059524536133e-01
4.319673776626586914e-01
-6.600452587008476257e-03
4.764360487461090088e-01
4.774984717369079590e-01
-1.623684726655483246e-02
4.639424085617065430e-01
5.041705369949340820e-01
-1.577753946185112000e-02
4.439044594764709473e-01
4.538768231868743896e-01
7.906924001872539520e-03
4.636483192443847656e-01
4.230352640151977539e-01
-1.761173084378242493e-02
4.525199532508850098e-01
4.804427027702331543e-01
-2.698091417551040649e-02
4.409800469875335693e-01
5.066079497337341309e-01
-2.416358329355716705e-02
4.195916950702667236e-01
4.452075064182281494e-01
-2.476756460964679718e-03
4.368914067745208740e-01
4.270913302898406982e-01
-3.142767399549484253e-02
4.279502332210540771e-01
4.897118806838989258e-01
-3.487287461757659912e-02
4.150197505950927734e-01
5.221558213233947754e-01
-2.569017000496387482e-02
3.936312496662139893e-01
4.390341043472290039e-01
-1.288268994539976120e-02
4.043181240558624268e-01
3.739738166332244873e-01
-2.551226504147052765e-02
4.118890762329101562e-01
3.371863365173339844e-01
-2.550346031785011292e-02
4.176391065120697021e-01
2.986814081668853760e-01
-2.044005878269672394e-02
