3.653602600097656250e-01
6.107323169708251953e-01
-4.415872183471947210e-07
4.170922636985778809e-01
5.924499630928039551e-01
-6.600205786526203156e-03
4.592120051383972168e-01
5.435208082199096680e-01
-8.366055786609649658e-03
4.797614514827728271e-01
4.920495748519897461e-01
-1.426510699093341827e-02
4.730094373226165771e-01
4.469387531280517578e-01
-1.630603149533271790e-02
4.651285111904144287e-01
4.660047590732574463e-01
1.328790653496980667e-02
4.888243973255157471e-01
4.322521388530731201e-01
-7.944414392113685608e-03
4.763973057270050049e-01
4.782386720180511475e-01
-1.788665354251861572e-02
4.631624221801757812e-01
5.048395395278930664e-01
-1.761740073561668396e-02
4.442081451416015625e-01
4.533673524856567383e-01
7.284884806722402573e-03
4.637388586997985840e-01
4.234266877174377441e-01
-1.843022927641868591e-02
4.524607062339782715e-01
4.807451069355010986e-01
-2.786728367209434509e-02
4.410062432289123535e-01
5.059031248092651367e-01
-2.529150061309337616e-02
4.195984005928039551e-01
4.450028240680694580e-01
-2.994784153997898102e-03
4.370173513889312744e-01
4.281151592731475830e-01
-3.237207978963851929e-02
4.279060363769531250e-01
4.907890558242797852e-01
-3.548620641231536865e-02
4.147871434688568115e-01
5.223619341850280762e-01
-2.614195644855499268e-02
3.932829201221466064e-01
4.391753673553466797e-01
-1.331770140677690506e-02
4.039022028446197510e-01
3.744232058525085449e-01
-2.637379616498947144e-02
4.114230573177337646e-01
3.381677269935607910e-01
-2.604640647768974304e-02
4.170645177364349365e-01
2.995740175247192383e-01
-2.070221863687038422e-02
