3.155903816223144531e-01
6.506878137588500977e-01
-4.292454320875549456e-07
3.665455877780914307e-01
6.282609105110168457e-01
-9.396315552294254303e-03
4.045612812042236328e-01
5.762439966201782227e-01
-1.279345713555812836e-02
4.177217483520507812e-01
5.210049748420715332e-01
-1.984191872179508209e-02
4.093214571475982666e-01
4.763282537460327148e-01
-2.268292754888534546e-02
4.159880280494689941e-01
5.052338242530822754e-01
1.121919881552457809e-02
4.357760548591613770e-01
4.650749564170837402e-01
-1.136645022779703140e-02
4.239370226860046387e-01
5.096063017845153809e-01
-2.196800895035266876e-02
4.137910604476928711e-01
5.382816195487976074e-01
-2.209078334271907806e-02
3.915786743164062500e-01
4.914145469665527344e-01
5.806457716971635818e-03
4.062295556068420410e-01
4.517699480056762695e-01
-2.092145755887031555e-02
3.961319327354431152e-01
5.102961659431457520e-01
-2.994050458073616028e-02
3.886394500732421875e-01
5.383151769638061523e-01
-2.679247222840785980e-02
3.638945519924163818e-01
4.835623800754547119e-01
-4.365438595414161682e-03
3.748780786991119385e-01
4.590906798839569092e-01
-3.505246341228485107e-02
3.690720200538635254e-01
5.220454931259155273e-01
-3.845329210162162781e-02
3.612350821495056152e-01
5.559754371643066406e-01
-2.909251116216182709e-02
3.353984951972961426e-01
4.781934916973114014e-01
-1.477308664470911026e-02
3.419857025146484375e-01
4.113863706588745117e-01
-2.807749621570110321e-02
3.460930883884429932e-01
3.738971948623657227e-01
-2.791859023272991180e-02
3.496036231517791748e-01
3.336596488952636719e-01
-2.281983010470867157e-02
