3.653346896171569824e-01
6.104322075843811035e-01
-4.248980474130803486e-07
4.185118675231933594e-01
5.901234745979309082e-01
-7.908308878540992737e-03
4.609450995922088623e-01
5.417913198471069336e-01
-9.973654523491859436e-03
4.804719388484954834e-01
4.892010986804962158e-01
-1.593337021768093109e-02
4.777854681015014648e-01
4.422775506973266602e-01
-1.788195036351680756e-02
4.667224287986755371e-01
4.666751027107238770e-01
1.262069679796695709e-02
4.891835153102874756e-01
4.311067759990692139e-01
-8.925662375986576080e-03
4.777500033378601074e-01
4.781204462051391602e-01
-1.868006214499473572e-02
4.657247066497802734e-01
5.050725936889648438e-01
-1.823786459863185883e-02
4.451851546764373779e-01
4.544475376605987549e-01
7.040630094707012177e-03
4.641066789627075195e-01
4.217721223831176758e-01
-1.898156665265560150e-02
4.532076716423034668e-01
4.804990291595458984e-01
-2.845206111669540405e-02
4.426088929176330566e-01
5.060750842094421387e-01
-2.600826509296894073e-02
4.197858572006225586e-01
4.464954435825347900e-01
-3.003438003361225128e-03
4.369415044784545898e-01
4.259389042854309082e-01
-3.305311873555183411e-02
4.292921423912048340e-01
4.878149032592773438e-01
-3.624384850263595581e-02
4.178579151630401611e-01
5.191324353218078613e-01
-2.699118480086326599e-02
3.921687006950378418e-01
4.403899908065795898e-01
-1.317052822560071945e-02
4.037153422832489014e-01
3.749820291996002197e-01
-2.710428833961486816e-02
4.113543033599853516e-01
3.382748365402221680e-01
-2.720143646001815796e-02
4.168848097324371338e-01
2.991552352905273438e-01
-2.208087965846061707e-02
