3.647400438785552979e-01
6.115345358848571777e-01
-4.257630052961758338e-07
4.186689555644989014e-01
5.907118916511535645e-01
-7.128036580979824066e-03
4.607432186603546143e-01
5.421008467674255371e-01
-8.745690807700157166e-03
4.804319441318511963e-01
4.894822537899017334e-01
-1.450541894882917404e-02
4.783023297786712646e-01
4.423758983612060547e-01
-1.644043251872062683e-02
4.659680128097534180e-01
4.697514176368713379e-01
1.378436014056205750e-02
4.884918332099914551e-01
4.335761368274688721e-01
-7.388906087726354599e-03
4.771416187286376953e-01
4.797604382038116455e-01
-1.708630286157131195e-02
4.654305577278137207e-01
5.070111751556396484e-01
-1.668224297463893890e-02
4.446603357791900635e-01
4.572048783302307129e-01
7.812642492353916168e-03
4.639241695404052734e-01
4.228820204734802246e-01
-1.853690482676029205e-02
4.531843960285186768e-01
4.809981286525726318e-01
-2.865580096840858459e-02
4.422633647918701172e-01
5.079830288887023926e-01
-2.651588246226310730e-02
4.195401966571807861e-01
4.483486711978912354e-01
-2.544084098190069199e-03
4.370795190334320068e-01
4.259981513023376465e-01
-3.258448466658592224e-02
4.298732578754425049e-01
4.872431457042694092e-01
-3.653211891651153564e-02
4.186978042125701904e-01
5.192522406578063965e-01
-2.775785699486732483e-02
3.921606540679931641e-01
4.410701990127563477e-01
-1.295673474669456482e-02
4.035470187664031982e-01
3.752872645854949951e-01
-2.666434459388256073e-02
4.114310443401336670e-01
3.380756676197052002e-01
-2.718232385814189911e-02
4.174378216266632080e-01
2.988752126693725586e-01
-2.248907089233398438e-02
