3.685085177421569824e-01
6.095291972160339355e-01
-4.071434887009672821e-07
4.211784899234771729e-01
5.894185900688171387e-01
-5.872830748558044434e-03
4.621441364288330078e-01
5.394699573516845703e-01
-6.809851154685020447e-03
4.824288487434387207e-01
4.878442287445068359e-01
-1.202781405299901962e-02
4.777500629425048828e-01
4.420086145401000977e-01
-1.345089450478553772e-02
4.622460305690765381e-01
4.643378257751464844e-01
1.425436697900295258e-02
4.852659106254577637e-01
4.279553592205047607e-01
-6.515517830848693848e-03
4.754309058189392090e-01
4.755689501762390137e-01
-1.573387719690799713e-02
4.637149870395660400e-01
5.039178729057312012e-01
-1.478759385645389557e-02
4.422890841960906982e-01
4.536235630512237549e-01
8.263161405920982361e-03
4.626199305057525635e-01
4.208351969718933105e-01
-1.740450225770473480e-02
4.532602727413177490e-01
4.794752001762390137e-01
-2.691936120390892029e-02
4.426473975181579590e-01
5.061785578727722168e-01
-2.444052882492542267e-02
4.183823764324188232e-01
4.454404711723327637e-01
-2.004411770030856133e-03
4.378801882266998291e-01
4.242400527000427246e-01
-3.109736368060112000e-02
4.299071431159973145e-01
4.872730672359466553e-01
-3.418950363993644714e-02
4.171863198280334473e-01
5.203630924224853516e-01
-2.489295415580272675e-02
3.925035595893859863e-01
4.388122260570526123e-01
-1.226240582764148712e-02
4.044795036315917969e-01
3.733783662319183350e-01
-2.551103755831718445e-02
4.126742482185363770e-01
3.361594080924987793e-01
-2.573862299323081970e-02
4.183165729045867920e-01
2.974607348442077637e-01
-2.084942720830440521e-02
