3.678207099437713623e-01
6.057060360908508301e-01
-4.564554103581031086e-07
4.215552210807800293e-01
5.875098705291748047e-01
-7.839671336114406586e-03
4.625927209854125977e-01
5.400708913803100586e-01
-1.038336288183927536e-02
4.816560447216033936e-01
4.866377115249633789e-01
-1.690536737442016602e-02
4.739642441272735596e-01
4.400518536567687988e-01
-1.961663737893104553e-02
4.680041372776031494e-01
4.649003446102142334e-01
1.293141394853591919e-02
4.900587201118469238e-01
4.301867783069610596e-01
-9.713788516819477081e-03
4.772779941558837891e-01
4.779846668243408203e-01
-2.112345770001411438e-02
4.634718298912048340e-01
5.077817440032958984e-01
-2.146179415285587311e-02
4.469199478626251221e-01
4.517214894294738770e-01
7.850052788853645325e-03
4.647576808929443359e-01
4.215092062950134277e-01
-1.842638850212097168e-02
4.529902338981628418e-01
4.819856882095336914e-01
-2.833618223667144775e-02
4.409009218215942383e-01
5.105103254318237305e-01
-2.610248140990734100e-02
4.223793447017669678e-01
4.429520368576049805e-01
-1.730196643620729446e-03
4.381909370422363281e-01
4.236247241497039795e-01
-3.073948994278907776e-02
4.305037558078765869e-01
4.855511784553527832e-01
-3.386726230382919312e-02
4.185368418693542480e-01
5.183855891227722168e-01
-2.474026195704936981e-02
3.955161273479461670e-01
4.368231296539306641e-01
-1.151208393275737762e-02
4.059417247772216797e-01
3.721708357334136963e-01
-2.394678257405757904e-02
4.131784141063690186e-01
3.351829648017883301e-01
-2.371475286781787872e-02
4.184642434120178223e-01
2.968678474426269531e-01
-1.855640113353729248e-02
