3.753137588500976562e-01
6.065940856933593750e-01
-4.128987427520769415e-07
4.268081486225128174e-01
5.876873731613159180e-01
-5.406126379966735840e-03
4.666499793529510498e-01
5.388261079788208008e-01
-6.074446719139814377e-03
4.847079515457153320e-01
4.883363842964172363e-01
-1.101556140929460526e-02
4.819712638854980469e-01
4.436311125755310059e-01
-1.233167760074138641e-02
4.701868891716003418e-01
4.643291831016540527e-01
1.488450728356838226e-02
4.898594319820404053e-01
4.311851263046264648e-01
-5.581351928412914276e-03
4.811098873615264893e-01
4.773636162281036377e-01
-1.494034379720687866e-02
4.699501097202301025e-01
5.068626999855041504e-01
-1.396777573972940445e-02
4.496157467365264893e-01
4.529258608818054199e-01
8.787997066974639893e-03
4.675022959709167480e-01
4.223701357841491699e-01
-1.644792035222053528e-02
4.583971202373504639e-01
4.799920320510864258e-01
-2.594182267785072327e-02
4.474074244499206543e-01
5.075574517250061035e-01
-2.325871586799621582e-02
4.252508282661437988e-01
4.446047842502593994e-01
-1.492855721153318882e-03
4.421934485435485840e-01
4.257128536701202393e-01
-3.061815723776817322e-02
4.351807236671447754e-01
4.870227873325347900e-01
-3.419008478522300720e-02
4.233561754226684570e-01
5.190306901931762695e-01
-2.509234659373760223e-02
3.987489640712738037e-01
4.382938742637634277e-01
-1.166984066367149353e-02
4.098324775695800781e-01
3.733788132667541504e-01
-2.491999603807926178e-02
4.178430736064910889e-01
3.368222713470458984e-01
-2.500260435044765472e-02
4.240298867225646973e-01
2.986857295036315918e-01
-1.986034587025642395e-02
