3.719415962696075439e-01
6.073350906372070312e-01
-4.258876629137375858e-07
4.257831573486328125e-01
5.889831781387329102e-01
-7.009927649050951004e-03
4.665800929069519043e-01
5.406235456466674805e-01
-8.817635476589202881e-03
4.841403365135192871e-01
4.874446392059326172e-01
-1.460946258157491684e-02
4.765917658805847168e-01
4.418982863426208496e-01
-1.655207388103008270e-02
4.702505171298980713e-01
4.690527319908142090e-01
1.390282716602087021e-02
4.932866990566253662e-01
4.347592890262603760e-01
-7.791330572217702866e-03
4.814987778663635254e-01
4.798239469528198242e-01
-1.823163963854312897e-02
4.683974981307983398e-01
5.078067779541015625e-01
-1.817073859274387360e-02
4.495958387851715088e-01
4.557543098926544189e-01
8.464134298264980316e-03
4.690640270709991455e-01
4.233067631721496582e-01
-1.811788789927959442e-02
4.570181369781494141e-01
4.819452762603759766e-01
-2.785848081111907959e-02
4.450559318065643311e-01
5.107830166816711426e-01
-2.512370981276035309e-02
4.251590967178344727e-01
4.460934400558471680e-01
-1.426118775270879269e-03
4.431332349777221680e-01
4.262543320655822754e-01
-3.087696246802806854e-02
4.348642826080322266e-01
4.875720441341400146e-01
-3.410983458161354065e-02
4.224230051040649414e-01
5.211057662963867188e-01
-2.473825030028820038e-02
3.986862897872924805e-01
4.390792548656463623e-01
-1.146906055510044098e-02
4.104761183261871338e-01
3.748392760753631592e-01
-2.481392398476600647e-02
4.184308648109436035e-01
3.375132679939270020e-01
-2.541900426149368286e-02
4.245227575302124023e-01
2.993229031562805176e-01
-2.075441367924213409e-02
