3.734218478202819824e-01
6.095826625823974609e-01
-4.213506770156527637e-07
4.260969758033752441e-01
5.901709198951721191e-01
-6.714932620525360107e-03
4.658188521862030029e-01
5.438113808631896973e-01
-9.232759475708007812e-03
4.852793216705322266e-01
4.931444823741912842e-01
-1.575779356062412262e-02
4.804708361625671387e-01
4.482178092002868652e-01
-1.840771362185478210e-02
4.704146385192871094e-01
4.664189517498016357e-01
1.276682410389184952e-02
4.944059252738952637e-01
4.303717017173767090e-01
-8.997596800327301025e-03
4.841586947441101074e-01
4.792033433914184570e-01
-1.985916681587696075e-02
4.712589383125305176e-01
5.070579051971435547e-01
-2.019140310585498810e-02
4.501278400421142578e-01
4.540663361549377441e-01
7.025152444839477539e-03
4.709791243076324463e-01
4.224294722080230713e-01
-1.737990602850914001e-02
4.605465233325958252e-01
4.827958643436431885e-01
-2.648309618234634399e-02
4.488866925239562988e-01
5.080702304840087891e-01
-2.441212162375450134e-02
4.258588552474975586e-01
4.455186426639556885e-01
-3.095788648352026939e-03
4.447039067745208740e-01
4.258711636066436768e-01
-3.083683177828788757e-02
4.369300007820129395e-01
4.879243969917297363e-01
-3.342818468809127808e-02
4.239659607410430908e-01
5.192227363586425781e-01
-2.452117018401622772e-02
3.993372023105621338e-01
4.393158555030822754e-01
-1.333809923380613327e-02
4.111109375953674316e-01
3.734326958656311035e-01
-2.592131868004798889e-02
4.197863340377807617e-01
3.365761041641235352e-01
-2.576276101171970367e-02
4.254800081253051758e-01
2.979005277156829834e-01
-2.087183110415935516e-02
