3.190172016620635986e-01
6.462784409523010254e-01
-3.960166736760584172e-07
3.684937357902526855e-01
6.273612380027770996e-01
-7.520679384469985962e-03
4.053040146827697754e-01
5.767219662666320801e-01
-9.838811121881008148e-03
4.190504550933837891e-01
5.229834318161010742e-01
-1.600806415081024170e-02
4.113477468490600586e-01
4.788112640380859375e-01
-1.854165829718112946e-02
4.154930412769317627e-01
5.049677491188049316e-01
1.064829900860786438e-02
4.345310926437377930e-01
4.599882364273071289e-01
-1.117126084864139557e-02
4.272774755954742432e-01
5.009071230888366699e-01
-2.122625894844532013e-02
4.197504520416259766e-01
5.313706994056701660e-01
-2.115828543901443481e-02
3.915693163871765137e-01
4.913811385631561279e-01
4.993648733943700790e-03
4.062262177467346191e-01
4.494599103927612305e-01
-2.091248147189617157e-02
3.980767726898193359e-01
5.072757005691528320e-01
-2.959070168435573578e-02
3.921517729759216309e-01
5.360234379768371582e-01
-2.665925770998001099e-02
3.644250035285949707e-01
4.833316802978515625e-01
-5.085108801722526550e-03
3.765943348407745361e-01
4.575155973434448242e-01
-3.498190641403198242e-02
3.713169395923614502e-01
5.201406478881835938e-01
-3.842058032751083374e-02
3.640445768833160400e-01
5.548515319824218750e-01
-2.965589798986911774e-02
3.360314369201660156e-01
4.777417778968811035e-01
-1.525533106178045273e-02
3.421375453472137451e-01
4.111311435699462891e-01
-2.919727936387062073e-02
3.466065526008605957e-01
3.725882768630981445e-01
-3.035124763846397400e-02
3.514052331447601318e-01
3.316572904586791992e-01
-2.650838159024715424e-02
