3.730983436107635498e-01
6.084635853767395020e-01
-4.628290639629994985e-07
4.263120293617248535e-01
5.899050831794738770e-01
-6.979347672313451767e-03
4.673139154911041260e-01
5.447984933853149414e-01
-9.959273971617221832e-03
4.873787462711334229e-01
4.929318130016326904e-01
-1.714300364255905151e-02
4.788651168346405029e-01
4.465390741825103760e-01
-2.057094313204288483e-02
4.706184267997741699e-01
4.675146043300628662e-01
1.171990763396024704e-02
4.954639673233032227e-01
4.323505461215972900e-01
-1.091962493956089020e-02
4.829619526863098145e-01
4.810764491558074951e-01
-2.143611945211887360e-02
4.686990976333618164e-01
5.104630589485168457e-01
-2.104311808943748474e-02
4.509167671203613281e-01
4.550426900386810303e-01
6.150090601295232773e-03
4.714936614036560059e-01
4.258117675781250000e-01
-2.036593854427337646e-02
4.579809606075286865e-01
4.874956011772155762e-01
-2.939366735517978668e-02
4.443138837814331055e-01
5.156483054161071777e-01
-2.637965604662895203e-02
4.276970326900482178e-01
4.457909166812896729e-01
-3.762463107705116272e-03
4.468704164028167725e-01
4.253473579883575439e-01
-3.260139375925064087e-02
4.379953742027282715e-01
4.881846308708190918e-01
-3.479668498039245605e-02
4.244747757911682129e-01
5.220420360565185547e-01
-2.502198889851570129e-02
4.021975696086883545e-01
4.388334453105926514e-01
-1.384285837411880493e-02
4.144136607646942139e-01
3.729470074176788330e-01
-2.640957385301589966e-02
4.231837093830108643e-01
3.353206515312194824e-01
-2.620742097496986389e-02
4.299328923225402832e-01
2.969608306884765625e-01
-2.104568295180797577e-02
