3.719088435173034668e-01
6.089153885841369629e-01
-4.515288196671463083e-07
4.260198175907135010e-01
5.899658203125000000e-01
-6.884959992021322250e-03
4.676402509212493896e-01
5.439602136611938477e-01
-9.336661547422409058e-03
4.879179000854492188e-01
4.925130307674407959e-01
-1.604772545397281647e-02
4.826648831367492676e-01
4.461031258106231689e-01
-1.866920292377471924e-02
4.702739417552947998e-01
4.659211039543151855e-01
1.303805038332939148e-02
4.953647255897521973e-01
4.319047033786773682e-01
-8.986264467239379883e-03
4.835260808467864990e-01
4.806396663188934326e-01
-1.853203959763050079e-02
4.686937034130096436e-01
5.085980892181396484e-01
-1.749803684651851654e-02
4.507447779178619385e-01
4.536290168762207031e-01
7.102472707629203796e-03
4.722247719764709473e-01
4.240582585334777832e-01
-1.943408511579036713e-02
4.594896733760833740e-01
4.857800602912902832e-01
-2.846584655344486237e-02
4.455879926681518555e-01
5.118432044982910156e-01
-2.528820000588893890e-02
4.274825751781463623e-01
4.445921778678894043e-01
-3.248302731662988663e-03
4.467182755470275879e-01
4.256235361099243164e-01
-3.294280171394348145e-02
4.377197027206420898e-01
4.893337786197662354e-01
-3.517920151352882385e-02
4.235626161098480225e-01
5.209369659423828125e-01
-2.506094239652156830e-02
4.017429053783416748e-01
4.375437796115875244e-01
-1.370190735906362534e-02
4.146192371845245361e-01
3.716167211532592773e-01
-2.710121497511863708e-02
4.241062402725219727e-01
3.351719975471496582e-01
-2.663799002766609192e-02
4.307471215724945068e-01
2.964048981666564941e-01
-2.100319042801856995e-02
