3.738923966884613037e-01
6.051557064056396484e-01
-4.359002900855557527e-07
4.295640885829925537e-01
5.840201973915100098e-01
-5.880540702491998672e-03
4.701222479343414307e-01
5.365206003189086914e-01
-7.433685474097728729e-03
4.895407855510711670e-01
4.852008819580078125e-01
-1.346131879836320877e-02
4.826570153236389160e-01
4.398618936538696289e-01
-1.597804389894008636e-02
4.706012606620788574e-01
4.616632163524627686e-01
1.593476533889770508e-02
4.940410256385803223e-01
4.296794533729553223e-01
-6.246191915124654770e-03
4.830965101718902588e-01
4.776299595832824707e-01
-1.788861863315105438e-02
4.693848490715026855e-01
5.070506334304809570e-01
-1.819366775453090668e-02
4.509635865688323975e-01
4.503111243247985840e-01
1.008488517254590988e-02
4.718037545680999756e-01
4.218085110187530518e-01
-1.580107770860195160e-02
4.602334499359130859e-01
4.808958470821380615e-01
-2.658550068736076355e-02
4.464832842350006104e-01
5.098102688789367676e-01
-2.481043152511119843e-02
4.277279973030090332e-01
4.416094720363616943e-01
-1.936495682457461953e-04
4.465631246566772461e-01
4.239667057991027832e-01
-2.858403883874416351e-02
4.379471540451049805e-01
4.845550954341888428e-01
-3.240865468978881836e-02
4.242279529571533203e-01
5.173354148864746094e-01
-2.358680590987205505e-02
4.021142125129699707e-01
4.348165690898895264e-01
-1.054096221923828125e-02
4.151650667190551758e-01
3.694644272327423096e-01
-2.226109430193901062e-02
4.244517683982849121e-01
3.331017494201660156e-01
-2.194220386445522308e-02
4.311538636684417725e-01
2.967158555984497070e-01
-1.670329086482524872e-02
