3.745110034942626953e-01
6.037921905517578125e-01
-4.459502633835654706e-07
4.271138906478881836e-01
5.860325694084167480e-01
-6.588323507457971573e-03
4.690686166286468506e-01
5.393931865692138672e-01
-8.545211516320705414e-03
4.884352385997772217e-01
4.871474504470825195e-01
-1.472835149616003036e-02
4.803080558776855469e-01
4.415254592895507812e-01
-1.758449524641036987e-02
4.744611084461212158e-01
4.618718624114990234e-01
1.376592461019754410e-02
4.966163039207458496e-01
4.298213422298431396e-01
-7.794436998665332794e-03
4.851779043674468994e-01
4.766565859317779541e-01
-1.878097467124462128e-02
4.725251197814941406e-01
5.062414407730102539e-01
-1.904745213687419891e-02
4.534973800182342529e-01
4.496284425258636475e-01
8.090082556009292603e-03
4.721819162368774414e-01
4.218040108680725098e-01
-1.783484406769275665e-02
4.601279199123382568e-01
4.816149771213531494e-01
-2.779767476022243500e-02
4.478004276752471924e-01
5.112573504447937012e-01
-2.552329190075397491e-02
4.290683865547180176e-01
4.415804445743560791e-01
-1.875131740234792233e-03
4.469603598117828369e-01
4.227222204208374023e-01
-3.082321584224700928e-02
4.391790926456451416e-01
4.837034642696380615e-01
-3.438136354088783264e-02
4.269889593124389648e-01
5.177260637283325195e-01
-2.542744949460029602e-02
4.025827646255493164e-01
4.364264607429504395e-01
-1.190884318202733994e-02
4.152806997299194336e-01
3.715276122093200684e-01
-2.475530467927455902e-02
4.236758351325988770e-01
3.334382176399230957e-01
-2.502585016191005707e-02
4.302826821804046631e-01
2.953981161117553711e-01
-2.018755115568637848e-02
