3.753154575824737549e-01
6.020442247390747070e-01
-4.531395347839861643e-07
4.277285635471343994e-01
5.860899686813354492e-01
-5.824791267514228821e-03
4.700860083103179932e-01
5.386530756950378418e-01
-7.321691606193780899e-03
4.899657070636749268e-01
4.869221746921539307e-01
-1.293554622679948807e-02
4.813064336776733398e-01
4.425854086875915527e-01
-1.521028857678174973e-02
4.733147323131561279e-01
4.624618589878082275e-01
1.262701209634542465e-02
4.967145919799804688e-01
4.329076111316680908e-01
-8.214918896555900574e-03
4.828716814517974854e-01
4.799450337886810303e-01
-1.821835897862911224e-02
4.678976535797119141e-01
5.079086422920227051e-01
-1.793852262198925018e-02
4.527601897716522217e-01
4.508250951766967773e-01
6.643701344728469849e-03
4.735767543315887451e-01
4.223588705062866211e-01
-1.932418346405029297e-02
4.591511487960815430e-01
4.814603030681610107e-01
-2.871977351605892181e-02
4.438508450984954834e-01
5.114684700965881348e-01
-2.566970139741897583e-02
4.288471043109893799e-01
4.427400827407836914e-01
-3.308369079604744911e-03
4.473056197166442871e-01
4.248684346675872803e-01
-3.156261146068572998e-02
4.371052086353302002e-01
4.854423701763153076e-01
-3.452321514487266541e-02
4.227955639362335205e-01
5.186284780502319336e-01
-2.508519776165485382e-02
4.031182229518890381e-01
4.370287358760833740e-01
-1.326453220099210739e-02
4.155388474464416504e-01
3.716851472854614258e-01
-2.570996247231960297e-02
4.243091344833374023e-01
3.339655399322509766e-01
-2.581065706908702850e-02
4.312089681625366211e-01
2.964239418506622314e-01
-2.081257849931716919e-02
