4.074357748031616211e-01
7.795004248619079590e-01
3.724417467765306355e-07
3.987229466438293457e-01
6.942933201789855957e-01
-9.435277432203292847e-03
4.278801679611206055e-01
6.350708007812500000e-01
-2.101633138954639435e-02
4.743763208389282227e-01
6.249177455902099609e-01
-3.035885468125343323e-02
5.029991865158081055e-01
6.399612426757812500e-01
-4.012205079197883606e-02
4.462018907070159912e-01
6.387794017791748047e-01
-4.641524702310562134e-02
4.803513586521148682e-01
5.597048997879028320e-01
-6.477496773004531860e-02
5.025240182876586914e-01
5.098248720169067383e-01
-7.450086623430252075e-02
5.215924978256225586e-01
4.716205596923828125e-01
-8.011022210121154785e-02
4.788809716701507568e-01
6.718760132789611816e-01
-4.866098240017890930e-02
5.267399549484252930e-01
5.897800922393798828e-01
-6.401808559894561768e-02
5.590451359748840332e-01
5.348290205001831055e-01
-6.966376304626464844e-02
5.873128175735473633e-01
4.951954483985900879e-01
-7.349756360054016113e-02
5.040779113769531250e-01
7.040325999259948730e-01
-4.837265610694885254e-02
5.354798436164855957e-01
6.292102932929992676e-01
-6.193222105503082275e-02
5.161517262458801270e-01
6.262172460556030273e-01
-5.638981238007545471e-02
4.959193766117095947e-01
6.445602178573608398e-01
-4.882117733359336853e-02
5.209020972251892090e-01
7.299196124076843262e-01
-4.847629740834236145e-02
5.337892770767211914e-01
6.613020896911621094e-01
-5.746418610215187073e-02
5.153657793998718262e-01
6.590407490730285645e-01
-4.965143278241157532e-02
5.005403757095336914e-01
6.782134771347045898e-01
-4.074428230524063110e-02
