4.125615060329437256e-01
7.565155029296875000e-01
4.000842181994812563e-07
4.014452099800109863e-01
6.815732121467590332e-01
-5.509293172508478165e-03
4.247587919235229492e-01
6.298165917396545410e-01
-1.637792959809303284e-02
4.630008041858673096e-01
6.123933792114257812e-01
-2.677991613745689392e-02
4.882211685180664062e-01
6.120839118957519531e-01
-3.723353520035743713e-02
4.398036301136016846e-01
6.134141087532043457e-01
-3.592474758625030518e-02
4.469164311885833740e-01
5.328746438026428223e-01
-5.618183687329292297e-02
4.503836929798126221e-01
4.792678952217102051e-01
-6.783793121576309204e-02
4.528754353523254395e-01
4.387875199317932129e-01
-7.336425781250000000e-02
4.719919562339782715e-01
6.373220682144165039e-01
-4.086870700120925903e-02
5.179052352905273438e-01
5.650721788406372070e-01
-5.616078153252601624e-02
5.522734522819519043e-01
5.175988674163818359e-01
-6.258862465620040894e-02
5.812753438949584961e-01
4.834276735782623291e-01
-6.582172214984893799e-02
4.947036802768707275e-01
6.668545007705688477e-01
-4.417333379387855530e-02
5.158084630966186523e-01
6.091861128807067871e-01
-5.818233639001846313e-02
5.007466673851013184e-01
6.129805445671081543e-01
-5.596970394253730774e-02
4.875421524047851562e-01
6.292192935943603516e-01
-5.028554424643516541e-02
5.101221799850463867e-01
6.938949227333068848e-01
-4.752461239695549011e-02
5.122992396354675293e-01
6.427874565124511719e-01
-5.547523871064186096e-02
4.943493604660034180e-01
6.441360116004943848e-01
-4.840262979269027710e-02
4.821316003799438477e-01
6.589548587799072266e-01
-3.990766033530235291e-02
