4.493145942687988281e-01
7.356183528900146484e-01
3.163777648751420202e-07
4.347770810127258301e-01
6.475237607955932617e-01
1.091099693439900875e-03
4.653275609016418457e-01
5.811650156974792480e-01
-1.758201542543247342e-04
5.110873579978942871e-01
5.668741464614868164e-01
-1.923827454447746277e-03
5.439333915710449219e-01
5.690158009529113770e-01
-3.373143030330538750e-03
4.810969829559326172e-01
5.506559610366821289e-01
-1.395920943468809128e-02
5.062491297721862793e-01
4.705857634544372559e-01
-2.237555570900440216e-02
5.200781226158142090e-01
4.189980328083038330e-01
-2.699459344148635864e-02
5.325282812118530273e-01
3.780304491519927979e-01
-2.986668236553668976e-02
5.151702165603637695e-01
5.723190903663635254e-01
-1.951561309397220612e-02
5.483677983283996582e-01
4.931651949882507324e-01
-2.401509694755077362e-02
5.689758658409118652e-01
4.421979188919067383e-01
-2.863368205726146698e-02
5.895267724990844727e-01
4.046722650527954102e-01
-3.252631053328514099e-02
5.409003496170043945e-01
6.037497520446777344e-01
-2.340127341449260712e-02
5.621549487113952637e-01
5.515655875205993652e-01
-2.875206992030143738e-02
5.414076447486877441e-01
5.626706480979919434e-01
-2.702809311449527740e-02
5.238888859748840332e-01
5.834528207778930664e-01
-2.370988763868808746e-02
5.575522780418395996e-01
6.361473202705383301e-01
-2.734396047890186310e-02
5.487309694290161133e-01
6.023971438407897949e-01
-2.969353646039962769e-02
5.305184125900268555e-01
6.076060533523559570e-01
-2.447645366191864014e-02
5.214438438415527344e-01
6.217246055603027344e-01
-1.864494383335113525e-02
