4.613686800003051758e-01
7.384963631629943848e-01
3.278936731021531159e-07
4.481590092182159424e-01
6.499837040901184082e-01
-2.537343243602663279e-04
4.812452197074890137e-01
5.851944088935852051e-01
-2.378118690103292465e-03
5.299500226974487305e-01
5.629848241806030273e-01
-4.292887635529041290e-03
5.649237036705017090e-01
5.582287907600402832e-01
-5.496224388480186462e-03
4.978813529014587402e-01
5.531201958656311035e-01
-1.723107323050498962e-02
5.230328440666198730e-01
4.666914939880371094e-01
-2.506647631525993347e-02
5.387141108512878418e-01
4.157503545284271240e-01
-2.829106710851192474e-02
5.529503822326660156e-01
3.748427629470825195e-01
-2.920527942478656769e-02
5.319312214851379395e-01
5.763435363769531250e-01
-2.016923762857913971e-02
5.647073388099670410e-01
4.920971989631652832e-01
-2.414851635694503784e-02
5.883120298385620117e-01
4.408214092254638672e-01
-2.622166834771633148e-02
6.117157340049743652e-01
4.040563106536865234e-01
-2.781810611486434937e-02
5.566287636756896973e-01
6.087746024131774902e-01
-2.125108242034912109e-02
5.727117061614990234e-01
5.574143528938293457e-01
-2.424705028533935547e-02
5.501692891120910645e-01
5.642776489257812500e-01
-1.950464397668838501e-02
5.320857763290405273e-01
5.842442512512207031e-01
-1.397670432925224304e-02
5.728031992912292480e-01
6.410259008407592773e-01
-2.250522375106811523e-02
5.698730349540710449e-01
6.004746556282043457e-01
-1.962528750300407410e-02
5.511464476585388184e-01
6.033873558044433594e-01
-1.025781780481338501e-02
5.413947701454162598e-01
6.185055971145629883e-01
-2.081510378047823906e-03
