4.634309113025665283e-01
7.395769953727722168e-01
3.636773158177675214e-07
4.481801688671112061e-01
6.510122418403625488e-01
-1.828570733778178692e-03
4.822599291801452637e-01
5.825350880622863770e-01
-4.626888316124677658e-03
5.311850309371948242e-01
5.597639083862304688e-01
-6.995156873017549515e-03
5.662977099418640137e-01
5.538223385810852051e-01
-8.441797457635402679e-03
4.997257888317108154e-01
5.541181564331054688e-01
-1.837757974863052368e-02
5.234131813049316406e-01
4.668979346752166748e-01
-2.601743303239345551e-02
5.385837554931640625e-01
4.156700968742370605e-01
-2.889449894428253174e-02
5.522610545158386230e-01
3.746664524078369141e-01
-2.963858284056186676e-02
5.342980027198791504e-01
5.797843933105468750e-01
-2.126498706638813019e-02
5.670424699783325195e-01
4.946362674236297607e-01
-2.713509462773799896e-02
5.906539559364318848e-01
4.416688084602355957e-01
-3.070040605962276459e-02
6.143429279327392578e-01
4.038390517234802246e-01
-3.304284438490867615e-02
5.588063597679138184e-01
6.118589639663696289e-01
-2.230983227491378784e-02
5.717816948890686035e-01
5.579484105110168457e-01
-2.745753340423107147e-02
5.490041375160217285e-01
5.628857016563415527e-01
-2.365673147141933441e-02
5.324106216430664062e-01
5.814963579177856445e-01
-1.834326051175594330e-02
5.741143226623535156e-01
6.406410336494445801e-01
-2.349535003304481506e-02
5.677219629287719727e-01
5.962138175964355469e-01
-2.152702957391738892e-02
5.472912192344665527e-01
5.980420708656311035e-01
-1.201241463422775269e-02
5.379418134689331055e-01
6.123694777488708496e-01
-3.687629243358969688e-03
