4.049379825592041016e-01
7.893334627151489258e-01
3.006848316999821691e-07
3.940622806549072266e-01
7.079823613166809082e-01
-1.276179496198892593e-02
4.212156236171722412e-01
6.510962247848510742e-01
-2.315866388380527496e-02
4.641689956188201904e-01
6.361108422279357910e-01
-2.926270663738250732e-02
4.887151718139648438e-01
6.389966607093811035e-01
-3.590726107358932495e-02
4.448360800743103027e-01
6.514191031455993652e-01
-4.873965680599212646e-02
4.602572917938232422e-01
5.657292008399963379e-01
-6.828814744949340820e-02
4.685830175876617432e-01
5.092105269432067871e-01
-8.093064278364181519e-02
4.756497740745544434e-01
4.638117551803588867e-01
-8.816889673471450806e-02
4.778413176536560059e-01
6.802218556404113770e-01
-4.718875885009765625e-02
5.241068005561828613e-01
6.036248803138732910e-01
-6.303121894598007202e-02
5.608288645744323730e-01
5.527405142784118652e-01
-7.220990955829620361e-02
5.904402732849121094e-01
5.140247344970703125e-01
-7.803235203027725220e-02
5.012648105621337891e-01
7.043508887290954590e-01
-4.329662770032882690e-02
5.363266468048095703e-01
6.278336048126220703e-01
-5.603504925966262817e-02
5.468689203262329102e-01
5.906025171279907227e-01
-6.046542525291442871e-02
5.530614852905273438e-01
5.736626982688903809e-01
-6.180502101778984070e-02
5.162992477416992188e-01
7.181074619293212891e-01
-3.939645364880561829e-02
5.256469845771789551e-01
6.556066870689392090e-01
-4.758066684007644653e-02
5.100786685943603516e-01
6.360030174255371094e-01
-4.472029954195022583e-02
4.975858628749847412e-01
6.355204582214355469e-01
-4.062710329890251160e-02
