4.036676883697509766e-01
7.454953193664550781e-01
3.893191831139120040e-07
3.951302766799926758e-01
6.588093042373657227e-01
7.064645644277334213e-03
4.199576079845428467e-01
5.926436781883239746e-01
6.720608100295066833e-03
4.569225311279296875e-01
5.684248805046081543e-01
2.873489866033196449e-03
4.808121025562286377e-01
5.599505901336669922e-01
-1.042655087076127529e-03
4.313808679580688477e-01
5.606535673141479492e-01
-2.632685471326112747e-03
4.630433917045593262e-01
4.722356796264648438e-01
-9.923301637172698975e-03
4.808623790740966797e-01
4.244441986083984375e-01
-1.293462980538606644e-02
4.962396323680877686e-01
3.889300227165222168e-01
-1.320706121623516083e-02
4.601380228996276855e-01
5.844852328300476074e-01
-1.230721827596426010e-02
5.003176331520080566e-01
5.013231039047241211e-01
-1.818540692329406738e-02
5.244166254997253418e-01
4.492118060588836670e-01
-2.306972816586494446e-02
5.450116395950317383e-01
4.111230671405792236e-01
-2.587519586086273193e-02
4.838887453079223633e-01
6.153312921524047852e-01
-2.066602185368537903e-02
5.140458345413208008e-01
5.603346228599548340e-01
-2.662976831197738647e-02
4.988760948181152344e-01
5.679748654365539551e-01
-2.542857266962528229e-02
4.827153980731964111e-01
5.834949612617492676e-01
-2.146595157682895660e-02
5.013340115547180176e-01
6.458680629730224609e-01
-2.853963710367679596e-02
5.146124362945556641e-01
5.996924042701721191e-01
-2.763317339122295380e-02
5.001296997070312500e-01
6.040075421333312988e-01
-1.927093602716922760e-02
4.878737926483154297e-01
6.176417469978332520e-01
-1.125554554164409637e-02
