4.177827537059783936e-01
7.863227725028991699e-01
3.620806694470957154e-07
3.989508152008056641e-01
7.020828127861022949e-01
-2.032288908958435059e-02
4.183852076530456543e-01
6.345402002334594727e-01
-3.504303842782974243e-02
4.629957973957061768e-01
6.159784793853759766e-01
-4.454563558101654053e-02
4.937447309494018555e-01
6.281646490097045898e-01
-5.361897125840187073e-02
4.533024728298187256e-01
6.528771519660949707e-01
-5.669905245304107666e-02
4.866172373294830322e-01
5.635960698127746582e-01
-7.652207463979721069e-02
5.075478553771972656e-01
5.149720907211303711e-01
-8.571090549230575562e-02
5.267280340194702148e-01
4.787716269493103027e-01
-9.027773886919021606e-02
4.886064529418945312e-01
6.791180968284606934e-01
-5.231440439820289612e-02
5.313169360160827637e-01
5.874729156494140625e-01
-6.842210888862609863e-02
5.607978701591491699e-01
5.327257513999938965e-01
-7.282765209674835205e-02
5.873153209686279297e-01
4.950062036514282227e-01
-7.480835169553756714e-02
5.112195611000061035e-01
7.008943557739257812e-01
-4.627996683120727539e-02
5.261209607124328613e-01
6.233669519424438477e-01
-5.984504520893096924e-02
5.073609352111816406e-01
6.159509420394897461e-01
-5.566443502902984619e-02
4.901567697525024414e-01
6.304464340209960938e-01
-4.884073510766029358e-02
5.222692489624023438e-01
7.148684263229370117e-01
-4.147341474890708923e-02
5.246214270591735840e-01
6.479455232620239258e-01
-5.217542871832847595e-02
5.083321928977966309e-01
6.424629688262939453e-01
-4.708084464073181152e-02
4.949303269386291504e-01
6.575376987457275391e-01
-3.971048444509506226e-02
