4.211436510086059570e-01
4.365826845169067383e-01
2.840732804543222301e-07
4.235768914222717285e-01
3.791577517986297607e-01
3.785413922742009163e-03
4.486791789531707764e-01
3.391348719596862793e-01
1.708093564957380295e-03
4.761727452278137207e-01
3.300485908985137939e-01
-2.752427943050861359e-03
4.964781999588012695e-01
3.339747488498687744e-01
-7.000353652983903885e-03
4.536387324333190918e-01
3.121455311775207520e-01
-3.604537341743707657e-03
4.721541702747344971e-01
2.659929394721984863e-01
-1.122242864221334457e-02
4.818164408206939697e-01
2.353620231151580811e-01
-1.520803384482860565e-02
4.893918931484222412e-01
2.126149684190750122e-01
-1.726911962032318115e-02
4.735778272151947021e-01
3.268189430236816406e-01
-1.203723344951868057e-02
5.089078545570373535e-01
2.859023213386535645e-01
-1.873378455638885498e-02
5.296577811241149902e-01
2.597717046737670898e-01
-2.299419231712818146e-02
5.472354888916015625e-01
2.412577122449874878e-01
-2.519643679261207581e-02
4.882700443267822266e-01
3.514436185359954834e-01
-1.979884319007396698e-02
5.132532119750976562e-01
3.390467464923858643e-01
-2.574753575026988983e-02
5.013842582702636719e-01
3.493221998214721680e-01
-2.375106699764728546e-02
4.897007346153259277e-01
3.577840626239776611e-01
-2.036719210445880890e-02
4.976392090320587158e-01
3.793766796588897705e-01
-2.763030305504798889e-02
5.085210800170898438e-01
3.713498711585998535e-01
-2.786997891962528229e-02
4.985232651233673096e-01
3.789692521095275879e-01
-2.124981023371219635e-02
4.894451797008514404e-01
3.861751258373260498e-01
-1.535988785326480865e-02
