4.498983025550842285e-01
4.624371528625488281e-01
1.912741964815722895e-07
4.448677301406860352e-01
4.085539579391479492e-01
1.033522537909448147e-03
4.600689709186553955e-01
3.680257499217987061e-01
-1.780107850208878517e-03
4.842952191829681396e-01
3.575740456581115723e-01
-6.205040030181407928e-03
5.009857416152954102e-01
3.620581626892089844e-01
-1.054702047258615494e-02
4.641247987747192383e-01
3.434747755527496338e-01
-6.594154052436351776e-03
4.703981578350067139e-01
2.925699353218078613e-01
-1.456379052251577377e-02
4.729640781879425049e-01
2.591571807861328125e-01
-1.905325613915920258e-02
4.753402769565582275e-01
2.325184792280197144e-01
-2.134975045919418335e-02
4.861672222614288330e-01
3.535263240337371826e-01
-1.292717829346656799e-02
5.058806538581848145e-01
3.024422228336334229e-01
-1.908290944993495941e-02
5.171402096748352051e-01
2.716528475284576416e-01
-2.248413488268852234e-02
5.277668833732604980e-01
2.479812204837799072e-01
-2.394207753241062164e-02
5.045679211616516113e-01
3.733798861503601074e-01
-1.872264593839645386e-02
5.252289772033691406e-01
3.491272330284118652e-01
-2.575053833425045013e-02
5.166993737220764160e-01
3.621641397476196289e-01
-2.407024428248405457e-02
5.070538520812988281e-01
3.750230371952056885e-01
-2.004377171397209167e-02
5.186993479728698730e-01
3.974469900131225586e-01
-2.461932040750980377e-02
5.308217406272888184e-01
3.807942271232604980e-01
-2.570521831512451172e-02
5.233260989189147949e-01
3.888552784919738770e-01
-1.913525722920894623e-02
5.159476399421691895e-01
3.981012701988220215e-01
-1.274717133492231369e-02
