3.948272764682769775e-01
7.328113317489624023e-01
3.889998652084614150e-07
3.916210532188415527e-01
6.548497676849365234e-01
3.588488791137933731e-03
4.186927974224090576e-01
5.946374535560607910e-01
6.747614243067800999e-04
4.526734948158264160e-01
5.720313191413879395e-01
-5.424459930509328842e-03
4.755965471267700195e-01
5.669554471969604492e-01
-1.139734778553247452e-02
4.330247044563293457e-01
5.624377727508544922e-01
-7.045349571853876114e-03
4.637204706668853760e-01
4.866379201412200928e-01
-1.728293299674987793e-02
4.825719594955444336e-01
4.393200278282165527e-01
-2.296715974807739258e-02
4.989618360996246338e-01
4.062963128089904785e-01
-2.532050199806690216e-02
4.598443210124969482e-01
5.823470950126647949e-01
-1.652161963284015656e-02
5.031158924102783203e-01
5.115705728530883789e-01
-2.521974407136440277e-02
5.335854887962341309e-01
4.630977809429168701e-01
-3.065201453864574432e-02
5.592818260192871094e-01
4.303402900695800781e-01
-3.335091844201087952e-02
4.805334806442260742e-01
6.116808056831359863e-01
-2.523736096918582916e-02
5.169780254364013672e-01
5.596172213554382324e-01
-3.262567147612571716e-02
5.073436498641967773e-01
5.558120608329772949e-01
-3.029628656804561615e-02
4.946382641792297363e-01
5.622843503952026367e-01
-2.571992762386798859e-02
4.965937435626983643e-01
6.448715925216674805e-01
-3.407792374491691589e-02
5.184211730957031250e-01
6.017314195632934570e-01
-3.515729308128356934e-02
5.105612277984619141e-01
5.980954766273498535e-01
-2.721479721367359161e-02
5.007125735282897949e-01
6.046873927116394043e-01
-1.923175342381000519e-02
