4.487236440181732178e-01
7.192046046257019043e-01
3.532744585754699074e-07
4.353251457214355469e-01
6.316363215446472168e-01
-2.201966475695371628e-03
4.625959098339080811e-01
5.669163465499877930e-01
-5.279836244881153107e-03
5.036048293113708496e-01
5.504543781280517578e-01
-8.921694010496139526e-03
5.340876579284667969e-01
5.552636384963989258e-01
-1.224212814122438431e-02
4.821060597896575928e-01
5.392973423004150391e-01
-1.598060689866542816e-02
5.056080222129821777e-01
4.596880674362182617e-01
-2.654998749494552612e-02
5.204274058341979980e-01
4.099861383438110352e-01
-3.149726986885070801e-02
5.333848595619201660e-01
3.713969588279724121e-01
-3.354908898472785950e-02
5.162009596824645996e-01
5.598953962326049805e-01
-2.044219523668289185e-02
5.509909987449645996e-01
4.814386963844299316e-01
-2.821507118642330170e-02
5.731649398803710938e-01
4.309205412864685059e-01
-3.256113454699516296e-02
5.943282842636108398e-01
3.955927491188049316e-01
-3.460701555013656616e-02
5.407364964485168457e-01
5.902321338653564453e-01
-2.381854131817817688e-02
5.572736263275146484e-01
5.422620773315429688e-01
-3.174824267625808716e-02
5.371891856193542480e-01
5.516670942306518555e-01
-2.961151674389839172e-02
5.207766890525817871e-01
5.731770992279052734e-01
-2.434662543237209320e-02
5.559443235397338867e-01
6.211143136024475098e-01
-2.757315151393413544e-02
5.498725175857543945e-01
5.853442549705505371e-01
-2.965807914733886719e-02
5.334892272949218750e-01
5.893656611442565918e-01
-2.274318225681781769e-02
5.241331458091735840e-01
6.048260927200317383e-01
-1.506979670375585556e-02
