4.961895942687988281e-01
4.677903354167938232e-01
1.921989678521640599e-07
4.819346666336059570e-01
4.117598533630371094e-01
1.419445849023759365e-03
4.929469823837280273e-01
3.663197159767150879e-01
-9.919990552589297295e-04
5.182080268859863281e-01
3.517441153526306152e-01
-5.417501088231801987e-03
5.380510687828063965e-01
3.498456776142120361e-01
-1.013226993381977081e-02
4.977818131446838379e-01
3.384748101234436035e-01
-4.408386070281267166e-03
4.949507713317871094e-01
2.846388816833496094e-01
-1.213882863521575928e-02
4.923773407936096191e-01
2.504811286926269531e-01
-1.707654818892478943e-02
4.920121133327484131e-01
2.246464788913726807e-01
-1.967272907495498657e-02
5.235460400581359863e-01
3.440752029418945312e-01
-1.114725414663553238e-02
5.350576639175415039e-01
2.858172357082366943e-01
-1.685781031847000122e-02
5.403167605400085449e-01
2.476708889007568359e-01
-2.097399905323982239e-02
5.479161143302917480e-01
2.197218686342239380e-01
-2.317414432764053345e-02
5.442950129508972168e-01
3.607414364814758301e-01
-1.752759888768196106e-02
5.543535351753234863e-01
3.199079036712646484e-01
-2.357240580022335052e-02
5.428573489189147949e-01
3.317001461982727051e-01
-2.239218354225158691e-02
5.347266197204589844e-01
3.487834930419921875e-01
-1.918389089405536652e-02
5.592760443687438965e-01
3.822893798351287842e-01
-2.406202815473079681e-02
5.551590919494628906e-01
3.572304844856262207e-01
-2.529627829790115356e-02
5.463137030601501465e-01
3.637092411518096924e-01
-1.961152255535125732e-02
5.425896644592285156e-01
3.754263818264007568e-01
-1.389999035745859146e-02
