4.506824612617492676e-01
4.655882716178894043e-01
1.706873007378817420e-07
4.477346539497375488e-01
4.100697636604309082e-01
3.356516594067215919e-03
4.645295143127441406e-01
3.689917325973510742e-01
1.659163855947554111e-03
4.870254099369049072e-01
3.583184480667114258e-01
-2.072732429951429367e-03
5.017688870429992676e-01
3.573069870471954346e-01
-5.869724787771701813e-03
4.666082859039306641e-01
3.438451886177062988e-01
-4.328676033765077591e-03
4.736751019954681396e-01
2.934133708477020264e-01
-1.218340452760457993e-02
4.753316938877105713e-01
2.598886191844940186e-01
-1.684310659766197205e-02
4.768269360065460205e-01
2.332723885774612427e-01
-1.913237757980823517e-02
4.886026680469512939e-01
3.535300493240356445e-01
-1.144293136894702911e-02
5.092781186103820801e-01
3.012601137161254883e-01
-1.694060489535331726e-02
5.209201574325561523e-01
2.690681517124176025e-01
-2.029718644917011261e-02
5.320532917976379395e-01
2.449476420879364014e-01
-2.202910371124744415e-02
5.069558620452880859e-01
3.737283647060394287e-01
-1.783088594675064087e-02
5.269855260848999023e-01
3.474210500717163086e-01
-2.355863153934478760e-02
5.180134177207946777e-01
3.610263764858245850e-01
-2.103934064507484436e-02
5.084969997406005859e-01
3.745707273483276367e-01
-1.699564047157764435e-02
5.207288861274719238e-01
3.983367383480072021e-01
-2.421918883919715881e-02
5.308700203895568848e-01
3.793942630290985107e-01
-2.425165660679340363e-02
5.231160521507263184e-01
3.889662921428680420e-01
-1.681963354349136353e-02
5.163628458976745605e-01
3.994286358356475830e-01
-1.013434678316116333e-02
