4.337686598300933838e-01
4.522777497768402100e-01
2.553833837737329304e-07
4.321416318416595459e-01
3.937502503395080566e-01
2.110319677740335464e-03
4.549371004104614258e-01
3.531179428100585938e-01
-6.193762237671762705e-05
4.810992181301116943e-01
3.433029949665069580e-01
-4.418851807713508606e-03
5.005322694778442383e-01
3.475928008556365967e-01
-8.741434663534164429e-03
4.632179737091064453e-01
3.263022303581237793e-01
-3.386656055226922035e-03
4.757135212421417236e-01
2.771069109439849854e-01
-1.229128986597061157e-02
4.845678508281707764e-01
2.445140480995178223e-01
-1.778184063732624054e-02
4.930853247642517090e-01
2.202034145593643188e-01
-2.057454548776149750e-02
4.869250357151031494e-01
3.403390645980834961e-01
-1.040058676153421402e-02
5.152657032012939453e-01
2.950656712055206299e-01
-1.783625595271587372e-02
5.339894890785217285e-01
2.657056450843811035e-01
-2.277960814535617828e-02
5.505785942077636719e-01
2.452429085969924927e-01
-2.506461739540100098e-02
5.036633014678955078e-01
3.632124364376068115e-01
-1.711403764784336090e-02
5.188089013099670410e-01
3.482063412666320801e-01
-2.464354224503040314e-02
5.058668851852416992e-01
3.572205603122711182e-01
-2.484763041138648987e-02
4.938469231128692627e-01
3.665274381637573242e-01
-2.212082408368587494e-02
5.129868984222412109e-01
3.879017829895019531e-01
-2.389807999134063721e-02
5.163422226905822754e-01
3.767135441303253174e-01
-2.552266232669353485e-02
5.064888000488281250e-01
3.838182687759399414e-01
-2.034498564898967743e-02
4.982041120529174805e-01
3.919868469238281250e-01
-1.491323113441467285e-02
