3.996933102607727051e-01
7.291973829269409180e-01
3.794962140091229230e-07
3.975112438201904297e-01
6.472228765487670898e-01
3.341403324156999588e-03
4.226684868335723877e-01
5.889662504196166992e-01
-3.306658705696463585e-03
4.577507376670837402e-01
5.748689174652099609e-01
-1.236562710255384445e-02
4.828963875770568848e-01
5.746774673461914062e-01
-2.135992422699928284e-02
4.289688766002655029e-01
5.557528734207153320e-01
-1.763992942869663239e-02
4.502683579921722412e-01
4.697220325469970703e-01
-3.188226744532585144e-02
4.617355763912200928e-01
4.167041778564453125e-01
-4.026979953050613403e-02
4.729644954204559326e-01
3.757189810276031494e-01
-4.476671665906906128e-02
4.581819474697113037e-01
5.789558291435241699e-01
-2.740441821515560150e-02
5.031743645668029785e-01
5.016357302665710449e-01
-3.729596361517906189e-02
5.305919647216796875e-01
4.509463310241699219e-01
-4.272448271512985229e-02
5.556387901306152344e-01
4.141466915607452393e-01
-4.643234983086585999e-02
4.821673929691314697e-01
6.121205091476440430e-01
-3.535675257444381714e-02
5.189044475555419922e-01
5.612006783485412598e-01
-4.241530969738960266e-02
5.022418498992919922e-01
5.731660723686218262e-01
-3.563539311289787292e-02
4.856199324131011963e-01
5.926927328109741211e-01
-2.845471538603305817e-02
5.004642605781555176e-01
6.474577784538269043e-01
-4.354463517665863037e-02
5.154313445091247559e-01
6.093079447746276855e-01
-4.354194551706314087e-02
5.026075839996337891e-01
6.188200116157531738e-01
-3.145029768347740173e-02
4.933388233184814453e-01
6.349784731864929199e-01
-2.072673663496971130e-02
