4.425861835479736328e-01
7.192487120628356934e-01
2.985581488701427588e-07
4.282839298248291016e-01
6.339781284332275391e-01
-9.815063094720244408e-04
4.569502770900726318e-01
5.705636739730834961e-01
-2.834961749613285065e-03
5.006464123725891113e-01
5.479774475097656250e-01
-4.442154429852962494e-03
5.346825718879699707e-01
5.480605363845825195e-01
-5.538636352866888046e-03
4.746293127536773682e-01
5.385232567787170410e-01
-1.722274720668792725e-02
4.979723393917083740e-01
4.552299082279205322e-01
-2.712428756058216095e-02
5.136566162109375000e-01
4.034538865089416504e-01
-3.128884732723236084e-02
5.268416404724121094e-01
3.644442260265350342e-01
-3.229635208845138550e-02
5.083712339401245117e-01
5.568661689758300781e-01
-2.017323672771453857e-02
5.403547883033752441e-01
4.783728420734405518e-01
-2.484042383730411530e-02
5.603787302970886230e-01
4.323741793632507324e-01
-2.623350359499454498e-02
5.787650942802429199e-01
4.017644524574279785e-01
-2.639360725879669189e-02
5.335296988487243652e-01
5.848919153213500977e-01
-2.179990336298942566e-02
5.467863082885742188e-01
5.444691777229309082e-01
-2.546286582946777344e-02
5.276030898094177246e-01
5.503048896789550781e-01
-2.231602929532527924e-02
5.118822455406188965e-01
5.683166384696960449e-01
-1.764126867055892944e-02
5.491909980773925781e-01
6.146773695945739746e-01
-2.377237379550933838e-02
5.429083108901977539e-01
5.873799324035644531e-01
-2.158399671316146851e-02
5.252610445022583008e-01
5.918077230453491211e-01
-1.407403219491243362e-02
5.147764086723327637e-01
6.055892705917358398e-01
-6.905691698193550110e-03
