3.991155326366424561e-01
7.210706472396850586e-01
4.466534448965830961e-07
3.963025212287902832e-01
6.432955861091613770e-01
2.505578333511948586e-03
4.226393401622772217e-01
5.879510641098022461e-01
-3.671888029202818871e-03
4.558375179767608643e-01
5.723508596420288086e-01
-1.203628722578287125e-02
4.753427207469940186e-01
5.680815577507019043e-01
-2.095465548336505890e-02
4.363158345222473145e-01
5.532270073890686035e-01
-1.963693276047706604e-02
4.695928096771240234e-01
4.707804024219512939e-01
-3.175963833928108215e-02
4.885250329971313477e-01
4.230076670646667480e-01
-3.741984814405441284e-02
5.049833059310913086e-01
3.865178227424621582e-01
-3.953056782484054565e-02
4.639418423175811768e-01
5.783005356788635254e-01
-2.857917547225952148e-02
5.080291628837585449e-01
4.998393356800079346e-01
-3.729777038097381592e-02
5.356312990188598633e-01
4.521563053131103516e-01
-4.036272317171096802e-02
5.601731538772583008e-01
4.188123643398284912e-01
-4.207808524370193481e-02
4.852088391780853271e-01
6.116659641265869141e-01
-3.583808988332748413e-02
5.221042037010192871e-01
5.586760044097900391e-01
-4.375927522778511047e-02
5.037657022476196289e-01
5.691734552383422852e-01
-3.801747038960456848e-02
4.853293001651763916e-01
5.891464352607727051e-01
-3.081633523106575012e-02
5.004048347473144531e-01
6.454947590827941895e-01
-4.298050329089164734e-02
5.181658864021301270e-01
5.985646247863769531e-01
-4.410919174551963806e-02
5.029360055923461914e-01
6.038008928298950195e-01
-3.359350189566612244e-02
4.899994432926177979e-01
6.188576817512512207e-01
-2.377314120531082153e-02
