4.080488085746765137e-01
7.694064378738403320e-01
3.523495024637668394e-07
3.993472754955291748e-01
6.866294145584106445e-01
-8.689307607710361481e-03
4.213963150978088379e-01
6.280850768089294434e-01
-1.781096495687961578e-02
4.600909948348999023e-01
6.134119033813476562e-01
-2.507296204566955566e-02
4.864442050457000732e-01
6.252323389053344727e-01
-3.364631906151771545e-02
4.448511898517608643e-01
6.222780942916870117e-01
-3.883234038949012756e-02
4.745481312274932861e-01
5.330464243888854980e-01
-5.491831153631210327e-02
4.926058053970336914e-01
4.784162640571594238e-01
-6.213965266942977905e-02
5.072836279869079590e-01
4.376345574855804443e-01
-6.485713273286819458e-02
4.789196848869323730e-01
6.490929722785949707e-01
-4.198894649744033813e-02
5.218301415443420410e-01
5.598532557487487793e-01
-5.519460141658782959e-02
5.500349998474121094e-01
5.042555928230285645e-01
-6.202456727623939514e-02
5.735083818435668945e-01
4.633459746837615967e-01
-6.502094119787216187e-02
5.025860071182250977e-01
6.752683520317077637e-01
-4.349742457270622253e-02
5.334723591804504395e-01
5.954097509384155273e-01
-5.491822957992553711e-02
5.495468378067016602e-01
5.510826706886291504e-01
-6.109365448355674744e-02
5.630763769149780273e-01
5.241528749465942383e-01
-6.331853568553924561e-02
5.166708230972290039e-01
6.962418556213378906e-01
-4.490296915173530579e-02
5.258691310882568359e-01
6.333304047584533691e-01
-5.136012658476829529e-02
5.198178887367248535e-01
6.105889081954956055e-01
-4.900631308555603027e-02
5.162844061851501465e-01
6.042764186859130859e-01
-4.535038769245147705e-02
