4.192022085189819336e-01
7.865853905677795410e-01
3.740464933343901066e-07
4.000518321990966797e-01
7.028049826622009277e-01
-1.916307955980300903e-02
4.205470681190490723e-01
6.334793567657470703e-01
-3.417734429240226746e-02
4.665921926498413086e-01
6.092008352279663086e-01
-4.278136044740676880e-02
4.986878633499145508e-01
6.147649288177490234e-01
-5.145467445254325867e-02
4.550869166851043701e-01
6.594524383544921875e-01
-6.681539863348007202e-02
4.905232191085815430e-01
5.731514692306518555e-01
-8.635243028402328491e-02
5.134869813919067383e-01
5.265167355537414551e-01
-9.642234444618225098e-02
5.333429574966430664e-01
4.890472888946533203e-01
-1.028074771165847778e-01
4.921053349971771240e-01
6.857523322105407715e-01
-6.057105958461761475e-02
5.389465093612670898e-01
5.962751507759094238e-01
-7.443483918905258179e-02
5.705143213272094727e-01
5.441412329673767090e-01
-7.648736238479614258e-02
5.965319871902465820e-01
5.054334402084350586e-01
-7.857151329517364502e-02
5.155044198036193848e-01
7.075046896934509277e-01
-5.125411227345466614e-02
5.317879319190979004e-01
6.248424649238586426e-01
-5.823815241456031799e-02
5.132697820663452148e-01
6.170390844345092773e-01
-4.826167598366737366e-02
4.952730536460876465e-01
6.321288943290710449e-01
-4.028970003128051758e-02
5.269144773483276367e-01
7.221220135688781738e-01
-4.340855032205581665e-02
5.298256874084472656e-01
6.543127894401550293e-01
-5.045762285590171814e-02
5.118779540061950684e-01
6.475152969360351562e-01
-4.320862889289855957e-02
4.980521798133850098e-01
6.620294451713562012e-01
-3.577628731727600098e-02
