4.591322839260101318e-01
7.331399321556091309e-01
3.151573650939099025e-07
4.469991028308868408e-01
6.453468203544616699e-01
-2.674184273928403854e-03
4.823645651340484619e-01
5.773441791534423828e-01
-5.639789160341024399e-03
5.294761657714843750e-01
5.584918260574340820e-01
-8.048920892179012299e-03
5.638170838356018066e-01
5.567241907119750977e-01
-9.553637355566024780e-03
4.952013492584228516e-01
5.538548231124877930e-01
-2.012503333389759064e-02
5.218956470489501953e-01
4.697268903255462646e-01
-2.925615571439266205e-02
5.382720232009887695e-01
4.180139601230621338e-01
-3.284522518515586853e-02
5.531488060951232910e-01
3.760862648487091064e-01
-3.439947590231895447e-02
5.291865468025207520e-01
5.757769942283630371e-01
-2.344467490911483765e-02
5.613619685173034668e-01
4.917323291301727295e-01
-2.980083599686622620e-02
5.840469598770141602e-01
4.382421374320983887e-01
-3.339333459734916687e-02
6.063903570175170898e-01
3.991152048110961914e-01
-3.616822883486747742e-02
5.554520487785339355e-01
6.041646599769592285e-01
-2.524921298027038574e-02
5.744733214378356934e-01
5.491154789924621582e-01
-3.273430094122886658e-02
5.528183579444885254e-01
5.590716004371643066e-01
-3.076373971998691559e-02
5.343700051307678223e-01
5.816358923912048340e-01
-2.646171301603317261e-02
5.731652379035949707e-01
6.306694746017456055e-01
-2.728121355175971985e-02
5.650218725204467773e-01
5.910018682479858398e-01
-2.981117926537990570e-02
5.448967218399047852e-01
5.964877605438232422e-01
-2.432651072740554810e-02
5.339618921279907227e-01
6.135157346725463867e-01
-1.837025582790374756e-02
