4.179734885692596436e-01
8.105010986328125000e-01
3.635181258232478285e-07
4.041639566421508789e-01
7.349228262901306152e-01
-1.531609706580638885e-02
4.341427683830261230e-01
6.763733625411987305e-01
-2.895497903227806091e-02
4.823985099792480469e-01
6.633224487304687500e-01
-3.852546960115432739e-02
5.136204957962036133e-01
6.733487844467163086e-01
-4.827456176280975342e-02
4.504054486751556396e-01
6.904577016830444336e-01
-5.479022860527038574e-02
4.909507036209106445e-01
6.204511523246765137e-01
-7.405183464288711548e-02
5.150485038757324219e-01
5.779374241828918457e-01
-8.360572904348373413e-02
5.361111760139465332e-01
5.449516773223876953e-01
-8.948571979999542236e-02
4.801816642284393311e-01
7.294252514839172363e-01
-5.485243722796440125e-02
5.355387926101684570e-01
6.567784547805786133e-01
-7.223135977983474731e-02
5.693287253379821777e-01
6.126465201377868652e-01
-7.789277285337448120e-02
6.010415554046630859e-01
5.801893472671508789e-01
-8.164172619581222534e-02
5.029422640800476074e-01
7.652884721755981445e-01
-5.265482887625694275e-02
5.446429848670959473e-01
6.926767826080322266e-01
-7.165568321943283081e-02
5.234947204589843750e-01
6.914293169975280762e-01
-6.745810806751251221e-02
5.011914968490600586e-01
7.109724283218383789e-01
-5.963957682251930237e-02
5.192605257034301758e-01
7.925409674644470215e-01
-5.066324397921562195e-02
5.420962572097778320e-01
7.266705036163330078e-01
-6.666424125432968140e-02
5.231999754905700684e-01
7.233131527900695801e-01
-6.210048496723175049e-02
5.066203474998474121e-01
7.421144247055053711e-01
-5.459526181221008301e-02
