4.428319036960601807e-01
7.163506746292114258e-01
3.069312413117586402e-07
4.301996231079101562e-01
6.268241405487060547e-01
-1.672612968832254410e-03
4.571339488029479980e-01
5.608553290367126465e-01
-5.390806123614311218e-03
4.990685880184173584e-01
5.441114306449890137e-01
-9.952686727046966553e-03
5.326230525970458984e-01
5.469855070114135742e-01
-1.402700133621692657e-02
4.748734235763549805e-01
5.279049277305603027e-01
-1.538154389709234238e-02
5.001353025436401367e-01
4.488481283187866211e-01
-2.553343772888183594e-02
5.147538781166076660e-01
3.996922373771667480e-01
-3.075687028467655182e-02
5.276832580566406250e-01
3.611754775047302246e-01
-3.325451910495758057e-02
5.100927352905273438e-01
5.489771366119384766e-01
-2.058647014200687408e-02
5.417456626892089844e-01
4.722079634666442871e-01
-2.752633206546306610e-02
5.607855319976806641e-01
4.229051470756530762e-01
-3.225146606564521790e-02
5.788016319274902344e-01
3.869911432266235352e-01
-3.520848974585533142e-02
5.372031331062316895e-01
5.797386169433593750e-01
-2.465886250138282776e-02
5.502392053604125977e-01
5.366341471672058105e-01
-3.159288316965103149e-02
5.300852060317993164e-01
5.453238487243652344e-01
-3.040993399918079376e-02
5.131620764732360840e-01
5.635076165199279785e-01
-2.680330164730548859e-02
5.541162490844726562e-01
6.106511950492858887e-01
-2.915182150900363922e-02
5.460083484649658203e-01
5.787348151206970215e-01
-3.025449439883232117e-02
5.295652151107788086e-01
5.851552486419677734e-01
-2.349919639527797699e-02
5.198043584823608398e-01
6.003931164741516113e-01
-1.657787524163722992e-02
