4.322076141834259033e-01
4.426626563072204590e-01
2.765694091522163944e-07
4.351539313793182373e-01
3.852281570434570312e-01
2.104756422340869904e-03
4.597931802272796631e-01
3.450382947921752930e-01
-1.318815164268016815e-03
4.886975884437561035e-01
3.372564315795898438e-01
-6.873243954032659531e-03
5.097772479057312012e-01
3.437402248382568359e-01
-1.214301865547895432e-02
4.622463285923004150e-01
3.187150359153747559e-01
-5.734665319323539734e-03
4.771300256252288818e-01
2.718336582183837891e-01
-1.494039501994848251e-02
4.848122894763946533e-01
2.398314177989959717e-01
-2.037218026816844940e-02
4.913020133972167969e-01
2.147662788629531860e-01
-2.343712188303470612e-02
4.823009371757507324e-01
3.333587348461151123e-01
-1.427891571074724197e-02
5.145036578178405762e-01
2.885639965534210205e-01
-2.237964607775211334e-02
5.328207015991210938e-01
2.596614956855773926e-01
-2.761427499353885651e-02
5.489344000816345215e-01
2.377318739891052246e-01
-3.031327947974205017e-02
4.975318908691406250e-01
3.580054342746734619e-01
-2.222593128681182861e-02
5.223988294601440430e-01
3.430420458316802979e-01
-3.031094744801521301e-02
5.101143717765808105e-01
3.549452126026153564e-01
-2.843948267400264740e-02
4.984902441501617432e-01
3.643628358840942383e-01
-2.443823218345642090e-02
5.073748230934143066e-01
3.863159716129302979e-01
-3.033043816685676575e-02
5.189810395240783691e-01
3.761257231235504150e-01
-3.159910812973976135e-02
5.082898736000061035e-01
3.846042454242706299e-01
-2.429282665252685547e-02
4.993548989295959473e-01
3.927105367183685303e-01
-1.764675229787826538e-02
