4.599980115890502930e-01
7.109987735748291016e-01
2.743930451742926380e-07
4.400213360786437988e-01
6.296638250350952148e-01
7.615496870130300522e-03
4.649937748908996582e-01
5.739856362342834473e-01
8.035088889300823212e-03
5.024651885032653809e-01
5.524522662162780762e-01
6.835443433374166489e-03
5.306877493858337402e-01
5.523070693016052246e-01
4.880925174802541733e-03
4.808417856693267822e-01
5.436667799949645996e-01
-1.132555771619081497e-02
5.064430236816406250e-01
4.668492078781127930e-01
-2.385138534009456635e-02
5.207554101943969727e-01
4.165611863136291504e-01
-3.450137376785278320e-02
5.358042716979980469e-01
3.787866532802581787e-01
-4.078453034162521362e-02
5.124380588531494141e-01
5.604696869850158691e-01
-1.655552908778190613e-02
5.425437688827514648e-01
4.825990200042724609e-01
-1.971008442342281342e-02
5.622692108154296875e-01
4.323646724224090576e-01
-2.455214597284793854e-02
5.808195471763610840e-01
3.961091935634613037e-01
-2.890870720148086548e-02
5.385811924934387207e-01
5.881742238998413086e-01
-1.920142583549022675e-02
5.569001436233520508e-01
5.396519303321838379e-01
-1.702017150819301605e-02
5.380238294601440430e-01
5.483471155166625977e-01
-1.136326976120471954e-02
5.215228199958801270e-01
5.691860318183898926e-01
-6.832828745245933533e-03
5.548287034034729004e-01
6.182824969291687012e-01
-2.185134962201118469e-02
5.496393442153930664e-01
5.910172462463378906e-01
-1.704791747033596039e-02
5.329400300979614258e-01
5.965126752853393555e-01
-8.217809721827507019e-03
5.246985554695129395e-01
6.107124090194702148e-01
-3.061289025936275721e-04
