5.084333419799804688e-01
4.720281064510345459e-01
1.706697645431631827e-07
4.897366464138031006e-01
4.162458181381225586e-01
-4.481069336179643869e-04
4.973873794078826904e-01
3.703045845031738281e-01
-3.605167381465435028e-03
5.228695869445800781e-01
3.568626940250396729e-01
-8.278849534690380096e-03
5.434468984603881836e-01
3.561930954456329346e-01
-1.314564514905214310e-02
5.053625106811523438e-01
3.434931635856628418e-01
-6.598984356969594955e-03
4.981684982776641846e-01
2.890180945396423340e-01
-1.536189764738082886e-02
4.922471940517425537e-01
2.549719512462615967e-01
-2.102476358413696289e-02
4.888346195220947266e-01
2.291323691606521606e-01
-2.412572316825389862e-02
5.317236185073852539e-01
3.488935232162475586e-01
-1.247023511677980423e-02
5.398542881011962891e-01
2.890439927577972412e-01
-1.952841877937316895e-02
5.422862768173217773e-01
2.493965029716491699e-01
-2.469098567962646484e-02
5.473753809928894043e-01
2.204925864934921265e-01
-2.775329910218715668e-02
5.518578886985778809e-01
3.645017743110656738e-01
-1.806067302823066711e-02
5.593430399894714355e-01
3.210427165031433105e-01
-2.689812518656253815e-02
5.464633107185363770e-01
3.324491977691650391e-01
-2.749911695718765259e-02
5.374994874000549316e-01
3.505052030086517334e-01
-2.506020851433277130e-02
5.651087760925292969e-01
3.837903141975402832e-01
-2.370133809745311737e-02
5.567311644554138184e-01
3.575783669948577881e-01
-2.853851765394210815e-02
5.467176437377929688e-01
3.650006651878356934e-01
-2.478254400193691254e-02
5.428943634033203125e-01
3.786032795906066895e-01
-1.996316201984882355e-02
