4.092573523521423340e-01
8.071841001510620117e-01
4.204904655580321560e-07
3.973360359668731689e-01
7.283291220664978027e-01
-1.630191691219806671e-02
4.213162064552307129e-01
6.684799790382385254e-01
-3.012523800134658813e-02
4.653226733207702637e-01
6.507753133773803711e-01
-3.986043855547904968e-02
4.943160414695739746e-01
6.567240357398986816e-01
-4.960833862423896790e-02
4.452248811721801758e-01
6.812264919281005859e-01
-5.595458298921585083e-02
4.864295721054077148e-01
6.044882535934448242e-01
-7.632213830947875977e-02
5.114298462867736816e-01
5.570344924926757812e-01
-8.620712906122207642e-02
5.322616100311279297e-01
5.227777361869812012e-01
-9.100350737571716309e-02
4.766096472740173340e-01
7.160546183586120605e-01
-5.445161834359169006e-02
5.322150588035583496e-01
6.359144449234008789e-01
-7.174464315176010132e-02
5.660355687141418457e-01
5.862293243408203125e-01
-7.700619101524353027e-02
5.955675244331359863e-01
5.526771545410156250e-01
-7.957905530929565430e-02
5.004341006278991699e-01
7.469863891601562500e-01
-5.090451240539550781e-02
5.407540798187255859e-01
6.723162531852722168e-01
-6.789583712816238403e-02
5.229376554489135742e-01
6.623187065124511719e-01
-6.526110321283340454e-02
5.033833980560302734e-01
6.765152812004089355e-01
-5.849463865160942078e-02
5.167025327682495117e-01
7.685064077377319336e-01
-4.772263392806053162e-02
5.421786904335021973e-01
7.013401389122009277e-01
-6.010714173316955566e-02
5.267015695571899414e-01
6.905168890953063965e-01
-5.544712021946907043e-02
5.114402770996093750e-01
7.039138674736022949e-01
-4.798038676381111145e-02
