4.084685742855072021e-01
7.537082433700561523e-01
3.691368419822538272e-07
4.001084268093109131e-01
6.674543023109436035e-01
6.172092980705201626e-04
4.233612716197967529e-01
6.081197261810302734e-01
-5.690645892173051834e-03
4.614655077457427979e-01
5.840029716491699219e-01
-1.435131486505270004e-02
4.865186512470245361e-01
5.803869962692260742e-01
-2.336111478507518768e-02
4.390278756618499756e-01
5.855851173400878906e-01
-1.911022886633872986e-02
4.645025432109832764e-01
4.990502893924713135e-01
-3.264198079705238342e-02
4.831649065017700195e-01
4.539075493812561035e-01
-3.933297097682952881e-02
5.012080073356628418e-01
4.199669361114501953e-01
-4.152122139930725098e-02
4.689957499504089355e-01
6.108959913253784180e-01
-2.661962807178497314e-02
5.059259533882141113e-01
5.272664427757263184e-01
-3.859238326549530029e-02
5.329234004020690918e-01
4.751894176006317139e-01
-4.434604197740554810e-02
5.564974546432495117e-01
4.388583302497863770e-01
-4.704870283603668213e-02
4.932153820991516113e-01
6.397088170051574707e-01
-3.285841271281242371e-02
5.135097503662109375e-01
5.791976451873779297e-01
-4.502727463841438293e-02
4.982602596282958984e-01
5.847890973091125488e-01
-4.480773583054542542e-02
4.832460582256317139e-01
6.025561690330505371e-01
-4.002273082733154297e-02
5.125312209129333496e-01
6.656904816627502441e-01
-3.891351073980331421e-02
5.194107294082641602e-01
6.125814914703369141e-01
-4.312707856297492981e-02
5.051152706146240234e-01
6.158164143562316895e-01
-3.634299337863922119e-02
4.935708045959472656e-01
6.313965916633605957e-01
-2.856856770813465118e-02
