4.445928335189819336e-01
7.198293209075927734e-01
3.092877989274711581e-07
4.276796579360961914e-01
6.344332695007324219e-01
-9.960226016119122505e-04
4.506446123123168945e-01
5.711775422096252441e-01
-2.927615307271480560e-03
4.887599050998687744e-01
5.471965670585632324e-01
-5.398356355726718903e-03
5.183609127998352051e-01
5.476605892181396484e-01
-7.689646445214748383e-03
4.748964905738830566e-01
5.369263887405395508e-01
-1.435219496488571167e-02
4.956294000148773193e-01
4.553149342536926270e-01
-2.411061525344848633e-02
5.097418427467346191e-01
4.051675498485565186e-01
-2.852112427353858948e-02
5.213923454284667969e-01
3.670746982097625732e-01
-2.953449450433254242e-02
5.085310339927673340e-01
5.543887615203857422e-01
-1.788142137229442596e-02
5.388273000717163086e-01
4.757267832756042480e-01
-2.340290322899818420e-02
5.578472614288330078e-01
4.285188615322113037e-01
-2.531746402382850647e-02
5.745301246643066406e-01
3.962330520153045654e-01
-2.504772320389747620e-02
5.330822467803955078e-01
5.825652480125427246e-01
-2.038497850298881531e-02
5.417909622192382812e-01
5.404335856437683105e-01
-2.509282156825065613e-02
5.239361524581909180e-01
5.480300188064575195e-01
-2.271765097975730896e-02
5.093728303909301758e-01
5.672467947006225586e-01
-1.764966547489166260e-02
5.479204654693603516e-01
6.128813624382019043e-01
-2.322323620319366455e-02
5.424116849899291992e-01
5.821851491928100586e-01
-2.189146541059017181e-02
5.267349481582641602e-01
5.878793597221374512e-01
-1.422337349504232407e-02
5.166134238243103027e-01
6.035917401313781738e-01
-6.196949165314435959e-03
