4.463713467121124268e-01
7.189003229141235352e-01
3.526389775743155042e-07
4.302673339843750000e-01
6.347635388374328613e-01
-2.012060023844242096e-03
4.563015699386596680e-01
5.687766671180725098e-01
-4.156640265136957169e-03
4.962660670280456543e-01
5.496488809585571289e-01
-6.866880226880311966e-03
5.267579555511474609e-01
5.536335706710815430e-01
-9.267310611903667450e-03
4.765622913837432861e-01
5.349074602127075195e-01
-1.345573179423809052e-02
4.987396895885467529e-01
4.572235941886901855e-01
-2.396221458911895752e-02
5.125010609626770020e-01
4.066828489303588867e-01
-2.933600544929504395e-02
5.241842269897460938e-01
3.682179152965545654e-01
-3.167190030217170715e-02
5.113044381141662598e-01
5.549432635307312012e-01
-1.737605780363082886e-02
5.446625947952270508e-01
4.819754660129547119e-01
-2.522893436253070831e-02
5.661315917968750000e-01
4.344809651374816895e-01
-2.976560778915882111e-02
5.863142013549804688e-01
4.012993276119232178e-01
-3.171587362885475159e-02
5.364403724670410156e-01
5.844596028327941895e-01
-2.049498260021209717e-02
5.495343208312988281e-01
5.429453253746032715e-01
-2.887841686606407166e-02
5.294739603996276855e-01
5.509585738182067871e-01
-2.830006554722785950e-02
5.131052732467651367e-01
5.705416202545166016e-01
-2.403076738119125366e-02
5.525448918342590332e-01
6.147749423980712891e-01
-2.389357611536979675e-02
5.446215867996215820e-01
5.847617387771606445e-01
-2.707378193736076355e-02
5.280321836471557617e-01
5.893102884292602539e-01
-2.181782945990562439e-02
5.179479122161865234e-01
6.042026281356811523e-01
-1.513597741723060608e-02
