4.419262707233428955e-01
7.242097258567810059e-01
2.949768145299458411e-07
4.266495108604431152e-01
6.385236978530883789e-01
-1.638742513023316860e-03
4.543045461177825928e-01
5.737528800964355469e-01
-4.063774365931749344e-03
4.981895983219146729e-01
5.493811964988708496e-01
-6.772891618311405182e-03
5.310947299003601074e-01
5.477307438850402832e-01
-8.859622292220592499e-03
4.736143946647644043e-01
5.402797460556030273e-01
-1.527414564043283463e-02
4.969644844532012939e-01
4.598127305507659912e-01
-2.534082159399986267e-02
5.125033259391784668e-01
4.090371727943420410e-01
-3.015019372105598450e-02
5.255256891250610352e-01
3.699895739555358887e-01
-3.187549114227294922e-02
5.075533390045166016e-01
5.593786835670471191e-01
-1.925913058221340179e-02
5.377613306045532227e-01
4.825028181076049805e-01
-2.514591440558433533e-02
5.575806498527526855e-01
4.349168241024017334e-01
-2.785428054630756378e-02
5.762658119201660156e-01
4.018176794052124023e-01
-2.892272919416427612e-02
5.326815843582153320e-01
5.877026915550231934e-01
-2.223193272948265076e-02
5.434533953666687012e-01
5.457733869552612305e-01
-2.776460163295269012e-02
5.248344540596008301e-01
5.535241365432739258e-01
-2.517710812389850616e-02
5.098841190338134766e-01
5.725476145744323730e-01
-2.044519595801830292e-02
5.484548807144165039e-01
6.176146268844604492e-01
-2.569436095654964447e-02
5.413152575492858887e-01
5.877500772476196289e-01
-2.508512511849403381e-02
5.248506665229797363e-01
5.926423668861389160e-01
-1.787239499390125275e-02
5.153224468231201172e-01
6.071861386299133301e-01
-1.064362283796072006e-02
