4.700365066528320312e-01
4.707313776016235352e-01
2.488694121893786360e-07
4.566223621368408203e-01
4.120199084281921387e-01
-6.698400829918682575e-04
4.726371169090270996e-01
3.642298877239227295e-01
-2.032908610999584198e-03
4.983255863189697266e-01
3.474642038345336914e-01
-4.540473222732543945e-03
5.142321586608886719e-01
3.435125350952148438e-01
-7.046236190944910049e-03
4.864068329334259033e-01
3.356088399887084961e-01
-5.781132727861404419e-03
4.909967184066772461e-01
2.782654166221618652e-01
-1.349264010787010193e-02
4.953863918781280518e-01
2.419697195291519165e-01
-1.851124688982963562e-02
5.003593564033508301e-01
2.143212705850601196e-01
-2.113565616309642792e-02
5.121349692344665527e-01
3.477535843849182129e-01
-1.019068807363510132e-02
5.307763814926147461e-01
2.920038998126983643e-01
-1.625647395849227905e-02
5.433825254440307617e-01
2.569018602371215820e-01
-2.107906900346279144e-02
5.555207729339599609e-01
2.319862991571426392e-01
-2.365359663963317871e-02
5.289138555526733398e-01
3.684798777103424072e-01
-1.436965353786945343e-02
5.363233685493469238e-01
3.365964889526367188e-01
-2.138875052332878113e-02
5.228732824325561523e-01
3.407582044601440430e-01
-2.247309312224388123e-02
5.124751925468444824e-01
3.501826822757720947e-01
-2.051758766174316406e-02
5.377346277236938477e-01
3.902420997619628906e-01
-1.861242204904556274e-02
5.336388349533081055e-01
3.640719056129455566e-01
-2.207535505294799805e-02
5.227857828140258789e-01
3.663485348224639893e-01
-1.837428472936153412e-02
5.150307416915893555e-01
3.757123351097106934e-01
-1.366653479635715485e-02
