3.921813964843750000e-01
7.267897725105285645e-01
4.275764808880921919e-07
3.893189430236816406e-01
6.398582458496093750e-01
5.567129701375961304e-03
4.204223752021789551e-01
5.789266824722290039e-01
2.216446213424205780e-03
4.584577083587646484e-01
5.625687837600708008e-01
-4.644665401428937912e-03
4.821388721466064453e-01
5.609870553016662598e-01
-1.166217029094696045e-02
4.335863590240478516e-01
5.422495007514953613e-01
-7.983683608472347260e-03
4.697388708591461182e-01
4.614039063453674316e-01
-1.855773106217384338e-02
4.885662198066711426e-01
4.111873507499694824e-01
-2.438729442656040192e-02
5.036104917526245117e-01
3.725171685218811035e-01
-2.719969116151332855e-02
4.612344801425933838e-01
5.671901702880859375e-01
-1.926151104271411896e-02
5.062326192855834961e-01
4.913315176963806152e-01
-2.744748443365097046e-02
5.345350503921508789e-01
4.421225190162658691e-01
-3.278059512376785278e-02
5.593496561050415039e-01
4.073249101638793945e-01
-3.611331433057785034e-02
4.821770787239074707e-01
6.020806431770324707e-01
-2.932064235210418701e-02
5.179841518402099609e-01
5.570695400238037109e-01
-3.727432712912559509e-02
4.989169836044311523e-01
5.683170557022094727e-01
-3.473225980997085571e-02
4.790464043617248535e-01
5.851781368255615234e-01
-3.005596250295639038e-02
4.965686798095703125e-01
6.395304799079895020e-01
-3.923628479242324829e-02
5.093343853950500488e-01
6.055628061294555664e-01
-4.062271118164062500e-02
4.923146963119506836e-01
6.118044853210449219e-01
-3.219138830900192261e-02
4.774335920810699463e-01
6.246192455291748047e-01
-2.407064847648143768e-02
