4.537246227264404297e-01
7.306029796600341797e-01
3.433139283970376709e-07
4.429719448089599609e-01
6.425564885139465332e-01
-4.203597083687782288e-03
4.789000749588012695e-01
5.763227343559265137e-01
-8.468743413686752319e-03
5.267064571380615234e-01
5.551937222480773926e-01
-1.251497305929660797e-02
5.618141889572143555e-01
5.498237609863281250e-01
-1.521171350032091141e-02
4.935193657875061035e-01
5.500121116638183594e-01
-1.861387863755226135e-02
5.199139714241027832e-01
4.673981964588165283e-01
-3.012766130268573761e-02
5.366342067718505859e-01
4.154348969459533691e-01
-3.553881123661994934e-02
5.512653589248657227e-01
3.744933605194091797e-01
-3.772642463445663452e-02
5.276712179183959961e-01
5.729468464851379395e-01
-2.244726568460464478e-02
5.608020424842834473e-01
4.906341433525085449e-01
-3.146750107407569885e-02
5.846258997917175293e-01
4.364731907844543457e-01
-3.645852208137512207e-02
6.082821488380432129e-01
3.971009254455566406e-01
-3.933823853731155396e-02
5.528069138526916504e-01
6.019275784492492676e-01
-2.534588426351547241e-02
5.682384371757507324e-01
5.489100217819213867e-01
-3.515245765447616577e-02
5.467438697814941406e-01
5.570343136787414551e-01
-3.279199823737144470e-02
5.296400189399719238e-01
5.777050852775573730e-01
-2.726378478109836578e-02
5.687166452407836914e-01
6.288775205612182617e-01
-2.870534546673297882e-02
5.613193511962890625e-01
5.892488956451416016e-01
-3.092501312494277954e-02
5.424768328666687012e-01
5.929260253906250000e-01
-2.357632480561733246e-02
5.321720242500305176e-01
6.082665920257568359e-01
-1.592316664755344391e-02
