3.963196873664855957e-01
7.245138287544250488e-01
3.459170443420589436e-07
3.949013352394104004e-01
6.491891145706176758e-01
1.121947658248245716e-03
4.227414131164550781e-01
5.886489748954772949e-01
-3.767734859138727188e-03
4.585874378681182861e-01
5.628935098648071289e-01
-1.157203223556280136e-02
4.838637709617614746e-01
5.545421242713928223e-01
-1.928668841719627380e-02
4.347468316555023193e-01
5.588033199310302734e-01
-1.156730204820632935e-02
4.621995091438293457e-01
4.835362434387207031e-01
-2.447863481938838959e-02
4.815388321876525879e-01
4.381788372993469238e-01
-3.227414190769195557e-02
4.996908009052276611e-01
4.070056080818176270e-01
-3.610726445913314819e-02
4.593980610370635986e-01
5.791689157485961914e-01
-2.106180042028427124e-02
5.017275810241699219e-01
5.074328780174255371e-01
-3.199538961052894592e-02
5.326668024063110352e-01
4.629911184310913086e-01
-3.871251270174980164e-02
5.591244697570800781e-01
4.327262341976165771e-01
-4.232702031731605530e-02
4.800103008747100830e-01
6.093129515647888184e-01
-3.003169223666191101e-02
5.176483392715454102e-01
5.565152168273925781e-01
-3.841760754585266113e-02
5.158558487892150879e-01
5.490204691886901855e-01
-3.646930307149887085e-02
5.103373527526855469e-01
5.498235821723937988e-01
-3.280669078230857849e-02
4.975942969322204590e-01
6.438035368919372559e-01
-3.945043310523033142e-02
5.209717750549316406e-01
5.988594889640808105e-01
-4.109863936901092529e-02
5.166357755661010742e-01
5.927833318710327148e-01
-3.304767236113548279e-02
5.097830295562744141e-01
5.958086848258972168e-01
-2.553724870085716248e-02
