4.001519083976745605e-01
7.148179411888122559e-01
3.529350749431614531e-07
4.010022282600402832e-01
6.345959901809692383e-01
3.501215716823935509e-03
4.303301274776458740e-01
5.815594792366027832e-01
-3.682305570691823959e-03
4.678877890110015869e-01
5.741778612136840820e-01
-1.302600745111703873e-02
4.944170415401458740e-01
5.799095630645751953e-01
-2.288186363875865936e-02
4.390595853328704834e-01
5.490045547485351562e-01
-2.247818000614643097e-02
4.686709642410278320e-01
4.638685584068298340e-01
-3.644189983606338501e-02
4.840142726898193359e-01
4.121297895908355713e-01
-4.330810904502868652e-02
4.972892403602600098e-01
3.724859356880187988e-01
-4.673406481742858887e-02
4.675460159778594971e-01
5.742712616920471191e-01
-3.254816308617591858e-02
5.123009085655212402e-01
4.930776357650756836e-01
-4.204529523849487305e-02
5.378752946853637695e-01
4.436527490615844727e-01
-4.600872099399566650e-02
5.601980090141296387e-01
4.086643159389495850e-01
-4.883428663015365601e-02
4.899410903453826904e-01
6.099382638931274414e-01
-4.033557325601577759e-02
5.296772122383117676e-01
5.568288564682006836e-01
-4.707525297999382019e-02
5.113525390625000000e-01
5.699971914291381836e-01
-3.878191486001014709e-02
4.923979938030242920e-01
5.897345542907714844e-01
-3.094128891825675964e-02
5.056242942810058594e-01
6.477100849151611328e-01
-4.824803397059440613e-02
5.182411670684814453e-01
6.091850996017456055e-01
-4.828687012195587158e-02
5.029127001762390137e-01
6.176361441612243652e-01
-3.605676442384719849e-02
4.914353489875793457e-01
6.325052380561828613e-01
-2.549529261887073517e-02
