4.350407719612121582e-01
7.201335430145263672e-01
3.246789788136084098e-07
4.195343255996704102e-01
6.364676952362060547e-01
-3.277532989159226418e-03
4.442501664161682129e-01
5.725653767585754395e-01
-5.380345974117517471e-03
4.825755357742309570e-01
5.505399107933044434e-01
-7.717478089034557343e-03
5.118046998977661133e-01
5.510719418525695801e-01
-9.685894474387168884e-03
4.687669277191162109e-01
5.375881791114807129e-01
-1.410712301731109619e-02
4.915845990180969238e-01
4.604447782039642334e-01
-2.469258382916450500e-02
5.061392784118652344e-01
4.115121960639953613e-01
-3.038418479263782501e-02
5.187997817993164062e-01
3.743540346622467041e-01
-3.274018689990043640e-02
5.026051402091979980e-01
5.582543611526489258e-01
-1.741641387343406677e-02
5.352397561073303223e-01
4.855086505413055420e-01
-2.409323677420616150e-02
5.564548373222351074e-01
4.402084946632385254e-01
-2.762846462428569794e-02
5.769716501235961914e-01
4.092464447021484375e-01
-2.905634231865406036e-02
5.266301035881042480e-01
5.890704393386840820e-01
-2.017487585544586182e-02
5.405984520912170410e-01
5.504217147827148438e-01
-2.704352885484695435e-02
5.225149393081665039e-01
5.567397475242614746e-01
-2.559312619268894196e-02
5.076549053192138672e-01
5.748940110206604004e-01
-2.123776078224182129e-02
5.410044193267822266e-01
6.202573776245117188e-01
-2.355755865573883057e-02
5.385408401489257812e-01
5.915182828903198242e-01
-2.583434060215950012e-02
5.241768360137939453e-01
5.949404239654541016e-01
-1.999701373279094696e-02
5.147452950477600098e-01
6.091183423995971680e-01
-1.314456574618816376e-02
