4.051185548305511475e-01
7.931723594665527344e-01
3.798911052399489563e-07
3.919631540775299072e-01
7.124116420745849609e-01
-1.375310495495796204e-02
4.169825315475463867e-01
6.508190631866455078e-01
-2.777762711048126221e-02
4.605249762535095215e-01
6.310318112373352051e-01
-3.806519135832786560e-02
4.890742003917694092e-01
6.324456334114074707e-01
-4.819926992058753967e-02
4.391472935676574707e-01
6.592109799385070801e-01
-5.439198762178421021e-02
4.662568867206573486e-01
5.775335431098937988e-01
-7.298095524311065674e-02
4.830113351345062256e-01
5.307180881500244141e-01
-8.092859387397766113e-02
4.991367757320404053e-01
4.963123202323913574e-01
-8.423788845539093018e-02
4.726943671703338623e-01
6.877805590629577637e-01
-5.355701968073844910e-02
5.244985222816467285e-01
6.070037484169006348e-01
-7.045264542102813721e-02
5.623106956481933594e-01
5.558286905288696289e-01
-7.543288171291351318e-02
5.956888198852539062e-01
5.211201310157775879e-01
-7.761477679014205933e-02
4.986134171485900879e-01
7.138982415199279785e-01
-4.997684434056282043e-02
5.265546441078186035e-01
6.361471414566040039e-01
-6.462508440017700195e-02
5.083706378936767578e-01
6.265788674354553223e-01
-6.029259786009788513e-02
4.904651343822479248e-01
6.394570469856262207e-01
-5.302781611680984497e-02
5.167058706283569336e-01
7.321933507919311523e-01
-4.673604294657707214e-02
5.281255245208740234e-01
6.604373455047607422e-01
-5.606887489557266235e-02
5.108406543731689453e-01
6.549382805824279785e-01
-4.871908575296401978e-02
4.969468712806701660e-01
6.711179614067077637e-01
-3.980667516589164734e-02
