4.519777297973632812e-01
7.258684039115905762e-01
3.328703144234168576e-07
4.353480637073516846e-01
6.415589451789855957e-01
1.040267292410135269e-03
4.603920280933380127e-01
5.771037936210632324e-01
-2.643218322191387415e-04
4.985217154026031494e-01
5.557799935340881348e-01
-2.033890457823872566e-03
5.288010239601135254e-01
5.569423437118530273e-01
-3.769688308238983154e-03
4.811616837978363037e-01
5.466337800025939941e-01
-1.669078879058361053e-02
5.083748698234558105e-01
4.668768048286437988e-01
-2.650310471653938293e-02
5.254753828048706055e-01
4.174164533615112305e-01
-3.171063587069511414e-02
5.408120155334472656e-01
3.791634440422058105e-01
-3.412680327892303467e-02
5.133264064788818359e-01
5.659208297729492188e-01
-2.034627459943294525e-02
5.453065633773803711e-01
4.866207838058471680e-01
-2.453669346868991852e-02
5.664116740226745605e-01
4.371617436408996582e-01
-2.681793831288814545e-02
5.866948366165161133e-01
4.021076560020446777e-01
-2.859213016927242279e-02
5.389035940170288086e-01
5.949383974075317383e-01
-2.217446640133857727e-02
5.553551316261291504e-01
5.431525707244873047e-01
-2.458430081605911255e-02
5.370075106620788574e-01
5.537861585617065430e-01
-1.972472667694091797e-02
5.212563276290893555e-01
5.775998234748840332e-01
-1.435429323464632034e-02
5.564314126968383789e-01
6.255709528923034668e-01
-2.437115274369716644e-02
5.517213344573974609e-01
5.903138518333435059e-01
-2.350101247429847717e-02
5.359901189804077148e-01
5.959606766700744629e-01
-1.604951545596122742e-02
5.275174379348754883e-01
6.130124330520629883e-01
-8.561975322663784027e-03
