4.290570616722106934e-01
4.493631124496459961e-01
2.336878992537094746e-07
4.280048310756683350e-01
3.904267847537994385e-01
4.550923593342304230e-03
4.512654840946197510e-01
3.489040732383728027e-01
3.916586749255657196e-03
4.767185747623443604e-01
3.371903598308563232e-01
5.637582507915794849e-04
4.964645802974700928e-01
3.374073207378387451e-01
-2.601591870188713074e-03
4.597955048084259033e-01
3.191155791282653809e-01
-3.376249223947525024e-04
4.736578762531280518e-01
2.684860527515411377e-01
-7.633524015545845032e-03
4.811553359031677246e-01
2.352535128593444824e-01
-1.186859048902988434e-02
4.885341227054595947e-01
2.095584720373153687e-01
-1.403106749057769775e-02
4.821309745311737061e-01
3.325906693935394287e-01
-8.047420531511306763e-03
5.093184709548950195e-01
2.878820300102233887e-01
-1.495029684156179428e-02
5.275505185127258301e-01
2.576189041137695312e-01
-2.029107511043548584e-02
5.435305237770080566e-01
2.359065860509872437e-01
-2.312338352203369141e-02
4.985079467296600342e-01
3.546341955661773682e-01
-1.519618742167949677e-02
5.142030119895935059e-01
3.432026505470275879e-01
-2.094380371272563934e-02
5.027409791946411133e-01
3.527770936489105225e-01
-2.097507379949092865e-02
4.909526705741882324e-01
3.608621954917907715e-01
-1.878854259848594666e-02
5.083978176116943359e-01
3.781242370605468750e-01
-2.240060828626155853e-02
5.133353471755981445e-01
3.698462843894958496e-01
-2.221445553004741669e-02
5.037519335746765137e-01
3.764466643333435059e-01
-1.702845841646194458e-02
4.945518374443054199e-01
3.829901218414306641e-01
-1.206699293106794357e-02
