3.954114019870758057e-01
7.250178456306457520e-01
3.874500578149309149e-07
3.932717442512512207e-01
6.409787535667419434e-01
4.578080493956804276e-03
4.202804565429687500e-01
5.820565819740295410e-01
-1.841914141550660133e-03
4.579166769981384277e-01
5.701177120208740234e-01
-1.056155934929847717e-02
4.848281145095825195e-01
5.722841024398803711e-01
-1.947144418954849243e-02
4.288967549800872803e-01
5.495885014533996582e-01
-1.984138786792755127e-02
4.511161744594573975e-01
4.666077494621276855e-01
-3.311408311128616333e-02
4.622422456741333008e-01
4.134607017040252686e-01
-4.058259725570678711e-02
4.721839725971221924e-01
3.715833127498626709e-01
-4.470630362629890442e-02
4.590441584587097168e-01
5.737818479537963867e-01
-2.982001379132270813e-02
5.041912794113159180e-01
4.988823831081390381e-01
-3.918166086077690125e-02
5.314432978630065918e-01
4.479460120201110840e-01
-4.430992901325225830e-02
5.557411909103393555e-01
4.101334810256958008e-01
-4.807938262820243835e-02
4.827280342578887939e-01
6.078845262527465820e-01
-3.743869066238403320e-02
5.184199810028076172e-01
5.601931810379028320e-01
-4.342428222298622131e-02
5.014783143997192383e-01
5.736920833587646484e-01
-3.617560118436813354e-02
4.848625957965850830e-01
5.928743481636047363e-01
-2.902607433497905731e-02
4.998621642589569092e-01
6.436284184455871582e-01
-4.509370401501655579e-02
5.136049389839172363e-01
6.071759462356567383e-01
-4.377929121255874634e-02
5.001273751258850098e-01
6.165347099304199219e-01
-3.099822439253330231e-02
4.903361201286315918e-01
6.321735978126525879e-01
-2.003030478954315186e-02
