4.064217507839202881e-01
7.297205924987792969e-01
3.519787412642472191e-07
4.027142822742462158e-01
6.464630365371704102e-01
5.814602598547935486e-03
4.298497140407562256e-01
5.876632928848266602e-01
1.454746816307306290e-03
4.656873941421508789e-01
5.719351172447204590e-01
-6.132074166089296341e-03
4.896783232688903809e-01
5.719614028930664062e-01
-1.430772989988327026e-02
4.384498894214630127e-01
5.564905405044555664e-01
-1.312423590570688248e-02
4.680100083351135254e-01
4.727284014225006104e-01
-2.353218197822570801e-02
4.837114810943603516e-01
4.248270392417907715e-01
-2.822128497064113617e-02
4.979220628738403320e-01
3.888890147209167480e-01
-3.004275076091289520e-02
4.666402935981750488e-01
5.806630849838256836e-01
-2.401579543948173523e-02
5.070675611495971680e-01
5.017417669296264648e-01
-3.221807256340980530e-02
5.310689210891723633e-01
4.522829353809356689e-01
-3.565322235226631165e-02
5.525069832801818848e-01
4.170308709144592285e-01
-3.794625028967857361e-02
4.897305965423583984e-01
6.137170195579528809e-01
-3.324406221508979797e-02
5.299514532089233398e-01
5.580856204032897949e-01
-4.131319373846054077e-02
5.119084715843200684e-01
5.704271793365478516e-01
-3.627164661884307861e-02
4.928710162639617920e-01
5.902906656265258789e-01
-3.008193336427211761e-02
5.074186325073242188e-01
6.494622230529785156e-01
-4.212654381990432739e-02
5.245658159255981445e-01
6.037582159042358398e-01
-4.346473515033721924e-02
5.103855133056640625e-01
6.115094423294067383e-01
-3.359805047512054443e-02
4.986942410469055176e-01
6.270628571510314941e-01
-2.462536282837390900e-02
