4.207395911216735840e-01
4.261508882045745850e-01
3.175880749495263444e-07
4.235271811485290527e-01
3.720344007015228271e-01
2.523780101910233498e-03
4.468638896942138672e-01
3.350022435188293457e-01
-3.471805539447814226e-04
4.730729758739471436e-01
3.261417150497436523e-01
-4.956847056746482849e-03
4.931316971778869629e-01
3.296240866184234619e-01
-9.387915022671222687e-03
4.538575112819671631e-01
3.093631863594055176e-01
-8.343918249011039734e-03
4.723969399929046631e-01
2.597443163394927979e-01
-1.640432700514793396e-02
4.842686355113983154e-01
2.283025383949279785e-01
-2.007178403437137604e-02
4.941170811653137207e-01
2.045137733221054077e-01
-2.168328128755092621e-02
4.743449091911315918e-01
3.244219422340393066e-01
-1.537107955664396286e-02
5.094230771064758301e-01
2.820455133914947510e-01
-2.248370647430419922e-02
5.302470922470092773e-01
2.569643259048461914e-01
-2.595299482345581055e-02
5.468951463699340820e-01
2.401342093944549561e-01
-2.710085362195968628e-02
4.886893928050994873e-01
3.489894270896911621e-01
-2.139715291559696198e-02
5.100423097610473633e-01
3.385471403598785400e-01
-2.686837315559387207e-02
4.974986314773559570e-01
3.467466235160827637e-01
-2.438552491366863251e-02
4.851124882698059082e-01
3.539713025093078613e-01
-2.045582234859466553e-02
4.965907633304595947e-01
3.767816722393035889e-01
-2.746997028589248657e-02
5.052258372306823730e-01
3.714343011379241943e-01
-2.709784917533397675e-02
4.949512481689453125e-01
3.775394856929779053e-01
-1.991384476423263550e-02
4.853477478027343750e-01
3.838446736335754395e-01
-1.335661392658948898e-02
