3.930542469024658203e-01
7.247990369796752930e-01
4.173147658548259642e-07
3.908215463161468506e-01
6.480858325958251953e-01
2.871619304642081261e-03
4.176376461982727051e-01
5.898115038871765137e-01
-4.114842973649501801e-03
4.523022472858428955e-01
5.714983344078063965e-01
-1.303388923406600952e-02
4.772037863731384277e-01
5.691038966178894043e-01
-2.192717231810092926e-02
4.255880415439605713e-01
5.544385313987731934e-01
-2.140345610678195953e-02
4.474411606788635254e-01
4.689318239688873291e-01
-3.756098076701164246e-02
4.596762955188751221e-01
4.145007431507110596e-01
-4.726871848106384277e-02
4.705825448036193848e-01
3.729069828987121582e-01
-5.229647457599639893e-02
4.560898542404174805e-01
5.781121850013732910e-01
-3.045537695288658142e-02
5.020642876625061035e-01
5.005407929420471191e-01
-4.149453714489936829e-02
5.306780338287353516e-01
4.491990804672241211e-01
-4.749434068799018860e-02
5.562310218811035156e-01
4.107136726379394531e-01
-5.104084685444831848e-02
4.805507659912109375e-01
6.118343472480773926e-01
-3.733667731285095215e-02
5.162392258644104004e-01
5.649406313896179199e-01
-4.451233893632888794e-02
4.988405108451843262e-01
5.785429477691650391e-01
-3.690515831112861633e-02
4.818370044231414795e-01
5.978536605834960938e-01
-2.859687246382236481e-02
4.983124136924743652e-01
6.480389833450317383e-01
-4.436085000634193420e-02
5.135495066642761230e-01
6.152781844139099121e-01
-4.402790963649749756e-02
4.998181462287902832e-01
6.261423826217651367e-01
-3.093651123344898224e-02
4.902781844139099121e-01
6.413554549217224121e-01
-1.888347230851650238e-02
