4.137483239173889160e-01
7.571837902069091797e-01
3.524207272675994318e-07
4.075599908828735352e-01
6.789261698722839355e-01
-5.514232907444238663e-03
4.318901002407073975e-01
6.263353824615478516e-01
-1.415038388222455978e-02
4.703131616115570068e-01
6.155645847320556641e-01
-2.222998440265655518e-02
4.947628676891326904e-01
6.251576542854309082e-01
-3.062459453940391541e-02
4.488455951213836670e-01
6.148309111595153809e-01
-3.386945649981498718e-02
4.789502918720245361e-01
5.310207605361938477e-01
-5.031873658299446106e-02
4.981053769588470459e-01
4.785681962966918945e-01
-5.813913047313690186e-02
5.136532783508300781e-01
4.391182661056518555e-01
-6.136002019047737122e-02
4.794985353946685791e-01
6.438764333724975586e-01
-3.807450458407402039e-02
5.216877460479736328e-01
5.637252926826477051e-01
-5.191935226321220398e-02
5.509350895881652832e-01
5.119698643684387207e-01
-5.773727968335151672e-02
5.762889385223388672e-01
4.749852418899536133e-01
-6.034217029809951782e-02
5.034481883049011230e-01
6.748422980308532715e-01
-4.030727595090866089e-02
5.284584760665893555e-01
6.121492981910705566e-01
-5.317778140306472778e-02
5.141337513923645020e-01
6.097791194915771484e-01
-5.059654638171195984e-02
4.993886947631835938e-01
6.230816841125488281e-01
-4.421835765242576599e-02
5.205520391464233398e-01
7.017897963523864746e-01
-4.267468303442001343e-02
5.310118198394775391e-01
6.428921818733215332e-01
-4.936294630169868469e-02
5.167596340179443359e-01
6.412536501884460449e-01
-4.190140217542648315e-02
5.049594640731811523e-01
6.564807891845703125e-01
-3.294952958822250366e-02
