4.144240021705627441e-01
4.506787061691284180e-01
2.237584055819752393e-07
4.166416823863983154e-01
3.935902714729309082e-01
4.011011682450771332e-03
4.419187307357788086e-01
3.537248373031616211e-01
2.235495019704103470e-03
4.691992104053497314e-01
3.468431234359741211e-01
-2.196341287344694138e-03
4.893917739391326904e-01
3.536294996738433838e-01
-6.393775809556245804e-03
4.446413218975067139e-01
3.241721093654632568e-01
-6.475946283899247646e-04
4.600200951099395752e-01
2.776995003223419189e-01
-8.217770606279373169e-03
4.671040177345275879e-01
2.465100288391113281e-01
-1.261595543473958969e-02
4.725546538829803467e-01
2.220441699028015137e-01
-1.488660462200641632e-02
4.650484323501586914e-01
3.380219936370849609e-01
-9.504837915301322937e-03
4.953632056713104248e-01
2.924602925777435303e-01
-1.604436151683330536e-02
5.119681954383850098e-01
2.633462846279144287e-01
-2.085261605679988861e-02
5.264182686805725098e-01
2.403939664363861084e-01
-2.317197248339653015e-02
4.803793728351593018e-01
3.620753884315490723e-01
-1.790844835340976715e-02
5.071049332618713379e-01
3.502940833568572998e-01
-2.490506879985332489e-02
4.963281452655792236e-01
3.639259040355682373e-01
-2.375681698322296143e-02
4.847280085086822510e-01
3.721165060997009277e-01
-2.032110467553138733e-02
4.900389909744262695e-01
3.898271322250366211e-01
-2.629362419247627258e-02
5.044540166854858398e-01
3.829441666603088379e-01
-2.675450034439563751e-02
4.952070116996765137e-01
3.934904634952545166e-01
-2.003538608551025391e-02
4.860274195671081543e-01
4.004309177398681641e-01
-1.388986129313707352e-02
