4.113263487815856934e-01
4.328100681304931641e-01
2.563285477208410157e-07
4.150823950767517090e-01
3.789330124855041504e-01
3.291969886049628258e-03
4.380086362361907959e-01
3.424223065376281738e-01
5.679347086697816849e-04
4.636102914810180664e-01
3.365103602409362793e-01
-4.711396992206573486e-03
4.828287661075592041e-01
3.439843058586120605e-01
-9.691929444670677185e-03
4.417622983455657959e-01
3.165571689605712891e-01
-3.729701507836580276e-03
4.572725296020507812e-01
2.725048661231994629e-01
-1.190279144793748856e-02
4.662881791591644287e-01
2.422887086868286133e-01
-1.627975516021251678e-02
4.745840132236480713e-01
2.193099707365036011e-01
-1.866770163178443909e-02
4.600031971931457520e-01
3.314194083213806152e-01
-1.226050034165382385e-02
4.919776618480682373e-01
2.912631332874298096e-01
-2.048564516007900238e-02
5.120395421981811523e-01
2.635926008224487305e-01
-2.538032457232475281e-02
5.299384593963623047e-01
2.424294501543045044e-01
-2.772237733006477356e-02
4.736262261867523193e-01
3.560383319854736328e-01
-2.018710598349571228e-02
5.022194981575012207e-01
3.444055318832397461e-01
-2.897112816572189331e-02
4.908682703971862793e-01
3.570617735385894775e-01
-2.717217244207859039e-02
4.785740971565246582e-01
3.665044009685516357e-01
-2.289413101971149445e-02
4.825579822063446045e-01
3.847027420997619629e-01
-2.807087078690528870e-02
4.987766444683074951e-01
3.776453733444213867e-01
-3.044732473790645599e-02
4.893629252910614014e-01
3.863257169723510742e-01
-2.411383949220180511e-02
4.803067445755004883e-01
3.927615582942962646e-01
-1.788809150457382202e-02
