4.754011631011962891e-01
4.733356237411499023e-01
1.961512197112824651e-07
4.580504298210144043e-01
4.180688261985778809e-01
-3.579044016078114510e-03
4.700013995170593262e-01
3.720722496509552002e-01
-5.540961399674415588e-03
4.912991523742675781e-01
3.536032736301422119e-01
-7.356663700193166733e-03
4.975877106189727783e-01
3.417451679706573486e-01
-9.982953779399394989e-03
4.877589344978332520e-01
3.397344052791595459e-01
-9.075202979147434235e-03
4.893254339694976807e-01
2.817249894142150879e-01
-1.552574988454580307e-02
4.927105307579040527e-01
2.458741962909698486e-01
-2.015743963420391083e-02
4.968206286430358887e-01
2.176126986742019653e-01
-2.291046082973480225e-02
5.138602852821350098e-01
3.495077192783355713e-01
-1.201554015278816223e-02
5.308914780616760254e-01
2.914543747901916504e-01
-1.495433691889047623e-02
5.417644381523132324e-01
2.561298608779907227e-01
-1.836999692022800446e-02
5.518936514854431152e-01
2.294194102287292480e-01
-2.050921693444252014e-02
5.292369127273559570e-01
3.680046200752258301e-01
-1.504140533506870270e-02
5.432152152061462402e-01
3.207052946090698242e-01
-1.931243762373924255e-02
5.480115413665771484e-01
2.943565547466278076e-01
-2.429701015353202820e-02
5.532525777816772461e-01
2.775882184505462646e-01
-2.752785757184028625e-02
5.363946557044982910e-01
3.882607519626617432e-01
-1.820329762995243073e-02
5.306655764579772949e-01
3.592309355735778809e-01
-2.142583765089511871e-02
5.213901400566101074e-01
3.554802536964416504e-01
-2.000066637992858887e-02
5.154858231544494629e-01
3.611451983451843262e-01
-1.816137321293354034e-02
