4.285481274127960205e-01
4.666254222393035889e-01
1.985065836151989060e-07
4.246095120906829834e-01
4.039324820041656494e-01
5.222810897976160049e-03
4.459579885005950928e-01
3.589124381542205811e-01
6.037648767232894897e-03
4.716659188270568848e-01
3.476572036743164062e-01
4.177638795226812363e-03
4.911932945251464844e-01
3.514103293418884277e-01
2.504359232261776924e-03
4.524432718753814697e-01
3.327721655368804932e-01
4.642245359718799591e-03
4.639182686805725098e-01
2.843737006187438965e-01
7.636466034455224872e-05
4.698062837123870850e-01
2.536836862564086914e-01
-2.749802311882376671e-03
4.751825630664825439e-01
2.316190898418426514e-01
-4.019379150122404099e-03
4.766936898231506348e-01
3.461453020572662354e-01
-2.879219362512230873e-03
5.009799003601074219e-01
2.986113727092742920e-01
-6.669937167316675186e-03
5.164890885353088379e-01
2.684485316276550293e-01
-1.072930078953504562e-02
5.317095518112182617e-01
2.456999719142913818e-01
-1.288939360529184341e-02
4.950063526630401611e-01
3.683327734470367432e-01
-1.006914675235748291e-02
5.126675963401794434e-01
3.468018472194671631e-01
-1.538388244807720184e-02
5.003967285156250000e-01
3.577438592910766602e-01
-1.625938713550567627e-02
4.890521168708801270e-01
3.684127330780029297e-01
-1.436980441212654114e-02
5.065627098083496094e-01
3.922449946403503418e-01
-1.697720028460025787e-02
5.104320645332336426e-01
3.771003186702728271e-01
-1.797260157763957977e-02
5.013906955718994141e-01
3.835063874721527100e-01
-1.385519746690988541e-02
4.937934279441833496e-01
3.916609585285186768e-01
-9.315701201558113098e-03
