4.422585368156433105e-01
7.241882085800170898e-01
3.137199087177577894e-07
4.268803298473358154e-01
6.383647918701171875e-01
-1.660792273469269276e-03
4.542398154735565186e-01
5.732591152191162109e-01
-3.936135210096836090e-03
4.973556399345397949e-01
5.478827357292175293e-01
-6.737868767231702805e-03
5.301034450531005859e-01
5.461395978927612305e-01
-8.919671177864074707e-03
4.745904207229614258e-01
5.392819046974182129e-01
-1.339880656450986862e-02
4.967252016067504883e-01
4.590592384338378906e-01
-2.354821190237998962e-02
5.117149353027343750e-01
4.089428484439849854e-01
-2.853023819625377655e-02
5.247958302497863770e-01
3.706476092338562012e-01
-3.030177392065525055e-02
5.082982778549194336e-01
5.587849020957946777e-01
-1.761688105762004852e-02
5.377198457717895508e-01
4.828007817268371582e-01
-2.418784424662590027e-02
5.576193928718566895e-01
4.352791905403137207e-01
-2.756758779287338257e-02
5.770010352134704590e-01
4.022849500179290771e-01
-2.885198779404163361e-02
5.328004360198974609e-01
5.875300168991088867e-01
-2.100663073360919952e-02
5.438225269317626953e-01
5.448583364486694336e-01
-2.777841314673423767e-02
5.250381231307983398e-01
5.535835027694702148e-01
-2.564311772584915161e-02
5.102467536926269531e-01
5.735335946083068848e-01
-2.074414305388927460e-02
5.481457710266113281e-01
6.177504658699035645e-01
-2.484502084553241730e-02
5.418435335159301758e-01
5.878074169158935547e-01
-2.522155828773975372e-02
5.250999927520751953e-01
5.928512215614318848e-01
-1.823497377336025238e-02
5.151851773262023926e-01
6.079489588737487793e-01
-1.081421598792076111e-02
