4.034294188022613525e-01
7.460227608680725098e-01
3.881392274251993513e-07
3.952977359294891357e-01
6.594572067260742188e-01
7.466966286301612854e-03
4.201053977012634277e-01
5.932880640029907227e-01
6.752087268978357315e-03
4.569508731365203857e-01
5.692811012268066406e-01
2.363912528380751610e-03
4.812296628952026367e-01
5.611949563026428223e-01
-2.062988467514514923e-03
4.297745823860168457e-01
5.606734752655029297e-01
-2.935176249593496323e-03
4.614269435405731201e-01
4.714938104152679443e-01
-1.102400198578834534e-02
4.803031980991363525e-01
4.239813387393951416e-01
-1.464241929352283478e-02
4.971382617950439453e-01
3.891661763191223145e-01
-1.529724337160587311e-02
4.584210813045501709e-01
5.838496088981628418e-01
-1.309723686426877975e-02
4.987325966358184814e-01
5.004510879516601562e-01
-1.953397132456302643e-02
5.235806703567504883e-01
4.486981630325317383e-01
-2.465254999697208405e-02
5.448886156082153320e-01
4.113470911979675293e-01
-2.761074528098106384e-02
4.824885725975036621e-01
6.143997311592102051e-01
-2.192306891083717346e-02
5.137107968330383301e-01
5.598066449165344238e-01
-2.795564383268356323e-02
4.988111257553100586e-01
5.678378343582153320e-01
-2.634934522211551666e-02
4.824651181697845459e-01
5.835947394371032715e-01
-2.216552197933197021e-02
5.006408095359802246e-01
6.451745629310607910e-01
-3.030893579125404358e-02
5.148173570632934570e-01
5.990983843803405762e-01
-2.936493977904319763e-02
5.008937120437622070e-01
6.040207743644714355e-01
-2.073507383465766907e-02
4.887334704399108887e-01
6.176805496215820312e-01
-1.253452617675065994e-02
