4.008284807205200195e-01
7.416672706604003906e-01
4.196962493097089464e-07
3.924170434474945068e-01
6.534629464149475098e-01
7.736594416201114655e-03
4.185560941696166992e-01
5.909697413444519043e-01
5.815584678202867508e-03
4.588612318038940430e-01
5.759187340736389160e-01
5.053100758232176304e-04
4.878246784210205078e-01
5.769645571708679199e-01
-5.246700253337621689e-03
4.275452494621276855e-01
5.530687570571899414e-01
-6.357391364872455597e-03
4.594880640506744385e-01
4.682867527008056641e-01
-1.405974570661783218e-02
4.775612354278564453e-01
4.207261800765991211e-01
-1.758971624076366425e-02
4.934127926826477051e-01
3.851650655269622803e-01
-1.833720318973064423e-02
4.580434858798980713e-01
5.782378911972045898e-01
-1.697944849729537964e-02
4.983954727649688721e-01
4.961536526679992676e-01
-2.239620871841907501e-02
5.227485895156860352e-01
4.434342384338378906e-01
-2.701417729258537292e-02
5.455524325370788574e-01
4.058809876441955566e-01
-2.972739934921264648e-02
4.833940267562866211e-01
6.116470694541931152e-01
-2.567081153392791748e-02
5.126396417617797852e-01
5.609022974967956543e-01
-3.087231144309043884e-02
4.938078522682189941e-01
5.721847414970397949e-01
-2.802726440131664276e-02
4.768947064876556396e-01
5.913308262825012207e-01
-2.303232997655868530e-02
5.016667246818542480e-01
6.452478170394897461e-01
-3.383057564496994019e-02
5.087236762046813965e-01
6.029865145683288574e-01
-3.224264830350875854e-02
4.917134642601013184e-01
6.104111075401306152e-01
-2.202746272087097168e-02
4.808305799961090088e-01
6.269473433494567871e-01
-1.255847234278917313e-02
