4.140830338001251221e-01
7.537118196487426758e-01
4.368201587112707784e-07
4.013370871543884277e-01
6.738045811653137207e-01
1.493711723014712334e-03
4.243497252464294434e-01
6.109051704406738281e-01
-2.726236591115593910e-03
4.598054885864257812e-01
5.838161706924438477e-01
-9.496351704001426697e-03
4.824885725975036621e-01
5.744721293449401855e-01
-1.629396714270114899e-02
4.345228672027587891e-01
5.773159265518188477e-01
-1.210981793701648712e-02
4.640254080295562744e-01
4.910476505756378174e-01
-2.355979382991790771e-02
4.829652309417724609e-01
4.400730729103088379e-01
-2.909407764673233032e-02
5.000942945480346680e-01
4.032770395278930664e-01
-3.077813610434532166e-02
4.633538424968719482e-01
6.000922918319702148e-01
-2.066862024366855621e-02
5.022206306457519531e-01
5.174412131309509277e-01
-3.092060424387454987e-02
5.275424122810363770e-01
4.626023769378662109e-01
-3.657460585236549377e-02
5.504943728446960449e-01
4.246180951595306396e-01
-3.917105868458747864e-02
4.875662326812744141e-01
6.311522126197814941e-01
-2.823086641728878021e-02
5.192353129386901855e-01
5.707538723945617676e-01
-4.037699103355407715e-02
5.025815963745117188e-01
5.806732773780822754e-01
-3.923958167433738708e-02
4.863209426403045654e-01
6.020295619964599609e-01
-3.350223600864410400e-02
5.067046880722045898e-01
6.637463569641113281e-01
-3.540851920843124390e-02
5.211136341094970703e-01
6.116893887519836426e-01
-4.023488983511924744e-02
5.058302283287048340e-01
6.177262067794799805e-01
-3.273433074355125427e-02
4.934859275817871094e-01
6.353679895401000977e-01
-2.405937574803829193e-02
