4.051480889320373535e-01
7.864180803298950195e-01
3.293522468084120192e-07
3.945258259773254395e-01
7.038607597351074219e-01
-1.069264207035303116e-02
4.226250946521759033e-01
6.472636461257934570e-01
-2.153915539383888245e-02
4.661960899829864502e-01
6.327046751976013184e-01
-2.849765121936798096e-02
4.917191267013549805e-01
6.352906227111816406e-01
-3.541092574596405029e-02
4.438987076282501221e-01
6.468610763549804688e-01
-4.716476052999496460e-02
4.595507383346557617e-01
5.628095865249633789e-01
-6.684824824333190918e-02
4.662354290485382080e-01
5.058985948562622070e-01
-7.985177636146545410e-02
4.715296030044555664e-01
4.614742398262023926e-01
-8.727681636810302734e-02
4.764238893985748291e-01
6.783556342124938965e-01
-4.657851159572601318e-02
5.248216986656188965e-01
6.044388413429260254e-01
-6.097894161939620972e-02
5.620393753051757812e-01
5.532488226890563965e-01
-6.869781762361526489e-02
5.908528566360473633e-01
5.145571827888488770e-01
-7.425004988908767700e-02
4.999986290931701660e-01
7.045052647590637207e-01
-4.360297694802284241e-02
5.330900549888610840e-01
6.284918785095214844e-01
-5.527473613619804382e-02
5.314640402793884277e-01
5.953109860420227051e-01
-5.597414821386337280e-02
5.247691869735717773e-01
5.854937434196472168e-01
-5.459393933415412903e-02
5.153042674064636230e-01
7.201883792877197266e-01
-4.071680828928947449e-02
5.245587825775146484e-01
6.534123420715332031e-01
-4.933616146445274353e-02
5.061196684837341309e-01
6.367684602737426758e-01
-4.493889957666397095e-02
4.901064634323120117e-01
6.423763036727905273e-01
-3.928128257393836975e-02
