4.160543084144592285e-01
4.210674166679382324e-01
2.913336345500283642e-07
4.190996289253234863e-01
3.692553043365478516e-01
2.091420348733663559e-03
4.398735761642456055e-01
3.325709402561187744e-01
-1.335446140728890896e-03
4.645909965038299561e-01
3.237729966640472412e-01
-6.621163338422775269e-03
4.840720295906066895e-01
3.296916186809539795e-01
-1.160553842782974243e-02
4.467664659023284912e-01
3.096660971641540527e-01
-7.996297441422939301e-03
4.635632932186126709e-01
2.635648846626281738e-01
-1.673798449337482452e-02
4.744547307491302490e-01
2.336844801902770996e-01
-2.094618789851665497e-02
4.832616150379180908e-01
2.120135128498077393e-01
-2.260536514222621918e-02
4.654071331024169922e-01
3.242212831974029541e-01
-1.488371752202510834e-02
5.010294914245605469e-01
2.839854359626770020e-01
-2.268720604479312897e-02
5.224258303642272949e-01
2.589406967163085938e-01
-2.602311782538890839e-02
5.392701029777526855e-01
2.423321008682250977e-01
-2.671324275434017181e-02
4.786539077758789062e-01
3.486438691616058350e-01
-2.096777036786079407e-02
5.021873116493225098e-01
3.377927541732788086e-01
-2.718540094792842865e-02
4.923162162303924561e-01
3.458812236785888672e-01
-2.414542809128761292e-02
4.812491238117218018e-01
3.537898361682891846e-01
-1.932242140173912048e-02
4.863023161888122559e-01
3.773084580898284912e-01
-2.712809108197689056e-02
4.994287192821502686e-01
3.700794875621795654e-01
-2.628330513834953308e-02
4.907496273517608643e-01
3.761935830116271973e-01
-1.810177229344844818e-02
4.820256531238555908e-01
3.828020691871643066e-01
-1.072529889643192291e-02
