4.384887218475341797e-01
4.524834752082824707e-01
2.578932480901130475e-07
4.393265247344970703e-01
3.916816413402557373e-01
3.026609774678945541e-03
4.625501930713653564e-01
3.499951362609863281e-01
4.350454837549477816e-04
4.883705675601959229e-01
3.416109979152679443e-01
-4.410120192915201187e-03
5.078564882278442383e-01
3.474581837654113770e-01
-9.258287027478218079e-03
4.675247073173522949e-01
3.237150311470031738e-01
-5.301952362060546875e-03
4.797042012214660645e-01
2.719772160053253174e-01
-1.393193099647760391e-02
4.875283241271972656e-01
2.376988232135772705e-01
-1.914700306951999664e-02
4.960502386093139648e-01
2.117597013711929321e-01
-2.200848609209060669e-02
4.901811182498931885e-01
3.396278917789459229e-01
-1.306823082268238068e-02
5.171781778335571289e-01
2.918066382408142090e-01
-2.019893564283847809e-02
5.346202850341796875e-01
2.594097256660461426e-01
-2.540906704962253571e-02
5.510241389274597168e-01
2.363440394401550293e-01
-2.830056846141815186e-02
5.071809887886047363e-01
3.646540939807891846e-01
-2.000495046377182007e-02
5.244560837745666504e-01
3.450714051723480225e-01
-2.655995637178421021e-02
5.119350552558898926e-01
3.552511930465698242e-01
-2.551827207207679749e-02
5.005992650985717773e-01
3.661970198154449463e-01
-2.229638211429119110e-02
5.175430178642272949e-01
3.912208676338195801e-01
-2.700539864599704742e-02
5.208073854446411133e-01
3.767989575862884521e-01
-2.782329544425010681e-02
5.106564164161682129e-01
3.840406835079193115e-01
-2.144625596702098846e-02
5.028616189956665039e-01
3.933522999286651611e-01
-1.524418313056230545e-02
