4.060867428779602051e-01
7.686793804168701172e-01
2.613388971894892165e-07
4.041147232055664062e-01
6.901993155479431152e-01
-1.030784659087657928e-02
4.361010491847991943e-01
6.381450891494750977e-01
-1.940140500664710999e-02
4.775398671627044678e-01
6.139304637908935547e-01
-2.591434866189956665e-02
5.008340477943420410e-01
6.085984706878662109e-01
-3.274504840373992920e-02
4.467674791812896729e-01
6.357547044754028320e-01
-3.946285694837570190e-02
4.800553619861602783e-01
5.510838031768798828e-01
-5.759748071432113647e-02
5.029982924461364746e-01
4.979766309261322021e-01
-6.608001887798309326e-02
5.212931632995605469e-01
4.592539072036743164e-01
-6.964544951915740967e-02
4.758471548557281494e-01
6.645140647888183594e-01
-4.180562496185302734e-02
5.185899138450622559e-01
5.836813449859619141e-01
-5.802325531840324402e-02
5.483233928680419922e-01
5.324338078498840332e-01
-6.480935961008071899e-02
5.720208883285522461e-01
4.953648149967193604e-01
-6.799434125423431396e-02
4.966084361076354980e-01
6.923158764839172363e-01
-4.299106448888778687e-02
5.381109118461608887e-01
6.225899457931518555e-01
-5.638096854090690613e-02
5.649641156196594238e-01
5.780493021011352539e-01
-6.010441854596138000e-02
5.847511887550354004e-01
5.469313859939575195e-01
-6.076050177216529846e-02
5.095609426498413086e-01
7.141210436820983887e-01
-4.423942416906356812e-02
5.393902659416198730e-01
6.561650633811950684e-01
-5.266860499978065491e-02
5.558047294616699219e-01
6.187328100204467773e-01
-5.162340775132179260e-02
5.682725906372070312e-01
5.914591550827026367e-01
-4.910035803914070129e-02
