4.504992365837097168e-01
7.380320429801940918e-01
3.209843839613313321e-07
4.378323256969451904e-01
6.489167213439941406e-01
1.968970056623220444e-03
4.702173471450805664e-01
5.830891132354736328e-01
5.799326463602483273e-04
5.169495940208435059e-01
5.633817911148071289e-01
-7.298701093532145023e-04
5.512034296989440918e-01
5.624035596847534180e-01
-1.418018131516873837e-03
4.833656549453735352e-01
5.544871091842651367e-01
-1.762365922331809998e-02
5.088862180709838867e-01
4.704402089118957520e-01
-2.469588443636894226e-02
5.236669778823852539e-01
4.195160865783691406e-01
-2.738833241164684296e-02
5.370167493820190430e-01
3.788900375366210938e-01
-2.824714779853820801e-02
5.165157914161682129e-01
5.757457017898559570e-01
-2.132267691195011139e-02
5.491273999214172363e-01
4.926880300045013428e-01
-2.393026649951934814e-02
5.722055435180664062e-01
4.415413141250610352e-01
-2.576397918164730072e-02
5.947810411453247070e-01
4.058945775032043457e-01
-2.778776735067367554e-02
5.426110625267028809e-01
6.060228943824768066e-01
-2.258918248116970062e-02
5.602198839187622070e-01
5.571383833885192871e-01
-2.205775678157806396e-02
5.386967658996582031e-01
5.659412145614624023e-01
-1.601188816130161285e-02
5.214654207229614258e-01
5.864663720130920410e-01
-1.096608955413103104e-02
5.605446100234985352e-01
6.365663409233093262e-01
-2.412982657551765442e-02
5.555927753448486328e-01
6.015465855598449707e-01
-1.849322021007537842e-02
5.367240905761718750e-01
6.074246168136596680e-01
-8.458833210170269012e-03
5.278593301773071289e-01
6.231016516685485840e-01
-5.503142601810395718e-04
