3.944485485553741455e-01
7.455145716667175293e-01
3.145771358958882047e-07
3.938030898571014404e-01
6.646640896797180176e-01
5.711247678846120834e-03
4.223581254482269287e-01
6.084100008010864258e-01
1.834408729337155819e-03
4.574044346809387207e-01
5.922234654426574707e-01
-5.081787705421447754e-03
4.806965887546539307e-01
5.930223464965820312e-01
-1.364617235958576202e-02
4.283773601055145264e-01
5.828953385353088379e-01
-1.196254696696996689e-02
4.429256319999694824e-01
5.013914704322814941e-01
-2.388636954128742218e-02
4.519950151443481445e-01
4.496839046478271484e-01
-3.049966506659984589e-02
4.611040353775024414e-01
4.134034514427185059e-01
-3.365585952997207642e-02
4.558131396770477295e-01
6.030015349388122559e-01
-2.436590194702148438e-02
4.982092976570129395e-01
5.185185074806213379e-01
-3.502951934933662415e-02
5.295634269714355469e-01
4.643149673938751221e-01
-4.202473908662796021e-02
5.565133094787597656e-01
4.275869727134704590e-01
-4.573360085487365723e-02
4.792283177375793457e-01
6.326544284820556641e-01
-3.571832180023193359e-02
5.214655399322509766e-01
5.559297800064086914e-01
-4.709231480956077576e-02
5.335034728050231934e-01
5.204220414161682129e-01
-5.423825606703758240e-02
5.423579812049865723e-01
5.002632737159729004e-01
-5.751546472311019897e-02
5.002988576889038086e-01
6.678469181060791016e-01
-4.609927162528038025e-02
5.260905027389526367e-01
6.120619773864746094e-01
-5.204658955335617065e-02
5.212048888206481934e-01
6.068528294563293457e-01
-4.869117215275764465e-02
5.165413022041320801e-01
6.148664951324462891e-01
-4.489817842841148376e-02
