4.090612828731536865e-01
8.104186654090881348e-01
3.611079932852589991e-07
3.977564275264739990e-01
7.307899594306945801e-01
-1.446381490677595139e-02
4.226629436016082764e-01
6.720350384712219238e-01
-2.710395306348800659e-02
4.661365747451782227e-01
6.517654061317443848e-01
-3.600703552365303040e-02
4.936365187168121338e-01
6.555493474006652832e-01
-4.505616798996925354e-02
4.451090991497039795e-01
6.821310520172119141e-01
-5.458785966038703918e-02
4.843699336051940918e-01
6.033567786216735840e-01
-7.543028146028518677e-02
5.088756084442138672e-01
5.549375414848327637e-01
-8.608513325452804565e-02
5.297417640686035156e-01
5.181547403335571289e-01
-9.154869616031646729e-02
4.767477214336395264e-01
7.158527374267578125e-01
-5.340411886572837830e-02
5.309219360351562500e-01
6.366758346557617188e-01
-6.921479105949401855e-02
5.643516778945922852e-01
5.897150039672851562e-01
-7.290938496589660645e-02
5.928004384040832520e-01
5.573046207427978516e-01
-7.494526356458663940e-02
5.001808404922485352e-01
7.459797859191894531e-01
-5.016218498349189758e-02
5.380213856697082520e-01
6.711858510971069336e-01
-6.488705426454544067e-02
5.203743577003479004e-01
6.618839502334594727e-01
-6.004007160663604736e-02
5.012993812561035156e-01
6.764078140258789062e-01
-5.258996412158012390e-02
5.157887339591979980e-01
7.678442001342773438e-01
-4.735349491238594055e-02
5.412324070930480957e-01
6.994135975837707520e-01
-5.713804438710212708e-02
5.248792171478271484e-01
6.883013248443603516e-01
-5.052867159247398376e-02
5.089724659919738770e-01
7.006839513778686523e-01
-4.245552048087120056e-02
