3.991455435752868652e-01
7.169203758239746094e-01
3.420724112856987631e-07
3.995237052440643311e-01
6.364240646362304688e-01
4.595794249325990677e-03
4.283401966094970703e-01
5.828634500503540039e-01
-2.024827525019645691e-03
4.649522006511688232e-01
5.748739242553710938e-01
-1.092082727700471878e-02
4.909194707870483398e-01
5.803622603416442871e-01
-2.046469599008560181e-02
4.391162395477294922e-01
5.505720376968383789e-01
-2.241279929876327515e-02
4.687763154506683350e-01
4.663831293582916260e-01
-3.670331463217735291e-02
4.842011928558349609e-01
4.147769212722778320e-01
-4.445835202932357788e-02
4.979012012481689453e-01
3.751959204673767090e-01
-4.859894514083862305e-02
4.666785299777984619e-01
5.766378045082092285e-01
-3.257170319557189941e-02
5.114322900772094727e-01
4.956195354461669922e-01
-4.191376641392707825e-02
5.374609231948852539e-01
4.449743032455444336e-01
-4.636989161372184753e-02
5.600089430809020996e-01
4.089794754981994629e-01
-4.993914812803268433e-02
4.887702167034149170e-01
6.124225258827209473e-01
-4.029888287186622620e-02
5.297991037368774414e-01
5.559418201446533203e-01
-4.665565118193626404e-02
5.109276175498962402e-01
5.685557723045349121e-01
-3.863387182354927063e-02
4.917424023151397705e-01
5.891179442405700684e-01
-3.122028335928916931e-02
5.044147968292236328e-01
6.496109962463378906e-01
-4.802527278661727905e-02
5.180447101593017578e-01
6.078138351440429688e-01
-4.816747456789016724e-02
5.020581483840942383e-01
6.149207949638366699e-01
-3.642222285270690918e-02
4.905689954757690430e-01
6.301259994506835938e-01
-2.625495009124279022e-02
