4.616321027278900146e-01
7.304032444953918457e-01
3.588802712783945026e-07
4.476085901260375977e-01
6.430761814117431641e-01
-4.297726321965456009e-03
4.831269085407257080e-01
5.748074054718017578e-01
-9.063947945833206177e-03
5.333521962165832520e-01
5.577666163444519043e-01
-1.367960032075643539e-02
5.686470866203308105e-01
5.577832460403442383e-01
-1.692996732890605927e-02
4.946323037147521973e-01
5.506544113159179688e-01
-1.839057356119155884e-02
5.243977904319763184e-01
4.673163890838623047e-01
-2.842069044709205627e-02
5.410904884338378906e-01
4.158945679664611816e-01
-3.281586244702339172e-02
5.553953647613525391e-01
3.756760954856872559e-01
-3.461561724543571472e-02
5.282517075538635254e-01
5.725023150444030762e-01
-2.248360402882099152e-02
5.612842440605163574e-01
4.858313202857971191e-01
-3.048298694193363190e-02
5.836400985717773438e-01
4.318923652172088623e-01
-3.508621826767921448e-02
6.056735515594482422e-01
3.934455513954162598e-01
-3.765159100294113159e-02
5.551685094833374023e-01
6.024615168571472168e-01
-2.541544288396835327e-02
5.771917104721069336e-01
5.436987876892089844e-01
-3.382349014282226562e-02
5.526668429374694824e-01
5.546581149101257324e-01
-3.036858700215816498e-02
5.327506661415100098e-01
5.759291052818298340e-01
-2.444097027182579041e-02
5.737590789794921875e-01
6.329077482223510742e-01
-2.887327969074249268e-02
5.687791705131530762e-01
5.931885838508605957e-01
-3.056334517896175385e-02
5.487084984779357910e-01
5.976850986480712891e-01
-2.274865098297595978e-02
5.390982627868652344e-01
6.113793849945068359e-01
-1.479224022477865219e-02
