4.499602913856506348e-01
7.318168282508850098e-01
3.147200402509042760e-07
4.363347291946411133e-01
6.429144740104675293e-01
-7.447737152688205242e-04
4.664564132690429688e-01
5.785989165306091309e-01
-3.650519996881484985e-03
5.111808180809020996e-01
5.606766939163208008e-01
-6.815396714955568314e-03
5.434647798538208008e-01
5.606436133384704590e-01
-9.714069776237010956e-03
4.817020893096923828e-01
5.515282750129699707e-01
-1.925285533070564270e-02
5.056610703468322754e-01
4.691739380359649658e-01
-2.995754219591617584e-02
5.201880931854248047e-01
4.185262918472290039e-01
-3.523545712232589722e-02
5.340915322303771973e-01
3.784579038619995117e-01
-3.759303316473960876e-02
5.152183771133422852e-01
5.730763077735900879e-01
-2.359474450349807739e-02
5.458067059516906738e-01
4.908139705657958984e-01
-3.011586144566535950e-02
5.674256086349487305e-01
4.389886856079101562e-01
-3.395694866776466370e-02
5.890970230102539062e-01
4.028193056583404541e-01
-3.663607314229011536e-02
5.413053631782531738e-01
6.036273837089538574e-01
-2.618500031530857086e-02
5.574048161506652832e-01
5.520082712173461914e-01
-3.158659860491752625e-02
5.368753671646118164e-01
5.594688057899475098e-01
-2.762848697602748871e-02
5.199747085571289062e-01
5.801982879638671875e-01
-2.225697971880435944e-02
5.583979487419128418e-01
6.342881321907043457e-01
-2.910544909536838531e-02
5.542298555374145508e-01
5.924106836318969727e-01
-2.824291214346885681e-02
5.368126630783081055e-01
5.951104760169982910e-01
-1.939540915191173553e-02
5.273839831352233887e-01
6.106975674629211426e-01
-1.119243912398815155e-02
