4.491201639175415039e-01
4.705111980438232422e-01
2.135517149781662738e-07
4.461701214313507080e-01
4.087115228176116943e-01
2.599334577098488808e-03
4.673457443714141846e-01
3.666846454143524170e-01
5.156559636816382408e-04
4.948540925979614258e-01
3.571489453315734863e-01
-3.653863212093710899e-03
5.152316689491271973e-01
3.581564724445343018e-01
-7.556290365755558014e-03
4.703593850135803223e-01
3.403538763523101807e-01
-2.708394313231110573e-03
4.782611727714538574e-01
2.839833199977874756e-01
-1.040488481521606445e-02
4.827655255794525146e-01
2.489670962095260620e-01
-1.461063791066408157e-02
4.880538284778594971e-01
2.213786542415618896e-01
-1.617202535271644592e-02
4.945288896560668945e-01
3.541713654994964600e-01
-9.595490060746669769e-03
5.143496990203857422e-01
2.978681027889251709e-01
-1.552679855376482010e-02
5.263493061065673828e-01
2.640728354454040527e-01
-1.963492855429649353e-02
5.379675626754760742e-01
2.394069433212280273e-01
-2.106898836791515350e-02
5.124166607856750488e-01
3.757857978343963623e-01
-1.607663184404373169e-02
5.227050781250000000e-01
3.551724553108215332e-01
-2.299902215600013733e-02
5.114207267761230469e-01
3.660161495208740234e-01
-2.328557893633842468e-02
5.009210109710693359e-01
3.772427141666412354e-01
-1.996463723480701447e-02
5.231132507324218750e-01
3.978552818298339844e-01
-2.245969884097576141e-02
5.224538445472717285e-01
3.811399936676025391e-01
-2.259877696633338928e-02
5.136688351631164551e-01
3.876545131206512451e-01
-1.639106497168540955e-02
5.063212513923645020e-01
3.960101008415222168e-01
-1.005420926958322525e-02
