4.512997865676879883e-01
7.273270487785339355e-01
3.530529113504599081e-07
4.371178746223449707e-01
6.416549086570739746e-01
-1.601075637154281139e-03
4.681562483310699463e-01
5.770788788795471191e-01
-4.441394004970788956e-03
5.128576159477233887e-01
5.553898811340332031e-01
-6.800824310630559921e-03
5.454307198524475098e-01
5.541390180587768555e-01
-8.668771944940090179e-03
4.829657375812530518e-01
5.500282645225524902e-01
-2.125312015414237976e-02
5.102859735488891602e-01
4.677954912185668945e-01
-3.256690502166748047e-02
5.274903178215026855e-01
4.170356988906860352e-01
-3.865271806716918945e-02
5.429813265800476074e-01
3.766813278198242188e-01
-4.151538759469985962e-02
5.156057476997375488e-01
5.698230862617492676e-01
-2.385805733501911163e-02
5.474365949630737305e-01
4.875233173370361328e-01
-2.981214039027690887e-02
5.704585909843444824e-01
4.368435144424438477e-01
-3.268664702773094177e-02
5.929720997810363770e-01
4.002798199653625488e-01
-3.471442684531211853e-02
5.411745309829711914e-01
5.982752442359924316e-01
-2.467351965606212616e-02
5.557949542999267578e-01
5.451248884201049805e-01
-2.842747047543525696e-02
5.350520610809326172e-01
5.543503761291503906e-01
-2.289330027997493744e-02
5.185094475746154785e-01
5.762004852294921875e-01
-1.674217730760574341e-02
5.583727359771728516e-01
6.277539134025573730e-01
-2.603238821029663086e-02
5.526570677757263184e-01
5.892521739006042480e-01
-2.514023333787918091e-02
5.347160696983337402e-01
5.935853719711303711e-01
-1.671367511153221130e-02
5.259952545166015625e-01
6.093661785125732422e-01
-8.675948716700077057e-03
