4.398925006389617920e-01
4.533037543296813965e-01
2.311224420736834873e-07
4.398322105407714844e-01
3.945430517196655273e-01
3.754741279408335686e-03
4.623242616653442383e-01
3.539010286331176758e-01
1.735394122079014778e-03
4.874025285243988037e-01
3.436496257781982422e-01
-2.620282350108027458e-03
5.061820745468139648e-01
3.463170528411865234e-01
-6.904989015311002731e-03
4.691279232501983643e-01
3.265644609928131104e-01
-4.048726055771112442e-03
4.819468557834625244e-01
2.754308879375457764e-01
-1.265397574752569199e-02
4.888767898082733154e-01
2.407668530941009521e-01
-1.779964752495288849e-02
4.957106113433837891e-01
2.135612517595291138e-01
-2.059759758412837982e-02
4.918085634708404541e-01
3.404896855354309082e-01
-1.181181799620389938e-02
5.196667313575744629e-01
2.940080165863037109e-01
-1.805548928678035736e-02
5.367555022239685059e-01
2.633369266986846924e-01
-2.218214049935340881e-02
5.518438816070556641e-01
2.416420578956604004e-01
-2.448738366365432739e-02
5.083965659141540527e-01
3.631242215633392334e-01
-1.892760023474693298e-02
5.245886445045471191e-01
3.471744358539581299e-01
-2.374081499874591827e-02
5.124006867408752441e-01
3.559660911560058594e-01
-2.218259684741497040e-02
5.009599328041076660e-01
3.651354014873504639e-01
-1.935339160263538361e-02
5.184327363967895508e-01
3.875887393951416016e-01
-2.626942656934261322e-02
5.216162204742431641e-01
3.772399723529815674e-01
-2.578417025506496429e-02
5.113399028778076172e-01
3.845837712287902832e-01
-1.966795139014720917e-02
5.030522942543029785e-01
3.928802013397216797e-01
-1.416540611535310745e-02
