5.071654915809631348e-01
4.769390225410461426e-01
1.364312112173138303e-07
4.881948232650756836e-01
4.211547970771789551e-01
-7.235002703964710236e-04
4.965080022811889648e-01
3.736479580402374268e-01
-2.919589867815375328e-03
5.223818421363830566e-01
3.557178080081939697e-01
-6.706698797643184662e-03
5.432904958724975586e-01
3.524580001831054688e-01
-1.032976247370243073e-02
5.033404231071472168e-01
3.452798426151275635e-01
-2.298207953572273254e-03
4.964309632778167725e-01
2.910567522048950195e-01
-1.041972078382968903e-02
4.925516545772552490e-01
2.571785449981689453e-01
-1.576314121484756470e-02
4.913634657859802246e-01
2.327967137098312378e-01
-1.855148561298847198e-02
5.299911499023437500e-01
3.496348857879638672e-01
-7.494256366044282913e-03
5.357537269592285156e-01
2.925242781639099121e-01
-1.472533307969570160e-02
5.387457013130187988e-01
2.572551071643829346e-01
-1.983948610723018646e-02
5.442693829536437988e-01
2.323154956102371216e-01
-2.245181240141391754e-02
5.502761602401733398e-01
3.632208406925201416e-01
-1.293100137263536453e-02
5.577244162559509277e-01
3.208928108215332031e-01
-2.296333014965057373e-02
5.460305213928222656e-01
3.320721387863159180e-01
-2.497040666639804840e-02
5.368412733078002930e-01
3.494808971881866455e-01
-2.296660654246807098e-02
5.640674829483032227e-01
3.800762593746185303e-01
-1.839850097894668579e-02
5.569710135459899902e-01
3.557737767696380615e-01
-2.452660910785198212e-02
5.476343631744384766e-01
3.624570965766906738e-01
-2.272145450115203857e-02
5.430507063865661621e-01
3.748314082622528076e-01
-1.899858191609382629e-02
