4.130936264991760254e-01
7.587690949440002441e-01
3.277357052411389304e-07
4.066622257232666016e-01
6.793504953384399414e-01
-5.223338026553392410e-03
4.320254325866699219e-01
6.266978383064270020e-01
-1.330711226910352707e-02
4.711670279502868652e-01
6.162239909172058105e-01
-2.077616751194000244e-02
4.963312149047851562e-01
6.272627115249633789e-01
-2.846891619265079498e-02
4.492465853691101074e-01
6.140205860137939453e-01
-3.180343285202980042e-02
4.789644479751586914e-01
5.308172702789306641e-01
-4.726145416498184204e-02
4.980700314044952393e-01
4.796993136405944824e-01
-5.461133643984794617e-02
5.148362517356872559e-01
4.416388571262359619e-01
-5.759169161319732666e-02
4.795055091381072998e-01
6.440523266792297363e-01
-3.567729890346527100e-02
5.197500586509704590e-01
5.649468898773193359e-01
-4.871286451816558838e-02
5.494326353073120117e-01
5.124311447143554688e-01
-5.460567027330398560e-02
5.758938193321228027e-01
4.749879837036132812e-01
-5.739403143525123596e-02
5.033775568008422852e-01
6.752076148986816406e-01
-3.768110647797584534e-02
5.268462300300598145e-01
6.153203248977661133e-01
-5.017187073826789856e-02
5.116469860076904297e-01
6.115304827690124512e-01
-4.853765666484832764e-02
4.960555732250213623e-01
6.230867505073547363e-01
-4.273698851466178894e-02
5.202660560607910156e-01
7.009063959121704102e-01
-3.978518024086952209e-02
5.299461483955383301e-01
6.417706012725830078e-01
-4.637354612350463867e-02
5.155979990959167480e-01
6.394967436790466309e-01
-3.957073763012886047e-02
5.032941699028015137e-01
6.542925834655761719e-01
-3.103944100439548492e-02
