4.613369107246398926e-01
7.386793494224548340e-01
3.305056850422261050e-07
4.476020038127899170e-01
6.498738527297973633e-01
-1.468825852498412132e-03
4.802659153938293457e-01
5.846077203750610352e-01
-4.047204740345478058e-03
5.290184020996093750e-01
5.629634261131286621e-01
-6.209244020283222198e-03
5.636302828788757324e-01
5.582641363143920898e-01
-7.637090981006622314e-03
4.976643323898315430e-01
5.536653995513916016e-01
-1.813288033008575439e-02
5.226050019264221191e-01
4.668723940849304199e-01
-2.632057853043079376e-02
5.380740761756896973e-01
4.154508709907531738e-01
-2.983364835381507874e-02
5.521524548530578613e-01
3.744969367980957031e-01
-3.097057342529296875e-02
5.317517518997192383e-01
5.771347880363464355e-01
-2.076329104602336884e-02
5.649728178977966309e-01
4.928612709045410156e-01
-2.510411292314529419e-02
5.882433652877807617e-01
4.410991966724395752e-01
-2.745493873953819275e-02
6.113146543502807617e-01
4.044374227523803711e-01
-2.920659817755222321e-02
5.563932061195373535e-01
6.095462441444396973e-01
-2.167243510484695435e-02
5.735875964164733887e-01
5.570362806320190430e-01
-2.536278218030929565e-02
5.515938401222229004e-01
5.637193322181701660e-01
-2.096458151936531067e-02
5.336309671401977539e-01
5.840655565261840820e-01
-1.555100642144680023e-02
5.726106762886047363e-01
6.417146325111389160e-01
-2.282934635877609253e-02
5.699182152748107910e-01
6.007437705993652344e-01
-2.083447948098182678e-02
5.517460703849792480e-01
6.040544509887695312e-01
-1.179818995296955109e-02
5.421383976936340332e-01
6.196387410163879395e-01
-3.686909098178148270e-03
