4.083359837532043457e-01
7.680827379226684570e-01
3.805012909197102999e-07
3.992719650268554688e-01
6.872649192810058594e-01
-1.418608892709016800e-02
4.224217534065246582e-01
6.320216059684753418e-01
-2.702650241553783417e-02
4.618140161037445068e-01
6.179274916648864746e-01
-3.688377141952514648e-02
4.866485893726348877e-01
6.280668377876281738e-01
-4.706834256649017334e-02
4.434874951839447021e-01
6.279393434524536133e-01
-4.863337799906730652e-02
4.805197119712829590e-01
5.374257564544677734e-01
-6.732293218374252319e-02
5.026267170906066895e-01
4.853430390357971191e-01
-7.488096505403518677e-02
5.206086039543151855e-01
4.477033317089080811e-01
-7.702090591192245483e-02
4.777172505855560303e-01
6.541699171066284180e-01
-4.812738671898841858e-02
5.222436189651489258e-01
5.635170936584472656e-01
-6.265360116958618164e-02
5.522922277450561523e-01
5.108014941215515137e-01
-6.744677573442459106e-02
5.773146748542785645e-01
4.746714532375335693e-01
-6.859167665243148804e-02
5.022639036178588867e-01
6.803691983222961426e-01
-4.597146436572074890e-02
5.287398099899291992e-01
6.116749644279479980e-01
-5.712036043405532837e-02
5.349754691123962402e-01
5.897768735885620117e-01
-5.746995285153388977e-02
5.390039682388305664e-01
5.842710733413696289e-01
-5.449081212282180786e-02
5.165380239486694336e-01
6.995937824249267578e-01
-4.447052255272865295e-02
5.238582491874694824e-01
6.439215540885925293e-01
-5.011723190546035767e-02
5.185166597366333008e-01
6.294386386871337891e-01
-4.518208652734756470e-02
5.143246054649353027e-01
6.302767395973205566e-01
-3.872060403227806091e-02
