4.389732480049133301e-01
7.249486446380615234e-01
3.083831927597202593e-07
4.263542890548706055e-01
6.385877132415771484e-01
1.628999889362603426e-04
4.534320533275604248e-01
5.754442811012268066e-01
-1.579070813022553921e-03
4.954063594341278076e-01
5.597777366638183594e-01
-4.450755659490823746e-03
5.273956060409545898e-01
5.625524520874023438e-01
-6.771476007997989655e-03
4.713151156902313232e-01
5.399973988533020020e-01
-9.908004663884639740e-03
4.923165142536163330e-01
4.624541103839874268e-01
-1.957576535642147064e-02
5.047672986984252930e-01
4.110605120658874512e-01
-2.515103109180927277e-02
5.162776708602905273e-01
3.710573315620422363e-01
-2.795212715864181519e-02
5.054618120193481445e-01
5.602347254753112793e-01
-1.558654103428125381e-02
5.373598337173461914e-01
4.860042035579681396e-01
-2.092181518673896790e-02
5.592185854911804199e-01
4.377346038818359375e-01
-2.487153001129627228e-02
5.806696414947509766e-01
4.032950401306152344e-01
-2.742607891559600830e-02
5.307894349098205566e-01
5.918425917625427246e-01
-2.046723663806915283e-02
5.522932410240173340e-01
5.516437888145446777e-01
-2.610204741358757019e-02
5.358694195747375488e-01
5.619745850563049316e-01
-2.393814921379089355e-02
5.206467509269714355e-01
5.807044506072998047e-01
-1.973262056708335876e-02
5.469880104064941406e-01
6.257078051567077637e-01
-2.583017386496067047e-02
5.477729439735412598e-01
5.998754501342773438e-01
-2.683695219457149506e-02
5.341704487800598145e-01
6.060783863067626953e-01
-2.021207660436630249e-02
5.253827571868896484e-01
6.196380853652954102e-01
-1.323138456791639328e-02
