4.099752008914947510e-01
7.939546108245849609e-01
4.451532049642992206e-07
3.944147527217864990e-01
7.111667394638061523e-01
-1.444042567163705826e-02
4.191282689571380615e-01
6.489909887313842773e-01
-2.928239665925502777e-02
4.630056917667388916e-01
6.276091933250427246e-01
-3.943990170955657959e-02
4.930928945541381836e-01
6.317206025123596191e-01
-4.984898120164871216e-02
4.436247050762176514e-01
6.660907864570617676e-01
-6.084854528307914734e-02
4.667382240295410156e-01
5.831359624862670898e-01
-7.824433594942092896e-02
4.819298088550567627e-01
5.342193245887756348e-01
-8.609303832054138184e-02
4.972939789295196533e-01
4.963471293449401855e-01
-9.064736217260360718e-02
4.789759218692779541e-01
6.940200328826904297e-01
-5.794274434447288513e-02
5.339493751525878906e-01
6.164022684097290039e-01
-7.455522567033767700e-02
5.713818073272705078e-01
5.674989223480224609e-01
-7.929717004299163818e-02
6.033392548561096191e-01
5.339779853820800781e-01
-8.200562000274658203e-02
5.040966272354125977e-01
7.177431583404541016e-01
-5.111140757799148560e-02
5.320603847503662109e-01
6.365452408790588379e-01
-6.158570945262908936e-02
5.128597617149353027e-01
6.275096535682678223e-01
-5.250008776783943176e-02
4.953760802745819092e-01
6.424216032028198242e-01
-4.365847632288932800e-02
5.196596980094909668e-01
7.332130670547485352e-01
-4.488947987556457520e-02
5.309653878211975098e-01
6.586945056915283203e-01
-5.079450458288192749e-02
5.124782323837280273e-01
6.503970026969909668e-01
-4.054711759090423584e-02
4.987496733665466309e-01
6.650526523590087891e-01
-3.065366484224796295e-02
