4.550971090793609619e-01
4.771994650363922119e-01
2.031386401313284296e-07
4.453755021095275879e-01
4.159635305404663086e-01
1.648284029215574265e-03
4.630932211875915527e-01
3.712280690670013428e-01
4.719065618701279163e-04
4.906147420406341553e-01
3.580401837825775146e-01
-2.589026931673288345e-03
5.111979842185974121e-01
3.594081997871398926e-01
-5.518466234207153320e-03
4.715467393398284912e-01
3.435265719890594482e-01
-1.849818625487387180e-03
4.743220210075378418e-01
2.900072336196899414e-01
-9.168270975351333618e-03
4.779305756092071533e-01
2.559169828891754150e-01
-1.361188758164644241e-02
4.828811585903167725e-01
2.305574417114257812e-01
-1.564687862992286682e-02
4.965575039386749268e-01
3.553162217140197754e-01
-8.201518096029758453e-03
5.144074559211730957e-01
2.991026043891906738e-01
-1.442611869424581528e-02
5.270380973815917969e-01
2.624511718750000000e-01
-1.879078149795532227e-02
5.407536625862121582e-01
2.358801364898681641e-01
-2.071016281843185425e-02
5.144991278648376465e-01
3.764703571796417236e-01
-1.432592421770095825e-02
5.253369212150573730e-01
3.453739881515502930e-01
-2.235431596636772156e-02
5.121335387229919434e-01
3.557133674621582031e-01
-2.268507517874240875e-02
5.021169185638427734e-01
3.698730468750000000e-01
-1.941828429698944092e-02
5.251833200454711914e-01
3.995133042335510254e-01
-2.039624936878681183e-02
5.238151550292968750e-01
3.754077553749084473e-01
-2.361434325575828552e-02
5.143823623657226562e-01
3.805795311927795410e-01
-1.903072558343410492e-02
5.083773136138916016e-01
3.915458917617797852e-01
-1.345423888415098190e-02
