4.750284850597381592e-01
4.621492028236389160e-01
2.024362686370295705e-07
4.650372266769409180e-01
4.050224125385284424e-01
1.618508482351899147e-03
4.780936837196350098e-01
3.614532053470611572e-01
-7.194096688181161880e-04
5.014983415603637695e-01
3.476198911666870117e-01
-5.190849304199218750e-03
5.160449743270874023e-01
3.454384803771972656e-01
-9.742159396409988403e-03
4.819563627243041992e-01
3.342683315277099609e-01
-3.911740146577358246e-03
4.854679405689239502e-01
2.827283143997192383e-01
-1.285993214696645737e-02
4.871672391891479492e-01
2.490927278995513916e-01
-1.851109229028224945e-02
4.891741275787353516e-01
2.229445129632949829e-01
-2.152062393724918365e-02
5.084631443023681641e-01
3.408977389335632324e-01
-1.072723325341939926e-02
5.259401202201843262e-01
2.880252003669738770e-01
-1.808908395469188690e-02
5.369399785995483398e-01
2.539165616035461426e-01
-2.325889654457569122e-02
5.472629666328430176e-01
2.272071689367294312e-01
-2.593168430030345917e-02
5.293733477592468262e-01
3.577225804328918457e-01
-1.732461340725421906e-02
5.451294779777526855e-01
3.283344209194183350e-01
-2.571444213390350342e-02
5.361992120742797852e-01
3.408617377281188965e-01
-2.651513367891311646e-02
5.261762142181396484e-01
3.542952239513397217e-01
-2.405398711562156677e-02
5.445980429649353027e-01
3.790592849254608154e-01
-2.389722876250743866e-02
5.461769104003906250e-01
3.620043992996215820e-01
-2.712468802928924561e-02
5.387265682220458984e-01
3.691629469394683838e-01
-2.323635853826999664e-02
5.318823456764221191e-01
3.787246644496917725e-01
-1.848316006362438202e-02
