4.100106954574584961e-01
7.508046030998229980e-01
3.905122696323815035e-07
4.063549041748046875e-01
6.728435754776000977e-01
-2.141599077731370926e-03
4.309943020343780518e-01
6.190539002418518066e-01
-1.052783895283937454e-02
4.672507345676422119e-01
6.019491553306579590e-01
-2.041492611169815063e-02
4.904870092868804932e-01
6.044966578483581543e-01
-3.065288439393043518e-02
4.427101910114288330e-01
5.996509194374084473e-01
-2.758693136274814606e-02
4.749145209789276123e-01
5.164936184883117676e-01
-4.343925043940544128e-02
4.944166839122772217e-01
4.658839702606201172e-01
-5.046834796667098999e-02
5.105660557746887207e-01
4.282087385654449463e-01
-5.265521258115768433e-02
4.701831340789794922e-01
6.236124038696289062e-01
-3.477038815617561340e-02
5.134396553039550781e-01
5.436485409736633301e-01
-4.903968423604965210e-02
5.434625148773193359e-01
4.930948019027709961e-01
-5.396957695484161377e-02
5.695521235466003418e-01
4.592218101024627686e-01
-5.559640005230903625e-02
4.927355349063873291e-01
6.527781486511230469e-01
-4.045100882649421692e-02
5.255898833274841309e-01
5.909088253974914551e-01
-5.429956316947937012e-02
5.109413862228393555e-01
5.941289067268371582e-01
-5.142743512988090515e-02
4.955713748931884766e-01
6.117998361587524414e-01
-4.432924091815948486e-02
5.108451843261718750e-01
6.813729405403137207e-01
-4.614546522498130798e-02
5.299169421195983887e-01
6.230419278144836426e-01
-5.181531608104705811e-02
5.180627107620239258e-01
6.229511499404907227e-01
-4.377993941307067871e-02
5.070086121559143066e-01
6.384776234626770020e-01
-3.457155078649520874e-02
