4.261529445648193359e-01
4.497114121913909912e-01
2.422277134428441059e-07
4.286923408508300781e-01
3.915292620658874512e-01
5.630617495626211166e-03
4.519737362861633301e-01
3.525661826133728027e-01
3.641494549810886383e-03
4.761334061622619629e-01
3.440544307231903076e-01
-1.076365122571587563e-03
4.955821037292480469e-01
3.486319780349731445e-01
-5.925058852881193161e-03
4.562695324420928955e-01
3.255545496940612793e-01
-3.563739825040102005e-03
4.705536067485809326e-01
2.778760194778442383e-01
-1.167398039251565933e-02
4.775686264038085938e-01
2.461555153131484985e-01
-1.633933931589126587e-02
4.838732481002807617e-01
2.209640443325042725e-01
-1.876572892069816589e-02
4.779956936836242676e-01
3.396433889865875244e-01
-1.261983998119831085e-02
5.080455541610717773e-01
2.943400740623474121e-01
-1.854962110519409180e-02
5.256642103195190430e-01
2.657799422740936279e-01
-2.226134389638900757e-02
5.406172275543212891e-01
2.453772574663162231e-01
-2.422725036740303040e-02
4.940490722656250000e-01
3.637627363204956055e-01
-2.077277749776840210e-02
5.159224271774291992e-01
3.532016873359680176e-01
-2.490241825580596924e-02
5.046584010124206543e-01
3.644824922084808350e-01
-2.227714471518993378e-02
4.926154613494873047e-01
3.733933866024017334e-01
-1.888019591569900513e-02
5.038074851036071777e-01
3.905691504478454590e-01
-2.896561473608016968e-02
5.126789808273315430e-01
3.831538558006286621e-01
-2.696024067699909210e-02
5.031917095184326172e-01
3.917015194892883301e-01
-1.924951747059822083e-02
4.938602745532989502e-01
3.988169431686401367e-01
-1.292499713599681854e-02
