4.047932028770446777e-01
7.689721584320068359e-01
3.807490429608151317e-07
3.986769318580627441e-01
6.872772574424743652e-01
-8.449508808553218842e-03
4.254495799541473389e-01
6.336193680763244629e-01
-1.907445862889289856e-02
4.649222791194915771e-01
6.193141937255859375e-01
-2.740970253944396973e-02
4.924393296241760254e-01
6.277770400047302246e-01
-3.733927011489868164e-02
4.408886730670928955e-01
6.267490983009338379e-01
-4.419460520148277283e-02
4.696111679077148438e-01
5.394220352172851562e-01
-6.077775359153747559e-02
4.866883158683776855e-01
4.851185679435729980e-01
-6.739892810583114624e-02
4.998649358749389648e-01
4.472278952598571777e-01
-6.971510499715805054e-02
4.743700027465820312e-01
6.535710692405700684e-01
-4.727488383650779724e-02
5.213114023208618164e-01
5.623718500137329102e-01
-6.233296170830726624e-02
5.511288046836853027e-01
5.088655352592468262e-01
-6.952624022960662842e-02
5.731989741325378418e-01
4.729335010051727295e-01
-7.204597443342208862e-02
4.991335272789001465e-01
6.792770028114318848e-01
-4.799679294228553772e-02
5.303469896316528320e-01
5.951589941978454590e-01
-5.967122316360473633e-02
5.468766689300537109e-01
5.466492176055908203e-01
-6.669986993074417114e-02
5.611953139305114746e-01
5.178511142730712891e-01
-6.995905935764312744e-02
5.143323540687561035e-01
6.994640231132507324e-01
-4.830015450716018677e-02
5.142669081687927246e-01
6.463250517845153809e-01
-5.387403070926666260e-02
5.014241337776184082e-01
6.284445524215698242e-01
-5.189108103513717651e-02
4.937053322792053223e-01
6.266093850135803223e-01
-4.884406551718711853e-02
