4.371257424354553223e-01
4.601356685161590576e-01
2.324949832654965576e-07
4.346823096275329590e-01
4.000546932220458984e-01
2.560285385698080063e-03
4.567311108112335205e-01
3.580239415168762207e-01
5.585728795267641544e-04
4.830974042415618896e-01
3.479289412498474121e-01
-3.332993248477578163e-03
5.027045011520385742e-01
3.515009284019470215e-01
-7.042772602289915085e-03
4.629172682762145996e-01
3.310399949550628662e-01
-4.137095995247364044e-03
4.737900197505950928e-01
2.818239331245422363e-01
-1.218648627400398254e-02
4.805365204811096191e-01
2.478395700454711914e-01
-1.750865578651428223e-02
4.879639446735382080e-01
2.220889776945114136e-01
-2.069916017353534698e-02
4.851185977458953857e-01
3.455618023872375488e-01
-1.109964959323406219e-02
5.096402764320373535e-01
2.978702783584594727e-01
-1.726524345576763153e-02
5.264892578125000000e-01
2.664775252342224121e-01
-2.200096286833286285e-02
5.429444909095764160e-01
2.445685267448425293e-01
-2.498889714479446411e-02
5.020341277122497559e-01
3.690219521522521973e-01
-1.740761101245880127e-02
5.184516310691833496e-01
3.492421805858612061e-01
-2.282254025340080261e-02
5.061813592910766602e-01
3.573533594608306885e-01
-2.163907513022422791e-02
4.948774874210357666e-01
3.672070205211639404e-01
-1.897833123803138733e-02
5.126056075096130371e-01
3.943151235580444336e-01
-2.396388538181781769e-02
5.159722566604614258e-01
3.805368840694427490e-01
-2.473944798111915588e-02
5.065578222274780273e-01
3.874165117740631104e-01
-1.920972578227519989e-02
4.992077648639678955e-01
3.962511122226715088e-01
-1.393152773380279541e-02
