4.563735425472259521e-01
4.700371921062469482e-01
2.520465613997657783e-07
4.472524523735046387e-01
4.103877544403076172e-01
1.295209629461169243e-03
4.668151140213012695e-01
3.626262545585632324e-01
7.892984431236982346e-04
4.929443299770355225e-01
3.454345464706420898e-01
-1.442785840481519699e-03
5.107874870300292969e-01
3.412466049194335938e-01
-3.350461134687066078e-03
4.780921936035156250e-01
3.345344662666320801e-01
-1.638049492612481117e-03
4.866065084934234619e-01
2.800713181495666504e-01
-9.356018155813217163e-03
4.933807849884033203e-01
2.439428567886352539e-01
-1.382632646709680557e-02
4.996046721935272217e-01
2.163759022951126099e-01
-1.568098179996013641e-02
5.040751695632934570e-01
3.476822078227996826e-01
-7.271258626133203506e-03
5.282824635505676270e-01
2.961494326591491699e-01
-1.406410429626703262e-02
5.455020070075988770e-01
2.632284164428710938e-01
-1.880087144672870636e-02
5.607240200042724609e-01
2.387255728244781494e-01
-2.055766806006431580e-02
5.216947793960571289e-01
3.689080774784088135e-01
-1.278623938560485840e-02
5.313755869865417480e-01
3.476025462150573730e-01
-2.105534635484218597e-02
5.199862718582153320e-01
3.578262329101562500e-01
-2.223654277622699738e-02
5.093979239463806152e-01
3.687642216682434082e-01
-1.930395513772964478e-02
5.313746333122253418e-01
3.910881578922271729e-01
-1.820468716323375702e-02
5.298702120780944824e-01
3.740469515323638916e-01
-2.096019312739372253e-02
5.214216113090515137e-01
3.804760873317718506e-01
-1.647681929171085358e-02
5.138046741485595703e-01
3.895470499992370605e-01
-1.080283522605895996e-02
