4.308119118213653564e-01
4.453765749931335449e-01
2.431334849006816512e-07
4.319093227386474609e-01
3.873809576034545898e-01
3.018715418875217438e-03
4.557391703128814697e-01
3.466351926326751709e-01
7.648934260942041874e-04
4.830169379711151123e-01
3.386184573173522949e-01
-3.842109581455588341e-03
5.033687353134155273e-01
3.444710075855255127e-01
-8.215064182877540588e-03
4.608458578586578369e-01
3.182232379913330078e-01
-2.537376945838332176e-03
4.760883152484893799e-01
2.717705070972442627e-01
-1.069220807403326035e-02
4.843977987766265869e-01
2.398790121078491211e-01
-1.577122882008552551e-02
4.913629293441772461e-01
2.147216647863388062e-01
-1.875501871109008789e-02
4.816000163555145264e-01
3.316002190113067627e-01
-1.074313372373580933e-02
5.128578543663024902e-01
2.875126898288726807e-01
-1.767156273126602173e-02
5.312975645065307617e-01
2.598484456539154053e-01
-2.246857993304729462e-02
5.474960803985595703e-01
2.383042871952056885e-01
-2.504068240523338318e-02
4.977421462535858154e-01
3.551265597343444824e-01
-1.848196052014827728e-02
5.222669243812561035e-01
3.412995934486389160e-01
-2.535746805369853973e-02
5.116326212882995605e-01
3.536687493324279785e-01
-2.393498085439205170e-02
5.002844929695129395e-01
3.625808656215667725e-01
-2.058022469282150269e-02
5.087276697158813477e-01
3.825741410255432129e-01
-2.640887163579463959e-02
5.204405784606933594e-01
3.738493323326110840e-01
-2.701734937727451324e-02
5.111495852470397949e-01
3.834246993064880371e-01
-2.037396095693111420e-02
5.023761987686157227e-01
3.913845419883728027e-01
-1.434987504035234451e-02
