4.102796316146850586e-01
7.939246892929077148e-01
4.393933181745524053e-07
3.936129510402679443e-01
7.116264700889587402e-01
-1.433796249330043793e-02
4.182646870613098145e-01
6.502485871315002441e-01
-2.950203604996204376e-02
4.617537260055541992e-01
6.295241117477416992e-01
-4.016203805804252625e-02
4.915240406990051270e-01
6.355776786804199219e-01
-5.098377913236618042e-02
4.432892799377441406e-01
6.659650802612304688e-01
-6.129546836018562317e-02
4.659291207790374756e-01
5.837075114250183105e-01
-8.069894462823867798e-02
4.810357987880706787e-01
5.339708924293518066e-01
-9.006261825561523438e-02
4.958246946334838867e-01
4.953533411026000977e-01
-9.534251689910888672e-02
4.786334037780761719e-01
6.936527490615844727e-01
-5.878551304340362549e-02
5.347505807876586914e-01
6.168543696403503418e-01
-7.630407065153121948e-02
5.727342367172241211e-01
5.680589675903320312e-01
-8.115320652723312378e-02
6.047221422195434570e-01
5.341483950614929199e-01
-8.356264233589172363e-02
5.037631988525390625e-01
7.172715663909912109e-01
-5.252540484070777893e-02
5.287758111953735352e-01
6.373084187507629395e-01
-6.304971873760223389e-02
5.095539093017578125e-01
6.288620829582214355e-01
-5.327836051583290100e-02
4.926475882530212402e-01
6.431329250335693359e-01
-4.369529336690902710e-02
5.192816257476806641e-01
7.336175441741943359e-01
-4.702850058674812317e-02
5.300134420394897461e-01
6.599012613296508789e-01
-5.246441066265106201e-02
5.119684338569641113e-01
6.517224907875061035e-01
-4.148370027542114258e-02
4.987546503543853760e-01
6.654925942420959473e-01
-3.086761943995952606e-02
