4.355693757534027100e-01
7.196168899536132812e-01
3.418930702991929138e-07
4.192007482051849365e-01
6.348403096199035645e-01
-2.931768074631690979e-03
4.438488185405731201e-01
5.703235268592834473e-01
-5.548821296542882919e-03
4.830078482627868652e-01
5.497238039970397949e-01
-8.605105802416801453e-03
5.124809741973876953e-01
5.505662560462951660e-01
-1.127933803945779800e-02
4.685518741607666016e-01
5.351109504699707031e-01
-1.360349450260400772e-02
4.928722083568572998e-01
4.586659669876098633e-01
-2.395851165056228638e-02
5.075828433036804199e-01
4.108687341213226318e-01
-2.961771190166473389e-02
5.204058885574340820e-01
3.745054900646209717e-01
-3.195134177803993225e-02
5.019805431365966797e-01
5.568230748176574707e-01
-1.729645021259784698e-02
5.349076390266418457e-01
4.837500452995300293e-01
-2.398756146430969238e-02
5.563519597053527832e-01
4.384931325912475586e-01
-2.770015783607959747e-02
5.774704813957214355e-01
4.077978134155273438e-01
-2.918446063995361328e-02
5.257865786552429199e-01
5.882084369659423828e-01
-2.037387154996395111e-02
5.397692918777465820e-01
5.505812168121337891e-01
-2.726406417787075043e-02
5.210053920745849609e-01
5.571069121360778809e-01
-2.567786909639835358e-02
5.054324865341186523e-01
5.749163031578063965e-01
-2.111451886594295502e-02
5.403310656547546387e-01
6.201238036155700684e-01
-2.401067502796649933e-02
5.373976230621337891e-01
5.919310450553894043e-01
-2.554885111749172211e-02
5.226694941520690918e-01
5.955370664596557617e-01
-1.885934174060821533e-02
5.129129290580749512e-01
6.089699268341064453e-01
-1.139462739229202271e-02
