4.429792463779449463e-01
4.728007912635803223e-01
2.274962156434412464e-07
4.402171373367309570e-01
4.110409021377563477e-01
8.361128857359290123e-04
4.627153873443603516e-01
3.685020208358764648e-01
-1.600480405613780022e-03
4.918850660324096680e-01
3.576080203056335449e-01
-5.808518268167972565e-03
5.132219195365905762e-01
3.590800464153289795e-01
-9.514788165688514709e-03
4.659149944782257080e-01
3.426570296287536621e-01
-2.633653581142425537e-03
4.741105437278747559e-01
2.883949279785156250e-01
-1.087740715593099594e-02
4.796817004680633545e-01
2.525734305381774902e-01
-1.603730767965316772e-02
4.860099554061889648e-01
2.248163372278213501e-01
-1.857990957796573639e-02
4.897234141826629639e-01
3.571115136146545410e-01
-9.037703275680541992e-03
5.118429064750671387e-01
3.024331629276275635e-01
-1.568992435932159424e-02
5.258136987686157227e-01
2.679244279861450195e-01
-2.036453783512115479e-02
5.402671098709106445e-01
2.424033433198928833e-01
-2.259691432118415833e-02
5.072404146194458008e-01
3.792140483856201172e-01
-1.533508207648992538e-02
5.218416452407836914e-01
3.523897230625152588e-01
-2.369529381394386292e-02
5.089357495307922363e-01
3.621700108051300049e-01
-2.390989288687705994e-02
4.981018006801605225e-01
3.743985593318939209e-01
-2.060560509562492371e-02
5.174464583396911621e-01
4.016051590442657471e-01
-2.172313816845417023e-02
5.190593600273132324e-01
3.814847469329833984e-01
-2.388036623597145081e-02
5.094168782234191895e-01
3.875089585781097412e-01
-1.851769164204597473e-02
5.027235746383666992e-01
3.970030546188354492e-01
-1.273653190582990646e-02
