4.161871969699859619e-01
7.866832017898559570e-01
3.765618714623997221e-07
3.995225429534912109e-01
7.021931409835815430e-01
-1.818279363214969635e-02
4.200376272201538086e-01
6.341478824615478516e-01
-3.173543512821197510e-02
4.642392694950103760e-01
6.142697334289550781e-01
-4.074726998805999756e-02
4.943572282791137695e-01
6.277317404747009277e-01
-4.942377284169197083e-02
4.552960395812988281e-01
6.533983349800109863e-01
-5.360607057809829712e-02
4.876055717468261719e-01
5.636918544769287109e-01
-7.239621877670288086e-02
5.085917115211486816e-01
5.149528384208679199e-01
-8.135012537240982056e-02
5.273384451866149902e-01
4.779735803604125977e-01
-8.602283149957656860e-02
4.895524978637695312e-01
6.806226372718811035e-01
-5.051907524466514587e-02
5.301216840744018555e-01
5.887472033500671387e-01
-6.637680530548095703e-02
5.597208142280578613e-01
5.348345041275024414e-01
-7.086291164159774780e-02
5.862575769424438477e-01
4.967541694641113281e-01
-7.294971495866775513e-02
5.110223889350891113e-01
7.030234932899475098e-01
-4.571282118558883667e-02
5.260496139526367188e-01
6.230860948562622070e-01
-5.933572351932525635e-02
5.082151889801025391e-01
6.157840490341186523e-01
-5.537493154406547546e-02
4.916584491729736328e-01
6.303200721740722656e-01
-4.866980388760566711e-02
5.211498141288757324e-01
7.170287966728210449e-01
-4.199969023466110229e-02
5.249705314636230469e-01
6.486502885818481445e-01
-5.275640636682510376e-02
5.087567567825317383e-01
6.426705121994018555e-01
-4.771886020898818970e-02
4.957024455070495605e-01
6.577149033546447754e-01
-4.047986492514610291e-02
