4.640764892101287842e-01
4.740423858165740967e-01
1.951260628629825078e-07
4.541986584663391113e-01
4.100590944290161133e-01
1.484758802689611912e-03
4.709162414073944092e-01
3.652495741844177246e-01
3.307327860966324806e-04
4.990332126617431641e-01
3.533798456192016602e-01
-2.619534963741898537e-03
5.198727250099182129e-01
3.536160886287689209e-01
-5.500695668160915375e-03
4.792132377624511719e-01
3.397632539272308350e-01
-3.004981903359293938e-03
4.815534651279449463e-01
2.832489013671875000e-01
-1.087582204490900040e-02
4.840846061706542969e-01
2.474664151668548584e-01
-1.575553044676780701e-02
4.879186749458312988e-01
2.199071645736694336e-01
-1.799666695296764374e-02
5.046627521514892578e-01
3.518686890602111816e-01
-9.072846733033657074e-03
5.199393630027770996e-01
2.948834002017974854e-01
-1.540071982890367508e-02
5.304664373397827148e-01
2.575843930244445801e-01
-2.001695521175861359e-02
5.423573255538940430e-01
2.299102544784545898e-01
-2.227605693042278290e-02
5.226131677627563477e-01
3.723668158054351807e-01
-1.491599809378385544e-02
5.313563346862792969e-01
3.392111659049987793e-01
-2.300274372100830078e-02
5.184111595153808594e-01
3.486092388629913330e-01
-2.373033389449119568e-02
5.084241032600402832e-01
3.624690473079681396e-01
-2.082752250134944916e-02
5.332831740379333496e-01
3.938453793525695801e-01
-2.064714580774307251e-02
5.299566388130187988e-01
3.674499988555908203e-01
-2.365959249436855316e-02
5.201339721679687500e-01
3.715664446353912354e-01
-1.916983909904956818e-02
5.139015913009643555e-01
3.821503818035125732e-01
-1.376758422702550888e-02
