4.150343239307403564e-01
4.203824400901794434e-01
2.867190858069079695e-07
4.196411669254302979e-01
3.674473166465759277e-01
2.632299670949578285e-03
4.411069154739379883e-01
3.312838673591613770e-01
-7.680946146138012409e-04
4.661605656147003174e-01
3.244901001453399658e-01
-6.312921177595853806e-03
4.852236509323120117e-01
3.335371315479278564e-01
-1.152068097144365311e-02
4.472386240959167480e-01
3.083374202251434326e-01
-7.375103421509265900e-03
4.656544029712677002e-01
2.625461816787719727e-01
-1.606975309550762177e-02
4.767563045024871826e-01
2.341141402721405029e-01
-2.004320733249187469e-02
4.857051074504852295e-01
2.136563360691070557e-01
-2.159373462200164795e-02
4.650535583496093750e-01
3.235668241977691650e-01
-1.503354031592607498e-02
5.018647313117980957e-01
2.836154699325561523e-01
-2.296772599220275879e-02
5.238003134727478027e-01
2.575690448284149170e-01
-2.695555612444877625e-02
5.417000055313110352e-01
2.394259423017501831e-01
-2.830617316067218781e-02
4.777400195598602295e-01
3.488947153091430664e-01
-2.179184369742870331e-02
5.031065344810485840e-01
3.385975062847137451e-01
-2.820930629968643188e-02
4.923123717308044434e-01
3.485702276229858398e-01
-2.489599213004112244e-02
4.810017347335815430e-01
3.571170866489410400e-01
-1.988881453871726990e-02
4.854576587677001953e-01
3.783319294452667236e-01
-2.863167785108089447e-02
4.991463422775268555e-01
3.711229264736175537e-01
-2.780812606215476990e-02
4.899025261402130127e-01
3.776812553405761719e-01
-1.933982968330383301e-02
4.810232222080230713e-01
3.843670785427093506e-01
-1.183161605149507523e-02
