4.438491165637969971e-01
7.196263670921325684e-01
3.328393347601377172e-07
4.281390309333801270e-01
6.355319023132324219e-01
-2.936799544841051102e-03
4.565492868423461914e-01
5.713949799537658691e-01
-6.206119433045387268e-03
5.006228089332580566e-01
5.504989624023437500e-01
-8.649141527712345123e-03
5.352133512496948242e-01
5.524811744689941406e-01
-1.061895117163658142e-02
4.749721586704254150e-01
5.378341078758239746e-01
-2.184620127081871033e-02
5.001558065414428711e-01
4.502749741077423096e-01
-3.196256980299949646e-02
5.163644552230834961e-01
3.968668580055236816e-01
-3.624034300446510315e-02
5.298439860343933105e-01
3.564539849758148193e-01
-3.745808824896812439e-02
5.089135766029357910e-01
5.581953525543212891e-01
-2.366974763572216034e-02
5.403723120689392090e-01
4.769158959388732910e-01
-2.796493843197822571e-02
5.593487620353698730e-01
4.304498434066772461e-01
-2.886862494051456451e-02
5.768226981163024902e-01
3.999738991260528564e-01
-2.902116440236568451e-02
5.338700413703918457e-01
5.879547595977783203e-01
-2.398823387920856476e-02
5.457658171653747559e-01
5.458887219429016113e-01
-2.670757658779621124e-02
5.264325141906738281e-01
5.505595207214355469e-01
-2.289621904492378235e-02
5.105844140052795410e-01
5.691942572593688965e-01
-1.815203018486499786e-02
5.487811565399169922e-01
6.180229187011718750e-01
-2.482910268008708954e-02
5.419374704360961914e-01
5.881881713867187500e-01
-2.279699780046939850e-02
5.252945423126220703e-01
5.921344757080078125e-01
-1.511627808213233948e-02
5.158498883247375488e-01
6.067658662796020508e-01
-7.869616150856018066e-03
