4.458827972412109375e-01
4.624091386795043945e-01
2.364810285371277132e-07
4.394392967224121094e-01
4.036694467067718506e-01
3.295547794550657272e-03
4.586686491966247559e-01
3.607349395751953125e-01
2.168263308703899384e-03
4.830902516841888428e-01
3.484492599964141846e-01
-7.153940387070178986e-04
5.015614628791809082e-01
3.489615619182586670e-01
-3.517967648804187775e-03
4.661625027656555176e-01
3.337130248546600342e-01
-4.755008034408092499e-03
4.769188463687896729e-01
2.815737724304199219e-01
-1.225801650434732437e-02
4.839113354682922363e-01
2.475488036870956421e-01
-1.587015949189662933e-02
4.910916984081268311e-01
2.220192551612854004e-01
-1.718977838754653931e-02
4.906162619590759277e-01
3.462274968624114990e-01
-1.113278139382600784e-02
5.151560306549072266e-01
2.953429818153381348e-01
-1.682953722774982452e-02
5.313263535499572754e-01
2.637845873832702637e-01
-2.000707015395164490e-02
5.463083982467651367e-01
2.421433627605438232e-01
-2.099580504000186920e-02
5.086764097213745117e-01
3.678914904594421387e-01
-1.671668514609336853e-02
5.203496813774108887e-01
3.486292362213134766e-01
-2.214536070823669434e-02
5.082767009735107422e-01
3.587380945682525635e-01
-2.127105556428432465e-02
4.975251257419586182e-01
3.700976669788360596e-01
-1.794894412159919739e-02
5.196287631988525391e-01
3.912570178508758545e-01
-2.218880504369735718e-02
5.190733671188354492e-01
3.777122497558593750e-01
-2.254202589392662048e-02
5.096588730812072754e-01
3.843358159065246582e-01
-1.689649745821952820e-02
5.021943449974060059e-01
3.929542005062103271e-01
-1.099516637623310089e-02
