4.125541448593139648e-01
4.292087554931640625e-01
2.344522300745666143e-07
4.168805480003356934e-01
3.738814294338226318e-01
1.069145044311881065e-03
4.391987025737762451e-01
3.373604118824005127e-01
-2.571981865912675858e-03
4.653741121292114258e-01
3.319663405418395996e-01
-8.292539045214653015e-03
4.846699833869934082e-01
3.412446081638336182e-01
-1.369692105799913406e-02
4.443413317203521729e-01
3.149714469909667969e-01
-5.481487140059471130e-03
4.594193696975708008e-01
2.704153060913085938e-01
-1.462328899651765823e-02
4.684759080410003662e-01
2.400918900966644287e-01
-2.012668550014495850e-02
4.774724841117858887e-01
2.176226824522018433e-01
-2.320084348320960999e-02
4.632456302642822266e-01
3.307584226131439209e-01
-1.276566833257675171e-02
4.925978481769561768e-01
2.899278700351715088e-01
-2.121587842702865601e-02
5.121744871139526367e-01
2.631109058856964111e-01
-2.670715749263763428e-02
5.302076935768127441e-01
2.435731291770935059e-01
-2.964030951261520386e-02
4.776654243469238281e-01
3.556910753250122070e-01
-1.958857662975788116e-02
5.021686553955078125e-01
3.437891304492950439e-01
-2.798225730657577515e-02
4.909730851650238037e-01
3.549510538578033447e-01
-2.627994492650032043e-02
4.790494143962860107e-01
3.639256656169891357e-01
-2.231090329587459564e-02
4.869428277015686035e-01
3.838014900684356689e-01
-2.662299945950508118e-02
5.001430511474609375e-01
3.741811215877532959e-01
-2.848460711538791656e-02
4.906231164932250977e-01
3.819682598114013672e-01
-2.181940898299217224e-02
4.818401634693145752e-01
3.889098465442657471e-01
-1.550889387726783752e-02
