4.475453495979309082e-01
7.378966808319091797e-01
2.781480645808187546e-07
4.335277974605560303e-01
6.487794518470764160e-01
2.487720455974340439e-03
4.601989984512329102e-01
5.803468823432922363e-01
1.988298725336790085e-03
5.006102919578552246e-01
5.604870915412902832e-01
1.004590652883052826e-03
5.329424142837524414e-01
5.650115013122558594e-01
9.554142707202117890e-06
4.819298982620239258e-01
5.505937337875366211e-01
-1.621729694306850433e-02
5.038958787918090820e-01
4.681330919265747070e-01
-2.604078128933906555e-02
5.153157114982604980e-01
4.144307971000671387e-01
-3.052220866084098816e-02
5.251644849777221680e-01
3.730588257312774658e-01
-3.233092650771141052e-02
5.163013935089111328e-01
5.709953308105468750e-01
-2.102942205965518951e-02
5.518941283226013184e-01
4.886994957923889160e-01
-2.621616050601005554e-02
5.727487206459045410e-01
4.369649887084960938e-01
-2.889203839004039764e-02
5.924781560897827148e-01
4.014981985092163086e-01
-3.050967119634151459e-02
5.426803827285766602e-01
6.018556356430053711e-01
-2.376963384449481964e-02
5.643136501312255859e-01
5.524757504463195801e-01
-2.760331891477108002e-02
5.442425012588500977e-01
5.608754158020019531e-01
-2.361742965877056122e-02
5.267490148544311523e-01
5.819999575614929199e-01
-1.845338940620422363e-02
5.600576996803283691e-01
6.343429088592529297e-01
-2.657173387706279755e-02
5.568354129791259766e-01
6.011580824851989746e-01
-2.609939686954021454e-02
5.408385992050170898e-01
6.060057878494262695e-01
-1.848071254789829254e-02
5.316796302795410156e-01
6.216802000999450684e-01
-1.078129932284355164e-02
