4.466085135936737061e-01
7.177540063858032227e-01
2.957438312023441540e-07
4.341961145401000977e-01
6.294934153556823730e-01
-1.158050145022571087e-03
4.629964232444763184e-01
5.655934810638427734e-01
-2.359082223847508430e-03
5.050825476646423340e-01
5.502440929412841797e-01
-3.895850386470556259e-03
5.362103581428527832e-01
5.540874600410461426e-01
-5.092062521725893021e-03
4.798217415809631348e-01
5.367447733879089355e-01
-1.404239702969789505e-02
5.052372813224792480e-01
4.563230872154235840e-01
-2.355839870870113373e-02
5.197901129722595215e-01
4.051714539527893066e-01
-2.863654494285583496e-02
5.327200293540954590e-01
3.651407063007354736e-01
-3.128125146031379700e-02
5.136874914169311523e-01
5.573364496231079102e-01
-1.777114160358905792e-02
5.442469120025634766e-01
4.821496307849884033e-01
-2.386134490370750427e-02
5.630916357040405273e-01
4.342352747917175293e-01
-2.791985869407653809e-02
5.819182991981506348e-01
3.997942209243774414e-01
-3.073164261877536774e-02
5.387787818908691406e-01
5.873934030532836914e-01
-2.038393914699554443e-02
5.559566020965576172e-01
5.383126735687255859e-01
-2.695474773645401001e-02
5.350735187530517578e-01
5.464301109313964844e-01
-2.524547837674617767e-02
5.179531574249267578e-01
5.660797953605651855e-01
-2.141295187175273895e-02
5.544100403785705566e-01
6.178587675094604492e-01
-2.332473732531070709e-02
5.496289730072021484e-01
5.836499929428100586e-01
-2.656418271362781525e-02
5.325751304626464844e-01
5.879427194595336914e-01
-2.178962528705596924e-02
5.230727195739746094e-01
6.034604310989379883e-01
-1.608970388770103455e-02
