4.636716842651367188e-01
4.759128689765930176e-01
2.004010184464277700e-07
4.537145793437957764e-01
4.126937091350555420e-01
1.059071277268230915e-03
4.703682065010070801e-01
3.681915104389190674e-01
-5.962249706499278545e-04
4.984505474567413330e-01
3.567763566970825195e-01
-3.845297731459140778e-03
5.194194316864013672e-01
3.567110300064086914e-01
-7.019470445811748505e-03
4.788970649242401123e-01
3.406054079532623291e-01
-3.929942380636930466e-03
4.814702272415161133e-01
2.843448519706726074e-01
-1.198324002325534821e-02
4.838193655014038086e-01
2.487833052873611450e-01
-1.698750257492065430e-02
4.874463975429534912e-01
2.215029746294021606e-01
-1.934087276458740234e-02
5.040162205696105957e-01
3.522077798843383789e-01
-9.873045608401298523e-03
5.190583467483520508e-01
2.928213179111480713e-01
-1.608031243085861206e-02
5.295340418815612793e-01
2.565128803253173828e-01
-2.047415077686309814e-02
5.414614677429199219e-01
2.303456217050552368e-01
-2.250810153782367706e-02
5.217551589012145996e-01
3.727607727050781250e-01
-1.554473675787448883e-02
5.310729742050170898e-01
3.407424092292785645e-01
-2.310435101389884949e-02
5.181175470352172852e-01
3.505246043205261230e-01
-2.333836257457733154e-02
5.078568458557128906e-01
3.642678856849670410e-01
-2.027457766234874725e-02
5.320190191268920898e-01
3.946734964847564697e-01
-2.121697366237640381e-02
5.288348197937011719e-01
3.710193932056427002e-01
-2.401563525199890137e-02
5.193866491317749023e-01
3.756805062294006348e-01
-1.925953850150108337e-02
5.132721662521362305e-01
3.859425783157348633e-01
-1.367640588432550430e-02
