4.429532885551452637e-01
4.733465909957885742e-01
1.949281625002186047e-07
4.402847290039062500e-01
4.154905378818511963e-01
2.793204737827181816e-03
4.596940279006958008e-01
3.728590309619903564e-01
1.018611830659210682e-03
4.855890870094299316e-01
3.611420989036560059e-01
-2.970313420519232750e-03
5.036145448684692383e-01
3.616752922534942627e-01
-6.776858586817979813e-03
4.624098241329193115e-01
3.451508283615112305e-01
-7.927697733975946903e-04
4.700735807418823242e-01
2.946706414222717285e-01
-8.671626448631286621e-03
4.736128747463226318e-01
2.610239088535308838e-01
-1.377619709819555283e-02
4.767211973667144775e-01
2.342637032270431519e-01
-1.651574857532978058e-02
4.856716692447662354e-01
3.564419150352478027e-01
-8.176169358193874359e-03
5.080541968345642090e-01
3.062813282012939453e-01
-1.449311524629592896e-02
5.219176411628723145e-01
2.750238776206970215e-01
-1.895613223314285278e-02
5.351358056068420410e-01
2.507558465003967285e-01
-2.111440524458885193e-02
5.036079287528991699e-01
3.771257400512695312e-01
-1.526858005672693253e-02
5.227524042129516602e-01
3.510253429412841797e-01
-2.314215712249279022e-02
5.122388005256652832e-01
3.646677136421203613e-01
-2.243283018469810486e-02
5.017967820167541504e-01
3.774969279766082764e-01
-1.880347914993762970e-02
5.163685679435729980e-01
4.016241729259490967e-01
-2.233821526169776917e-02
5.231231451034545898e-01
3.857967555522918701e-01
-2.487301640212535858e-02
5.153868794441223145e-01
3.954844474792480469e-01
-1.939142681658267975e-02
5.090589523315429688e-01
4.055446386337280273e-01
-1.338200177997350693e-02
