4.598298668861389160e-01
7.372719049453735352e-01
3.288503194198710844e-07
4.461864233016967773e-01
6.460714340209960938e-01
-1.829421962611377239e-03
4.796556234359741211e-01
5.780835747718811035e-01
-3.338374430313706398e-03
5.279327034950256348e-01
5.590462088584899902e-01
-4.221269395202398300e-03
5.618915557861328125e-01
5.542808175086975098e-01
-3.985949326306581497e-03
4.974394738674163818e-01
5.507158637046813965e-01
-1.467485819011926651e-02
5.216394662857055664e-01
4.662889242172241211e-01
-2.031595446169376373e-02
5.356081724166870117e-01
4.158997535705566406e-01
-2.231648378074169159e-02
5.487880110740661621e-01
3.753696084022521973e-01
-2.307924255728721619e-02
5.311518311500549316e-01
5.758541226387023926e-01
-1.700595021247863770e-02
5.628466606140136719e-01
4.914433360099792480e-01
-2.062466740608215332e-02
5.850749015808105469e-01
4.377856254577636719e-01
-2.377494238317012787e-02
6.081308722496032715e-01
3.999204635620117188e-01
-2.660044655203819275e-02
5.557375550270080566e-01
6.075857281684875488e-01
-1.783482171595096588e-02
5.746070742607116699e-01
5.514562726020812988e-01
-2.286029234528541565e-02
5.510392189025878906e-01
5.594186782836914062e-01
-2.063534967601299286e-02
5.319085717201232910e-01
5.830153226852416992e-01
-1.666009984910488129e-02
5.719453692436218262e-01
6.366755962371826172e-01
-1.877335272729396820e-02
5.626910924911499023e-01
5.946636199951171875e-01
-1.969395577907562256e-02
5.427699089050292969e-01
5.986116528511047363e-01
-1.364845782518386841e-02
5.333176851272583008e-01
6.164072155952453613e-01
-7.568025030195713043e-03
