4.003411531448364258e-01
7.439817190170288086e-01
4.476526385133183794e-07
3.930093050003051758e-01
6.677618026733398438e-01
-1.963704358786344528e-03
4.166641235351562500e-01
6.109403371810913086e-01
-1.020761299878358841e-02
4.547789990901947021e-01
5.950959920883178711e-01
-1.973558403551578522e-02
4.819224774837493896e-01
5.996680259704589844e-01
-2.903571724891662598e-02
4.291814267635345459e-01
5.848462581634521484e-01
-2.165410667657852173e-02
4.400914609432220459e-01
5.075898766517639160e-01
-3.739348053932189941e-02
4.447189867496490479e-01
4.556641578674316406e-01
-4.705405980348587036e-02
4.490672647953033447e-01
4.154096245765686035e-01
-5.209766328334808350e-02
4.603064060211181641e-01
6.066079139709472656e-01
-2.920964173972606659e-02
5.046119093894958496e-01
5.356966853141784668e-01
-4.257026687264442444e-02
5.362790822982788086e-01
4.836844801902770996e-01
-4.993703216314315796e-02
5.653090476989746094e-01
4.452480077743530273e-01
-5.385525524616241455e-02
4.836701750755310059e-01
6.369652748107910156e-01
-3.547390177845954895e-02
5.126069784164428711e-01
5.919944643974304199e-01
-4.767360165715217590e-02
4.973480403423309326e-01
5.995348691940307617e-01
-4.527762532234191895e-02
4.818000793457031250e-01
6.170747280120849609e-01
-3.926695883274078369e-02
5.010393857955932617e-01
6.679497957229614258e-01
-4.200920090079307556e-02
5.148618221282958984e-01
6.284350156784057617e-01
-4.697016254067420959e-02
5.020102262496948242e-01
6.355826258659362793e-01
-3.831823170185089111e-02
4.916118085384368896e-01
6.517527103424072266e-01
-2.886442653834819794e-02
