4.507212936878204346e-01
4.610273838043212891e-01
1.905693238768435549e-07
4.464986324310302734e-01
4.066213965415954590e-01
8.115082746371626854e-04
4.617703557014465332e-01
3.657339215278625488e-01
-1.759147737175226212e-03
4.849555194377899170e-01
3.557569980621337891e-01
-5.767316557466983795e-03
4.996416568756103516e-01
3.580086529254913330e-01
-9.705008007586002350e-03
4.652221798896789551e-01
3.428749740123748779e-01
-6.796977482736110687e-03
4.707007408142089844e-01
2.917672395706176758e-01
-1.474653091281652451e-02
4.730825424194335938e-01
2.587016820907592773e-01
-1.915228925645351410e-02
4.756774604320526123e-01
2.325932979583740234e-01
-2.136046998202800751e-02
4.875698089599609375e-01
3.531965017318725586e-01
-1.271284092217683792e-02
5.073399543762207031e-01
3.022776842117309570e-01
-1.891539804637432098e-02
5.188058614730834961e-01
2.717615962028503418e-01
-2.243916504085063934e-02
5.299013853073120117e-01
2.485001087188720703e-01
-2.406539767980575562e-02
5.058642029762268066e-01
3.727662563323974609e-01
-1.807809993624687195e-02
5.254054069519042969e-01
3.465605378150939941e-01
-2.535833418369293213e-02
5.158479213714599609e-01
3.595763146877288818e-01
-2.377575263381004333e-02
5.057938694953918457e-01
3.726045787334442139e-01
-1.986167021095752716e-02
5.195475816726684570e-01
3.962374031543731689e-01
-2.353461086750030518e-02
5.295231342315673828e-01
3.791396617889404297e-01
-2.537905983626842499e-02
5.217966437339782715e-01
3.879759013652801514e-01
-1.928457617759704590e-02
5.147859454154968262e-01
3.975798785686492920e-01
-1.318893954157829285e-02
