4.471658766269683838e-01
7.191811203956604004e-01
3.379117003987630596e-07
4.358264505863189697e-01
6.305269002914428711e-01
-4.374738637125119567e-05
4.670302569866180420e-01
5.670422911643981934e-01
-3.351640421897172928e-03
5.090017914772033691e-01
5.498863458633422852e-01
-6.962799467146396637e-03
5.395412445068359375e-01
5.535081028938293457e-01
-1.034176629036664963e-02
4.810591936111450195e-01
5.386868715286254883e-01
-1.912453956902027130e-02
5.034735798835754395e-01
4.605014920234680176e-01
-3.136798739433288574e-02
5.179069042205810547e-01
4.097660183906555176e-01
-3.781226277351379395e-02
5.308599472045898438e-01
3.705085217952728271e-01
-4.105873778462409973e-02
5.137720108032226562e-01
5.602545142173767090e-01
-2.481989748775959015e-02
5.505273342132568359e-01
4.814470708370208740e-01
-3.332852199673652649e-02
5.736879706382751465e-01
4.313809275627136230e-01
-3.813393041491508484e-02
5.956009626388549805e-01
3.961873352527618408e-01
-4.105727747082710266e-02
5.385690927505493164e-01
5.916190147399902344e-01
-2.882517874240875244e-02
5.593502521514892578e-01
5.452980995178222656e-01
-3.647670522332191467e-02
5.396456122398376465e-01
5.542228221893310547e-01
-3.347781300544738770e-02
5.226159095764160156e-01
5.738773941993713379e-01
-2.834358625113964081e-02
5.553930401802062988e-01
6.235085725784301758e-01
-3.302238509058952332e-02
5.517587065696716309e-01
5.913150310516357422e-01
-3.443001955747604370e-02
5.346193313598632812e-01
5.973522067070007324e-01
-2.685195021331310272e-02
5.246283411979675293e-01
6.130675673484802246e-01
-1.918032951653003693e-02
