4.014773368835449219e-01
7.428906559944152832e-01
4.229311514336586697e-07
3.932516574859619141e-01
6.545138359069824219e-01
7.309280335903167725e-03
4.197205305099487305e-01
5.923432707786560059e-01
5.012414883822202682e-03
4.602047204971313477e-01
5.776983499526977539e-01
-6.391408387571573257e-04
4.892826080322265625e-01
5.786148309707641602e-01
-6.792793981730937958e-03
4.284233450889587402e-01
5.546333193778991699e-01
-7.228139787912368774e-03
4.597548544406890869e-01
4.691254496574401855e-01
-1.547771412879228592e-02
4.773699939250946045e-01
4.209997057914733887e-01
-1.946813799440860748e-02
4.928579032421112061e-01
3.846883177757263184e-01
-2.054718509316444397e-02
4.590259790420532227e-01
5.798215270042419434e-01
-1.802155748009681702e-02
4.988434612751007080e-01
4.968809187412261963e-01
-2.396055310964584351e-02
5.226393938064575195e-01
4.436083436012268066e-01
-2.893523685634136200e-02
5.450295209884643555e-01
4.055489301681518555e-01
-3.189785405993461609e-02
4.843999147415161133e-01
6.133968830108642578e-01
-2.692024596035480499e-02
5.132107734680175781e-01
5.620433092117309570e-01
-3.264362365007400513e-02
4.940834641456604004e-01
5.733498334884643555e-01
-2.990234084427356720e-02
4.772271513938903809e-01
5.926329493522644043e-01
-2.494251728057861328e-02
5.026878118515014648e-01
6.472417712211608887e-01
-3.531046956777572632e-02
5.089949965476989746e-01
6.044552326202392578e-01
-3.417039662599563599e-02
4.914199411869049072e-01
6.119192242622375488e-01
-2.397747710347175598e-02
4.804337322711944580e-01
6.287159919738769531e-01
-1.451261527836322784e-02
