4.143833220005035400e-01
7.891792058944702148e-01
3.725883175320632290e-07
3.966636955738067627e-01
7.034662365913391113e-01
-1.708780415356159210e-02
4.191744923591613770e-01
6.339103579521179199e-01
-3.013231419026851654e-02
4.651788473129272461e-01
6.145477294921875000e-01
-3.812877833843231201e-02
4.956892132759094238e-01
6.280148625373840332e-01
-4.618060961365699768e-02
4.554106295108795166e-01
6.566620469093322754e-01
-5.585203692317008972e-02
4.894924461841583252e-01
5.707462430000305176e-01
-7.400833815336227417e-02
5.115355849266052246e-01
5.229333639144897461e-01
-8.320903778076171875e-02
5.305768251419067383e-01
4.864287078380584717e-01
-8.841944485902786255e-02
4.923797249794006348e-01
6.869503855705261230e-01
-5.163868144154548645e-02
5.370297431945800781e-01
5.980569720268249512e-01
-6.572278589010238647e-02
5.666987895965576172e-01
5.436714291572570801e-01
-6.953054666519165039e-02
5.907194614410400391e-01
5.036598443984985352e-01
-7.186337560415267944e-02
5.152068138122558594e-01
7.099490165710449219e-01
-4.516312479972839355e-02
5.304627418518066406e-01
6.258270740509033203e-01
-5.680061131715774536e-02
5.125157833099365234e-01
6.095548272132873535e-01
-5.318151414394378662e-02
4.945712983608245850e-01
6.173914074897766113e-01
-4.758623987436294556e-02
5.261054039001464844e-01
7.231591939926147461e-01
-3.946606442332267761e-02
5.275517702102661133e-01
6.521190404891967773e-01
-4.989571496844291687e-02
5.081183910369873047e-01
6.404289007186889648e-01
-4.586100205779075623e-02
4.917891621589660645e-01
6.513502001762390137e-01
-3.979000821709632874e-02
