4.056861400604248047e-01
7.770774960517883301e-01
3.556087904144078493e-07
3.984788656234741211e-01
6.941277980804443359e-01
-7.114703301340341568e-03
4.276974499225616455e-01
6.379636526107788086e-01
-1.690371520817279816e-02
4.725242555141448975e-01
6.296877264976501465e-01
-2.540794946253299713e-02
4.992939233779907227e-01
6.449691653251647949e-01
-3.435996547341346741e-02
4.460363090038299561e-01
6.333636045455932617e-01
-3.938996419310569763e-02
4.799288809299468994e-01
5.571488738059997559e-01
-5.603432655334472656e-02
5.020375251770019531e-01
5.081732869148254395e-01
-6.463142484426498413e-02
5.204610824584960938e-01
4.708190262317657471e-01
-6.908544152975082397e-02
4.779103100299835205e-01
6.660436391830444336e-01
-4.308564588427543640e-02
5.230466723442077637e-01
5.867212414741516113e-01
-5.719166994094848633e-02
5.545639991760253906e-01
5.323359966278076172e-01
-6.307065486907958984e-02
5.821903944015502930e-01
4.930832386016845703e-01
-6.658491492271423340e-02
5.025278329849243164e-01
6.990292668342590332e-01
-4.444039240479469299e-02
5.310701727867126465e-01
6.329555511474609375e-01
-5.723844096064567566e-02
5.145981311798095703e-01
6.312316060066223145e-01
-5.296174064278602600e-02
4.969927668571472168e-01
6.477697491645812988e-01
-4.587244614958763123e-02
5.188322663307189941e-01
7.259914278984069824e-01
-4.606487601995468140e-02
5.323377847671508789e-01
6.617112755775451660e-01
-5.316176265478134155e-02
5.169150829315185547e-01
6.606751084327697754e-01
-4.481006413698196411e-02
5.039954781532287598e-01
6.786388158798217773e-01
-3.548463806509971619e-02
