4.466876983642578125e-01
7.169182300567626953e-01
3.198519777924957452e-07
4.300097823143005371e-01
6.357837319374084473e-01
-3.454086370766162872e-03
4.556008279323577881e-01
5.745678544044494629e-01
-8.613777346909046173e-03
4.938325583934783936e-01
5.501499176025390625e-01
-1.411782950162887573e-02
5.242587924003601074e-01
5.509624481201171875e-01
-1.974980905652046204e-02
4.775154590606689453e-01
5.356954336166381836e-01
-2.387987077236175537e-02
5.035126805305480957e-01
4.539926648139953613e-01
-4.000355303287506104e-02
5.194754004478454590e-01
4.022632837295532227e-01
-4.909309744834899902e-02
5.333106517791748047e-01
3.625155985355377197e-01
-5.283346399664878845e-02
5.101636648178100586e-01
5.536516904830932617e-01
-2.819713205099105835e-02
5.396307110786437988e-01
4.714075326919555664e-01
-3.819968551397323608e-02
5.568428635597229004e-01
4.166376590728759766e-01
-4.242325574159622192e-02
5.717428326606750488e-01
3.760513663291931152e-01
-4.370189458131790161e-02
5.349161624908447266e-01
5.844093561172485352e-01
-3.124730475246906281e-02
5.489575266838073730e-01
5.457640290260314941e-01
-3.953070193529129028e-02
5.305614471435546875e-01
5.540724992752075195e-01
-3.651960566639900208e-02
5.141269564628601074e-01
5.727183222770690918e-01
-3.041720390319824219e-02
5.494455099105834961e-01
6.182585358619689941e-01
-3.492745012044906616e-02
5.479912161827087402e-01
5.909118056297302246e-01
-3.662252053618431091e-02
5.329793095588684082e-01
5.964260697364807129e-01
-2.856981381773948669e-02
5.232090353965759277e-01
6.117776632308959961e-01
-1.954225450754165649e-02
