4.424969553947448730e-01
7.141535878181457520e-01
2.745036340456863400e-07
4.261547327041625977e-01
6.334350109100341797e-01
-3.805163549259305000e-03
4.483195841312408447e-01
5.703777670860290527e-01
-8.793700486421585083e-03
4.865755438804626465e-01
5.432664752006530762e-01
-1.389338169246912003e-02
5.185857415199279785e-01
5.433995723724365234e-01
-1.890487410128116608e-02
4.710373282432556152e-01
5.369836688041687012e-01
-2.271694503724575043e-02
4.929485321044921875e-01
4.554542303085327148e-01
-3.787204995751380920e-02
5.077815055847167969e-01
4.041607677936553955e-01
-4.593434929847717285e-02
5.205587744712829590e-01
3.641004562377929688e-01
-4.902325198054313660e-02
5.051428079605102539e-01
5.511324405670166016e-01
-2.699964679777622223e-02
5.313656926155090332e-01
4.637333154678344727e-01
-3.635105490684509277e-02
5.475631952285766602e-01
4.076707363128662109e-01
-3.953175619244575500e-02
5.624691247940063477e-01
3.662493228912353516e-01
-4.004639759659767151e-02
5.312334895133972168e-01
5.773525834083557129e-01
-3.022914379835128784e-02
5.449564456939697266e-01
5.349689722061157227e-01
-3.830065950751304626e-02
5.268606543540954590e-01
5.453777909278869629e-01
-3.475732728838920593e-02
5.111433267593383789e-01
5.648892521858215332e-01
-2.833379991352558136e-02
5.465601682662963867e-01
6.071209311485290527e-01
-3.420625254511833191e-02
5.428413748741149902e-01
5.799118280410766602e-01
-3.517553582787513733e-02
5.272251963615417480e-01
5.868690609931945801e-01
-2.692100405693054199e-02
5.176124572753906250e-01
6.017686724662780762e-01
-1.807818002998828888e-02
