4.016463458538055420e-01
7.759826779365539551e-01
2.747379994616494514e-07
3.982689678668975830e-01
7.004359364509582520e-01
-1.422182004898786545e-02
4.311898648738861084e-01
6.448197960853576660e-01
-2.429486252367496490e-02
4.727420210838317871e-01
6.179863214492797852e-01
-3.162520006299018860e-02
4.979518353939056396e-01
6.115507483482360840e-01
-3.908833861351013184e-02
4.469004273414611816e-01
6.423687934875488281e-01
-3.811511769890785217e-02
4.804420471191406250e-01
5.625143647193908691e-01
-5.872648954391479492e-02
5.020947456359863281e-01
5.102501511573791504e-01
-6.981632113456726074e-02
5.186325311660766602e-01
4.729571044445037842e-01
-7.492180913686752319e-02
4.759435057640075684e-01
6.694229841232299805e-01
-3.989140316843986511e-02
5.159592628479003906e-01
5.910440683364868164e-01
-5.840057134628295898e-02
5.432510972023010254e-01
5.402176380157470703e-01
-6.748588383197784424e-02
5.648049712181091309e-01
5.026903748512268066e-01
-7.189974933862686157e-02
4.968267381191253662e-01
6.952264308929443359e-01
-4.148848727345466614e-02
5.382696390151977539e-01
6.254966855049133301e-01
-5.769819021224975586e-02
5.629463195800781250e-01
5.807381272315979004e-01
-6.340511143207550049e-02
5.804148912429809570e-01
5.474141836166381836e-01
-6.486605107784271240e-02
5.097832679748535156e-01
7.156858444213867188e-01
-4.352470114827156067e-02
5.401655435562133789e-01
6.580733060836791992e-01
-5.479282885789871216e-02
5.572124123573303223e-01
6.189650297164916992e-01
-5.549456551671028137e-02
5.697728395462036133e-01
5.885078907012939453e-01
-5.378496646881103516e-02
