3.898606896400451660e-01
7.302866578102111816e-01
4.127172701373638120e-07
3.888299167156219482e-01
6.398743987083435059e-01
8.302876725792884827e-03
4.210677742958068848e-01
5.783185362815856934e-01
6.162195000797510147e-03
4.607221782207489014e-01
5.646091699600219727e-01
-3.819259873125702143e-04
4.869692027568817139e-01
5.664712786674499512e-01
-7.276461925357580185e-03
4.332073926925659180e-01
5.408396720886230469e-01
-3.070624312385916710e-03
4.684452712535858154e-01
4.613094329833984375e-01
-1.298462133854627609e-02
4.872331023216247559e-01
4.118953347206115723e-01
-1.893788203597068787e-02
5.027019977569580078e-01
3.731644749641418457e-01
-2.209371700882911682e-02
4.602357745170593262e-01
5.652763247489929199e-01
-1.582572236657142639e-02
5.052335858345031738e-01
4.899604320526123047e-01
-2.353711798787117004e-02
5.335080623626708984e-01
4.412437677383422852e-01
-2.897624298930168152e-02
5.576387047767639160e-01
4.065826535224914551e-01
-3.257236257195472717e-02
4.802306592464447021e-01
5.997276306152343750e-01
-2.748673222959041595e-02
5.182797908782958984e-01
5.534258484840393066e-01
-3.529901802539825439e-02
5.003503561019897461e-01
5.651323199272155762e-01
-3.314103558659553528e-02
4.805514514446258545e-01
5.822684764862060547e-01
-2.878456562757492065e-02
4.940555393695831299e-01
6.372581720352172852e-01
-3.885114938020706177e-02
5.091710686683654785e-01
6.008673906326293945e-01
-4.026605188846588135e-02
4.926859736442565918e-01
6.062083244323730469e-01
-3.236062452197074890e-02
4.773411154747009277e-01
6.188628673553466797e-01
-2.476350218057632446e-02
