4.043650627136230469e-01
7.463359832763671875e-01
3.828837407127139159e-07
3.923956751823425293e-01
6.600152254104614258e-01
7.073996122926473618e-03
4.184701740741729736e-01
5.951975584030151367e-01
6.662770640105009079e-03
4.582124054431915283e-01
5.749934911727905273e-01
3.294072346761822701e-03
4.839714169502258301e-01
5.700800418853759766e-01
-5.575022660195827484e-04
4.306760728359222412e-01
5.558454394340515137e-01
-4.086649511009454727e-03
4.623892605304718018e-01
4.720422625541687012e-01
-1.020118501037359238e-02
4.788872897624969482e-01
4.232373833656311035e-01
-1.319805160164833069e-02
4.924436509609222412e-01
3.858632743358612061e-01
-1.404403522610664368e-02
4.611256718635559082e-01
5.809794068336486816e-01
-1.351157482713460922e-02
4.999437332153320312e-01
4.993281662464141846e-01
-1.728647761046886444e-02
5.233140587806701660e-01
4.467319846153259277e-01
-2.111755497753620148e-02
5.449652671813964844e-01
4.089348912239074707e-01
-2.370817214250564575e-02
4.861891865730285645e-01
6.152731776237487793e-01
-2.127180248498916626e-02
5.136051177978515625e-01
5.590131878852844238e-01
-2.567002177238464355e-02
4.949181079864501953e-01
5.705267190933227539e-01
-2.256386913359165192e-02
4.786359369754791260e-01
5.917067527770996094e-01
-1.772497780621051788e-02
5.042067766189575195e-01
6.504680514335632324e-01
-2.851507253944873810e-02
5.104642510414123535e-01
6.017101407051086426e-01
-2.801663614809513092e-02
4.935151934623718262e-01
6.090989112854003906e-01
-1.860800199210643768e-02
4.831865429878234863e-01
6.275105476379394531e-01
-9.632926434278488159e-03
