4.613137245178222656e-01
7.314894795417785645e-01
3.426792147820378887e-07
4.497199058532714844e-01
6.425291299819946289e-01
-1.547940890304744244e-03
4.835988879203796387e-01
5.765125751495361328e-01
-4.349119029939174652e-03
5.322077870368957520e-01
5.549727678298950195e-01
-7.183287292718887329e-03
5.667971968650817871e-01
5.526950359344482422e-01
-8.969778195023536682e-03
4.975718259811401367e-01
5.497499108314514160e-01
-1.607204228639602661e-02
5.258717536926269531e-01
4.654567241668701172e-01
-2.465124614536762238e-02
5.431686043739318848e-01
4.147716760635375977e-01
-2.836501598358154297e-02
5.581473112106323242e-01
3.744576871395111084e-01
-2.980900183320045471e-02
5.313223004341125488e-01
5.730843544006347656e-01
-2.024853415787220001e-02
5.657764077186584473e-01
4.904994964599609375e-01
-2.623441815376281738e-02
5.889323353767395020e-01
4.379486143589019775e-01
-2.996045164763927460e-02
6.114424467086791992e-01
3.998553156852722168e-01
-3.246865794062614441e-02
5.570362806320190430e-01
6.039634943008422852e-01
-2.302411198616027832e-02
5.765094757080078125e-01
5.500771999359130859e-01
-2.969311177730560303e-02
5.544608235359191895e-01
5.582032799720764160e-01
-2.656184695661067963e-02
5.361617803573608398e-01
5.785580277442932129e-01
-2.131267823278903961e-02
5.743976831436157227e-01
6.340103149414062500e-01
-2.604309469461441040e-02
5.725604891777038574e-01
5.923712253570556641e-01
-2.640426345169544220e-02
5.545628666877746582e-01
5.966144800186157227e-01
-1.831703260540962219e-02
5.445437431335449219e-01
6.125618815422058105e-01
-1.051883120089769363e-02
