4.293983578681945801e-01
4.645920395851135254e-01
1.715663131562905619e-07
4.268926978111267090e-01
4.026154279708862305e-01
6.202256772667169571e-03
4.482988119125366211e-01
3.585246801376342773e-01
6.936040706932544708e-03
4.726430177688598633e-01
3.486033976078033447e-01
5.108803045004606247e-03
4.903564751148223877e-01
3.517112135887145996e-01
3.475332166999578476e-03
4.535278081893920898e-01
3.325980901718139648e-01
2.415443770587444305e-03
4.652024805545806885e-01
2.825352847576141357e-01
-2.121879020705819130e-03
4.693748056888580322e-01
2.508099079132080078e-01
-4.779661539942026138e-03
4.731871783733367920e-01
2.268969416618347168e-01
-6.014179438352584839e-03
4.773122668266296387e-01
3.460680544376373291e-01
-5.614274647086858749e-03
5.018004775047302246e-01
2.966594696044921875e-01
-8.306286297738552094e-03
5.173635482788085938e-01
2.656560242176055908e-01
-1.140778139233589172e-02
5.335507392883300781e-01
2.421821653842926025e-01
-1.330731716006994247e-02
4.950082302093505859e-01
3.689646124839782715e-01
-1.291971188038587570e-02
5.124461650848388672e-01
3.484111130237579346e-01
-1.578984409570693970e-02
4.999246895313262939e-01
3.615384697914123535e-01
-1.444789860397577286e-02
4.892461597919464111e-01
3.737304508686065674e-01
-1.192088611423969269e-02
5.059884190559387207e-01
3.936017751693725586e-01
-2.009363099932670593e-02
5.087471604347229004e-01
3.796249330043792725e-01
-1.929135434329509735e-02
5.000730156898498535e-01
3.873639106750488281e-01
-1.356897130608558655e-02
4.935014545917510986e-01
3.961580991744995117e-01
-8.312158286571502686e-03
