4.406776130199432373e-01
7.139195203781127930e-01
2.856771743608987890e-07
4.256660938262939453e-01
6.298899054527282715e-01
7.037199684418737888e-04
4.468994438648223877e-01
5.682460069656372070e-01
-9.728152654133737087e-04
4.830322861671447754e-01
5.463374257087707520e-01
-3.362216753885149956e-03
5.123456716537475586e-01
5.483208298683166504e-01
-5.754319019615650177e-03
4.703419804573059082e-01
5.324833989143371582e-01
-1.425071153789758682e-02
4.918293058872222900e-01
4.519918262958526611e-01
-2.305239997804164886e-02
5.043962001800537109e-01
4.026399254798889160e-01
-2.671661041676998138e-02
5.142281055450439453e-01
3.645783960819244385e-01
-2.744150348007678986e-02
5.047578811645507812e-01
5.506466627120971680e-01
-1.842012628912925720e-02
5.382947921752929688e-01
4.748046398162841797e-01
-2.176162600517272949e-02
5.575476288795471191e-01
4.302862584590911865e-01
-2.268964983522891998e-02
5.740517377853393555e-01
4.004095196723937988e-01
-2.246369421482086182e-02
5.298241972923278809e-01
5.808671116828918457e-01
-2.123745717108249664e-02
5.422215461730957031e-01
5.414485335350036621e-01
-2.296709083020687103e-02
5.256859660148620605e-01
5.491702556610107422e-01
-1.960203237831592560e-02
5.117470026016235352e-01
5.678174495697021484e-01
-1.506757084280252457e-02
5.448587536811828613e-01
6.130763292312622070e-01
-2.437750250101089478e-02
5.415814518928527832e-01
5.852294564247131348e-01
-2.099059149622917175e-02
5.275956988334655762e-01
5.909968614578247070e-01
-1.256099250167608261e-02
5.183680057525634766e-01
6.064611673355102539e-01
-4.644519649446010590e-03
