4.850377738475799561e-01
7.771555185317993164e-01
-1.166358174486958887e-07
5.019686222076416016e-01
6.925064325332641602e-01
7.655309978872537613e-03
5.519096255302429199e-01
6.549946069717407227e-01
1.303655095398426056e-02
5.867332816123962402e-01
6.594352722167968750e-01
1.540308631956577301e-02
6.055177450180053711e-01
6.822844147682189941e-01
1.693366095423698425e-02
6.002440452575683594e-01
6.493239402770996094e-01
9.819996543228626251e-03
6.511618494987487793e-01
6.350913047790527344e-01
1.624220423400402069e-02
6.804692149162292480e-01
6.275266408920288086e-01
1.883053034543991089e-02
7.026400566101074219e-01
6.233344674110412598e-01
1.847629435360431671e-02
6.162193417549133301e-01
6.956325769424438477e-01
4.794593900442123413e-03
6.189249753952026367e-01
7.016937136650085449e-01
1.112074963748455048e-02
5.989496707916259766e-01
7.028493881225585938e-01
1.291855610907077789e-02
5.847539901733398438e-01
7.041071057319641113e-01
1.298862695693969727e-02
6.149084568023681641e-01
7.441318035125732422e-01
1.120033790357410908e-03
6.088196039199829102e-01
7.409585118293762207e-01
8.260972797870635986e-03
5.890237092971801758e-01
7.394592761993408203e-01
1.240794081240892410e-02
5.749310851097106934e-01
7.388176918029785156e-01
1.290912274271249771e-02
6.063106656074523926e-01
7.815823554992675781e-01
-2.535035368055105209e-03
5.959073901176452637e-01
7.785352468490600586e-01
9.230160154402256012e-03
5.807176232337951660e-01
7.763795256614685059e-01
1.805030927062034607e-02
5.687420368194580078e-01
7.756756544113159180e-01
2.332873828709125519e-02
