4.725839197635650635e-01
7.802592515945434570e-01
-1.018274673469932168e-07
4.874469935894012451e-01
6.959897875785827637e-01
6.015485618263483047e-03
5.372487902641296387e-01
6.569289565086364746e-01
8.942730724811553955e-03
5.751708149909973145e-01
6.574539542198181152e-01
9.292920120060443878e-03
5.956808328628540039e-01
6.788350939750671387e-01
8.934267796576023102e-03
5.891755223274230957e-01
6.504138708114624023e-01
4.767441656440496445e-03
6.404833793640136719e-01
6.348301172256469727e-01
8.837416768074035645e-03
6.717428565025329590e-01
6.255399584770202637e-01
1.002234779298305511e-02
6.951776146888732910e-01
6.203280091285705566e-01
8.826280012726783752e-03
6.058331131935119629e-01
6.973316669464111328e-01
-5.869197775609791279e-04
6.091417670249938965e-01
6.987703442573547363e-01
3.699818160384893417e-03
5.892195105552673340e-01
6.996673941612243652e-01
6.129270419478416443e-03
5.741159915924072266e-01
7.037384510040283203e-01
6.896615028381347656e-03
6.044800281524658203e-01
7.457953691482543945e-01
-4.644363187253475189e-03
6.003655195236206055e-01
7.393231391906738281e-01
1.085419091396033764e-03
5.809395313262939453e-01
7.377285957336425781e-01
6.848107557743787766e-03
5.659828186035156250e-01
7.400218844413757324e-01
8.578133769333362579e-03
5.955872535705566406e-01
7.838765978813171387e-01
-8.928910829126834869e-03
5.872465968132019043e-01
7.798144221305847168e-01
1.745777321048080921e-03
5.726188421249389648e-01
7.783123254776000977e-01
1.119920052587985992e-02
5.606008768081665039e-01
7.801831364631652832e-01
1.710874587297439575e-02
