4.718645811080932617e-01
8.266825675964355469e-01
-1.266133011768033612e-07
4.885963201522827148e-01
7.411730885505676270e-01
9.166511707007884979e-03
5.380704402923583984e-01
7.024874091148376465e-01
1.494612265378236771e-02
5.741772651672363281e-01
7.075845003128051758e-01
1.756257191300392151e-02
5.940919518470764160e-01
7.324427366256713867e-01
1.897612027823925018e-02
5.890464782714843750e-01
6.955213546752929688e-01
9.750181809067726135e-03
6.440978050231933594e-01
6.830133199691772461e-01
1.628367602825164795e-02
6.773836612701416016e-01
6.747760176658630371e-01
1.906228251755237579e-02
7.028543353080749512e-01
6.690715551376342773e-01
1.895272545516490936e-02
6.050532460212707520e-01
7.423855662345886230e-01
4.520425572991371155e-03
6.118461489677429199e-01
7.420263886451721191e-01
1.210131961852312088e-02
5.913575887680053711e-01
7.421177029609680176e-01
1.526482962071895599e-02
5.754896402359008789e-01
7.460325360298156738e-01
1.599228754639625549e-02
6.048405766487121582e-01
7.913291454315185547e-01
9.373634238727390766e-04
6.029649972915649414e-01
7.808252573013305664e-01
9.461605921387672424e-03
5.827580690383911133e-01
7.798018455505371094e-01
1.482860185205936432e-02
5.665559172630310059e-01
7.827895879745483398e-01
1.587920263409614563e-02
5.979402661323547363e-01
8.306201100349426270e-01
-2.497266279533505440e-03
5.916197896003723145e-01
8.200413584709167480e-01
9.417345747351646423e-03
5.757125616073608398e-01
8.179902434349060059e-01
1.900299824774265289e-02
5.620248317718505859e-01
8.207980394363403320e-01
2.499381452798843384e-02
