4.726799428462982178e-01
8.151971697807312012e-01
-1.099687665373494383e-07
4.913398623466491699e-01
7.281759381294250488e-01
5.031320266425609589e-03
5.443277359008789062e-01
6.898785233497619629e-01
8.196623064577579498e-03
5.818289518356323242e-01
6.943129301071166992e-01
8.952124044299125671e-03
6.016256809234619141e-01
7.175813913345336914e-01
8.805354125797748566e-03
5.948797464370727539e-01
6.897246837615966797e-01
4.124782979488372803e-03
6.482381820678710938e-01
6.736261844635009766e-01
7.153005804866552353e-03
6.815448999404907227e-01
6.641450524330139160e-01
7.606910541653633118e-03
7.068125009536743164e-01
6.586443185806274414e-01
6.021184381097555161e-03
6.097083687782287598e-01
7.390888929367065430e-01
-5.524305743165314198e-04
6.142359375953674316e-01
7.282271385192871094e-01
2.326048212125897408e-03
5.934350490570068359e-01
7.260220050811767578e-01
4.546147771179676056e-03
5.781131386756896973e-01
7.319799065589904785e-01
5.452517420053482056e-03
6.075389981269836426e-01
7.875646352767944336e-01
-4.066789057105779648e-03
6.067895293235778809e-01
7.670901417732238770e-01
1.734742108965292573e-04
5.870357155799865723e-01
7.639908194541931152e-01
6.380495149642229080e-03
5.717881321907043457e-01
7.689219713211059570e-01
8.999398909509181976e-03
5.980034470558166504e-01
8.255047798156738281e-01
-7.798470556735992432e-03
5.941207408905029297e-01
8.069514036178588867e-01
1.585740596055984497e-03
5.793451666831970215e-01
8.036953210830688477e-01
1.194147206842899323e-02
5.663503408432006836e-01
8.082585334777832031e-01
1.899257861077785492e-02
