4.702805578708648682e-01
8.201848864555358887e-01
-1.068205861542992352e-07
4.885947108268737793e-01
7.354414463043212891e-01
8.455554954707622528e-03
5.396488308906555176e-01
6.987057924270629883e-01
1.364544127136468887e-02
5.762358307838439941e-01
7.037146091461181641e-01
1.587678119540214539e-02
5.961763262748718262e-01
7.268381118774414062e-01
1.714617758989334106e-02
5.884428620338439941e-01
6.940337419509887695e-01
8.083278313279151917e-03
6.443523168563842773e-01
6.797620058059692383e-01
1.420674100518226624e-02
6.779639124870300293e-01
6.725041866302490234e-01
1.729010045528411865e-02
7.036863565444946289e-01
6.684515476226806641e-01
1.752130314707756042e-02
6.034722924232482910e-01
7.408338189125061035e-01
3.175806952640414238e-03
6.112295985221862793e-01
7.411358952522277832e-01
1.052513998001813889e-02
5.910124182701110840e-01
7.414900660514831543e-01
1.457303762435913086e-02
5.754400491714477539e-01
7.453256845474243164e-01
1.586159691214561462e-02
6.018864512443542480e-01
7.890295386314392090e-01
-2.358714264119043946e-04
6.009024977684020996e-01
7.810961008071899414e-01
8.275608532130718231e-03
5.808643698692321777e-01
7.788788676261901855e-01
1.459269877523183823e-02
5.650052428245544434e-01
7.807311415672302246e-01
1.605101116001605988e-02
5.941358208656311035e-01
8.272230029106140137e-01
-3.629016922786831856e-03
5.885428786277770996e-01
8.202193975448608398e-01
8.983358740806579590e-03
5.729311108589172363e-01
8.172962069511413574e-01
1.899413950741291046e-02
5.597348213195800781e-01
8.183592557907104492e-01
2.493660710752010345e-02
