5.107938647270202637e-01
5.205529928207397461e-01
-2.793921893839979020e-08
5.348067879676818848e-01
4.832985699176788330e-01
2.986070467159152031e-03
5.680389404296875000e-01
4.778188765048980713e-01
2.050047973170876503e-03
5.878454446792602539e-01
4.882346391677856445e-01
-5.080957198515534401e-04
5.970184803009033203e-01
5.068935155868530273e-01
-3.451860044151544571e-03
5.943704247474670410e-01
4.701577425003051758e-01
-3.030653111636638641e-03
6.284743547439575195e-01
4.760627746582031250e-01
-4.971727263182401657e-03
6.515005826950073242e-01
4.793645441532135010e-01
-7.308345288038253784e-03
6.684814691543579102e-01
4.816167652606964111e-01
-1.002239156514406204e-02
5.987339019775390625e-01
5.008769035339355469e-01
-7.652515079826116562e-03
6.012833118438720703e-01
5.171320438385009766e-01
-9.676293469965457916e-03
5.908268094062805176e-01
5.170931220054626465e-01
-1.005135476589202881e-02
5.814715027809143066e-01
5.127139687538146973e-01
-1.067251060158014297e-02
5.927163958549499512e-01
5.326618552207946777e-01
-1.128264516592025757e-02
5.910121202468872070e-01
5.400394797325134277e-01
-1.111229695379734039e-02
5.800076127052307129e-01
5.378031134605407715e-01
-7.103295996785163879e-03
5.704292058944702148e-01
5.329773426055908203e-01
-5.441966932266950607e-03
5.835582017898559570e-01
5.589302182197570801e-01
-1.521230395883321762e-02
5.782876610755920410e-01
5.628747344017028809e-01
-1.156856212764978409e-02
5.680833458900451660e-01
5.599055290222167969e-01
-5.751163233071565628e-03
5.596439838409423828e-01
5.553404092788696289e-01
-1.745793153531849384e-03
