4.824027717113494873e-01
7.513281106948852539e-01
-1.064199182110314723e-07
4.972117543220520020e-01
6.729149222373962402e-01
7.133958395570516586e-03
5.471869707107543945e-01
6.356184482574462891e-01
1.025843713432550430e-02
5.842304229736328125e-01
6.380526423454284668e-01
1.021621096879243851e-02
6.055785417556762695e-01
6.596773862838745117e-01
9.650601074099540710e-03
5.939699411392211914e-01
6.199340820312500000e-01
5.678376182913780212e-03
6.447369456291198730e-01
6.049910187721252441e-01
8.193753659725189209e-03
6.750801205635070801e-01
5.984163284301757812e-01
8.772599510848522186e-03
6.975364089012145996e-01
5.962454676628112793e-01
7.328813429921865463e-03
6.113314628601074219e-01
6.628766655921936035e-01
-8.006908465176820755e-04
6.155820488929748535e-01
6.806943416595458984e-01
1.101985690183937550e-03
5.941303372383117676e-01
6.865268945693969727e-01
2.658873330801725388e-03
5.792286396026611328e-01
6.868325471878051758e-01
2.968249842524528503e-03
6.124508976936340332e-01
7.107451558113098145e-01
-6.145463325083255768e-03
6.079526543617248535e-01
7.212767601013183594e-01
-2.353977644816040993e-03
5.877639055252075195e-01
7.228637337684631348e-01
3.288038540631532669e-03
5.731337070465087891e-01
7.205787301063537598e-01
4.971704445779323578e-03
6.052167415618896484e-01
7.493068575859069824e-01
-1.172367855906486511e-02
5.946329832077026367e-01
7.598486542701721191e-01
-2.216649241745471954e-03
5.788894295692443848e-01
7.605369091033935547e-01
6.615133956074714661e-03
5.669418573379516602e-01
7.578567862510681152e-01
1.195252500474452972e-02
