4.978767037391662598e-01
5.813227295875549316e-01
-4.147180021618623869e-08
5.112290382385253906e-01
5.297915935516357422e-01
3.215548931621015072e-04
5.455310940742492676e-01
5.068274140357971191e-01
-4.527163691818714142e-04
5.705385208129882812e-01
5.088456273078918457e-01
-2.852361649274826050e-03
5.855195522308349609e-01
5.214084982872009277e-01
-5.392174236476421356e-03
5.836366415023803711e-01
4.997349381446838379e-01
1.078766072168946266e-03
6.177405714988708496e-01
4.915695786476135254e-01
-1.472467440180480480e-03
6.423666477203369141e-01
4.884990751743316650e-01
-5.214809440076351166e-03
6.613972187042236328e-01
4.882945418357849121e-01
-8.881641551852226257e-03
5.915804505348205566e-01
5.315424203872680664e-01
-2.829423639923334122e-03
5.993897318840026855e-01
5.301273465156555176e-01
-5.741722416132688522e-03
5.876460075378417969e-01
5.313413143157958984e-01
-6.604476366192102432e-03
5.773894190788269043e-01
5.360174179077148438e-01
-7.137224078178405762e-03
5.889552831649780273e-01
5.628541111946105957e-01
-6.794204469770193100e-03
5.939245223999023438e-01
5.570122003555297852e-01
-8.317316882312297821e-03
5.821963548660278320e-01
5.563600659370422363e-01
-4.128295928239822388e-03
5.716409087181091309e-01
5.588070154190063477e-01
-1.756954938173294067e-03
5.814809799194335938e-01
5.889590978622436523e-01
-1.146238110959529877e-02
5.836499929428100586e-01
5.833107829093933105e-01
-8.702075108885765076e-03
5.737584829330444336e-01
5.828135609626770020e-01
-2.603803761303424835e-03
5.650100111961364746e-01
5.845914483070373535e-01
1.674669212661683559e-03
