4.733167290687561035e-01
7.346157431602478027e-01
-1.305679120378044900e-07
4.887506365776062012e-01
6.550133228302001953e-01
8.057243190705776215e-03
5.368764400482177734e-01
6.183023452758789062e-01
1.121327839791774750e-02
5.726773142814636230e-01
6.229289174079895020e-01
1.130609493702650070e-02
5.918770432472229004e-01
6.489510536193847656e-01
1.073911413550376892e-02
5.831275582313537598e-01
6.044693589210510254e-01
5.393898580223321915e-03
6.326337456703186035e-01
5.884771347045898438e-01
8.101222105324268341e-03
6.601579785346984863e-01
5.812104940414428711e-01
8.072426542639732361e-03
6.791816949844360352e-01
5.783678889274597168e-01
6.142037454992532730e-03
6.009494066238403320e-01
6.475151181221008301e-01
-1.114109647460281849e-03
6.043600440025329590e-01
6.653657555580139160e-01
1.832480775192379951e-03
5.856980681419372559e-01
6.691083908081054688e-01
2.054501324892044067e-03
5.720255970954895020e-01
6.678968071937561035e-01
1.009861007332801819e-03
6.026189327239990234e-01
6.957255005836486816e-01
-6.060167681425809860e-03
5.961259603500366211e-01
7.040917873382568359e-01
-1.306011457927525043e-03
5.774472355842590332e-01
7.046467661857604980e-01
2.780799753963947296e-03
5.628957152366638184e-01
7.021322846412658691e-01
3.340974217280745506e-03
5.964813232421875000e-01
7.345172762870788574e-01
-1.104899402707815170e-02
5.854073166847229004e-01
7.417738437652587891e-01
-1.837269752286374569e-03
5.703225135803222656e-01
7.415738105773925781e-01
6.323933135718107224e-03
5.576875805854797363e-01
7.387421727180480957e-01
1.154185459017753601e-02
