5.204343199729919434e-01
4.713675081729888916e-01
-1.291982165696481388e-08
5.376494526863098145e-01
4.289256334304809570e-01
9.650821448303759098e-04
5.707246065139770508e-01
4.157055914402008057e-01
8.546712924726307392e-04
5.921493172645568848e-01
4.233624041080474854e-01
-8.264487260021269321e-04
6.026231646537780762e-01
4.408893287181854248e-01
-2.463763579726219177e-03
5.915748476982116699e-01
4.031574428081512451e-01
1.913061481900513172e-03
6.222742795944213867e-01
4.044272899627685547e-01
-1.510802248958498240e-04
6.446744799613952637e-01
4.070715010166168213e-01
-3.373282961547374725e-03
6.615366339683532715e-01
4.094233810901641846e-01
-6.731756497174501419e-03
5.972372293472290039e-01
4.328633844852447510e-01
-1.828770735301077366e-03
6.046949028968811035e-01
4.472210705280303955e-01
-5.624434445053339005e-03
5.943566560745239258e-01
4.494142532348632812e-01
-7.521472405642271042e-03
5.842265486717224121e-01
4.482187330722808838e-01
-8.487897925078868866e-03
5.951910614967346191e-01
4.635176360607147217e-01
-5.396130029112100601e-03
6.000519990921020508e-01
4.704657196998596191e-01
-7.610478438436985016e-03
5.896084904670715332e-01
4.703202247619628906e-01
-4.551860038191080093e-03
5.799465775489807129e-01
4.683678150177001953e-01
-2.655873075127601624e-03
5.903165936470031738e-01
4.896341562271118164e-01
-9.447623044252395630e-03
5.914722084999084473e-01
4.937216043472290039e-01
-7.455322425812482834e-03
5.811985135078430176e-01
4.932605624198913574e-01
-2.374452305957674980e-03
5.730310082435607910e-01
4.918794631958007812e-01
1.284430618397891521e-03
