4.831497669219970703e-01
7.772846221923828125e-01
-1.261693398646457354e-07
5.043812990188598633e-01
6.944030523300170898e-01
1.001456473022699356e-02
5.546804070472717285e-01
6.583836674690246582e-01
1.461612060666084290e-02
5.890415310859680176e-01
6.631075143814086914e-01
1.603087596595287323e-02
6.072205901145935059e-01
6.885347366333007812e-01
1.631055772304534912e-02
6.010542511940002441e-01
6.518828272819519043e-01
6.493903230875730515e-03
6.520827412605285645e-01
6.357014775276184082e-01
1.196851953864097595e-02
6.816774010658264160e-01
6.272018551826477051e-01
1.426190417259931564e-02
7.035658359527587891e-01
6.228243708610534668e-01
1.395196933299303055e-02
6.166592240333557129e-01
6.987786293029785156e-01
2.419221273157745600e-04
6.234354972839355469e-01
7.015031576156616211e-01
7.537082303315401077e-03
6.046606302261352539e-01
7.013961076736450195e-01
1.101553440093994141e-02
5.897380709648132324e-01
7.044480443000793457e-01
1.178065966814756393e-02
6.155131459236145020e-01
7.482376694679260254e-01
-4.154970403760671616e-03
6.134480834007263184e-01
7.414493560791015625e-01
5.007764790207147598e-03
5.946155786514282227e-01
7.393148541450500488e-01
1.106329541653394699e-02
5.794305801391601562e-01
7.412796616554260254e-01
1.220456790179014206e-02
6.070056557655334473e-01
7.875982522964477539e-01
-8.400791324675083160e-03
6.014978885650634766e-01
7.812016010284423828e-01
4.932376556098461151e-03
5.877071022987365723e-01
7.785510420799255371e-01
1.526319235563278198e-02
5.749850273132324219e-01
7.794973850250244141e-01
2.133885771036148071e-02
