5.072918534278869629e-01
4.871909022331237793e-01
-2.562280343454403919e-08
5.184004902839660645e-01
4.363818168640136719e-01
5.806128494441509247e-03
5.501237511634826660e-01
4.143376052379608154e-01
8.259712718427181244e-03
5.734202861785888672e-01
4.152767658233642578e-01
8.603885769844055176e-03
5.878173112869262695e-01
4.273201525211334229e-01
8.627837523818016052e-03
5.807100534439086914e-01
3.997833430767059326e-01
7.117945235222578049e-03
6.126999855041503906e-01
3.980346322059631348e-01
9.906599298119544983e-03
6.316583752632141113e-01
3.985266983509063721e-01
1.018238347023725510e-02
6.457356810569763184e-01
4.002317190170288086e-01
9.063983336091041565e-03
5.897631645202636719e-01
4.279930889606475830e-01
2.470001811161637306e-03
5.985948443412780762e-01
4.422567784786224365e-01
4.677908029407262802e-03
5.866049528121948242e-01
4.446238279342651367e-01
4.908013623207807541e-03
5.762702226638793945e-01
4.438607394695281982e-01
4.468895494937896729e-03
5.898917913436889648e-01
4.595394432544708252e-01
-1.380426110699772835e-03
5.929078459739685059e-01
4.662800729274749756e-01
1.753407530486583710e-03
5.806718468666076660e-01
4.676207304000854492e-01
4.709939938038587570e-03
5.706644654273986816e-01
4.665844738483428955e-01
5.317517090588808060e-03
5.858754515647888184e-01
4.858013987541198730e-01
-5.232872441411018372e-03
5.844703316688537598e-01
4.902948439121246338e-01
1.071345410309731960e-03
5.739290714263916016e-01
4.916539788246154785e-01
6.750987842679023743e-03
5.652135610580444336e-01
4.903497695922851562e-01
1.017107814550399780e-02
