4.738738536834716797e-01
7.345103621482849121e-01
-1.449455879765082500e-07
4.918248653411865234e-01
6.560138463973999023e-01
7.719007320702075958e-03
5.410296916961669922e-01
6.202164888381958008e-01
1.176632475107908249e-02
5.753481388092041016e-01
6.260825991630554199e-01
1.283490285277366638e-02
5.919194221496582031e-01
6.532595753669738770e-01
1.338671613484621048e-02
5.844135880470275879e-01
6.054776906967163086e-01
7.673921994864940643e-03
6.320583224296569824e-01
5.902402400970458984e-01
1.093122363090515137e-02
6.594685912132263184e-01
5.824584364891052246e-01
1.098558399826288223e-02
6.786825656890869141e-01
5.786517262458801270e-01
9.117881767451763153e-03
6.019970774650573730e-01
6.483898758888244629e-01
1.498082769103348255e-03
6.042921543121337891e-01
6.650671958923339844e-01
4.210863728076219559e-03
5.860018730163574219e-01
6.696532964706420898e-01
3.624111181125044823e-03
5.721125602722167969e-01
6.689899563789367676e-01
2.523844130337238312e-03
6.036821603775024414e-01
6.961153745651245117e-01
-3.164607565850019455e-03
5.966149568557739258e-01
7.025884985923767090e-01
1.619579968973994255e-03
5.783113241195678711e-01
7.040178179740905762e-01
4.824150353670120239e-03
5.643562078475952148e-01
7.019702792167663574e-01
5.228743888437747955e-03
5.978978872299194336e-01
7.348024249076843262e-01
-7.933502085506916046e-03
5.864965915679931641e-01
7.400482892990112305e-01
1.098921988159418106e-03
5.715669393539428711e-01
7.404573559761047363e-01
8.794213645160198212e-03
5.592100024223327637e-01
7.391121387481689453e-01
1.396604813635349274e-02
