5.102754831314086914e-01
4.997248351573944092e-01
-1.001765603803050908e-08
5.295744538307189941e-01
4.597763121128082275e-01
1.034749788232147694e-03
5.639752149581909180e-01
4.469955563545227051e-01
-7.492061122320592403e-04
5.861036181449890137e-01
4.537512660026550293e-01
-4.399329889565706253e-03
5.987286567687988281e-01
4.723741114139556885e-01
-8.002314716577529907e-03
5.925393700599670410e-01
4.327009320259094238e-01
-8.644869667477905750e-04
6.266130805015563965e-01
4.347986578941345215e-01
-4.924169275909662247e-03
6.501598954200744629e-01
4.378529489040374756e-01
-9.367349557578563690e-03
6.680686473846435547e-01
4.403270184993743896e-01
-1.356959156692028046e-02
5.982559919357299805e-01
4.609682857990264893e-01
-6.183917634189128876e-03
6.056689023971557617e-01
4.831343293190002441e-01
-1.202943362295627594e-02
5.934469699859619141e-01
4.860405623912811279e-01
-1.410579588264226913e-02
5.828397274017333984e-01
4.821481704711914062e-01
-1.526415627449750900e-02
5.949397087097167969e-01
4.921995997428894043e-01
-1.122638769447803497e-02
5.995920300483703613e-01
5.065180063247680664e-01
-1.421416085213422775e-02
5.868982672691345215e-01
5.067215561866760254e-01
-9.514609351754188538e-03
5.765249133110046387e-01
5.018727183341979980e-01
-6.838830187916755676e-03
5.878831148147583008e-01
5.190886259078979492e-01
-1.700237207114696503e-02
5.890780687332153320e-01
5.293963551521301270e-01
-1.509699411690235138e-02
5.773411989212036133e-01
5.288709402084350586e-01
-8.704082109034061432e-03
5.687071681022644043e-01
5.243321061134338379e-01
-4.212010186165571213e-03
