4.612665474414825439e-01
8.187173604965209961e-01
-1.077900861901071039e-07
4.833430051803588867e-01
7.355076074600219727e-01
6.821151357144117355e-03
5.372660160064697266e-01
6.996371150016784668e-01
9.564376436173915863e-03
5.735913515090942383e-01
7.057770490646362305e-01
9.186101146042346954e-03
5.923086404800415039e-01
7.312830686569213867e-01
7.909527979791164398e-03
5.849850177764892578e-01
6.904746890068054199e-01
3.607538761571049690e-03
6.410505771636962891e-01
6.770895123481750488e-01
5.229559261351823807e-03
6.752890348434448242e-01
6.694209575653076172e-01
5.068548489362001419e-03
7.013293504714965820e-01
6.647171974182128906e-01
3.129272488877177238e-03
5.991694331169128418e-01
7.380071878433227539e-01
-2.922173822298645973e-03
6.088855266571044922e-01
7.448692917823791504e-01
-1.597588649019598961e-03
5.863572955131530762e-01
7.450081110000610352e-01
4.573419573716819286e-04
5.685935616493225098e-01
7.453788518905639648e-01
1.333304215222597122e-03
5.970104932785034180e-01
7.879484891891479492e-01
-8.106914348900318146e-03
5.993005037307739258e-01
7.871472835540771484e-01
-3.931797109544277191e-03
5.771723985671997070e-01
7.842048406600952148e-01
3.232280956581234932e-03
5.599761009216308594e-01
7.823060154914855957e-01
6.068852264434099197e-03
5.866587758064270020e-01
8.281227350234985352e-01
-1.357075199484825134e-02
5.824268460273742676e-01
8.283362388610839844e-01
-3.434911835938692093e-03
5.646567940711975098e-01
8.247042298316955566e-01
7.401383481919765472e-03
5.502638220787048340e-01
8.227211236953735352e-01
1.435756776481866837e-02
