4.815993607044219971e-01
7.775181531906127930e-01
-1.280840677964079077e-07
4.999304413795471191e-01
6.981031894683837891e-01
7.571214810013771057e-03
5.500409603118896484e-01
6.626458168029785156e-01
1.074667461216449738e-02
5.859100818634033203e-01
6.674568057060241699e-01
1.078411098569631577e-02
6.055214405059814453e-01
6.906948685646057129e-01
1.008299551904201508e-02
6.005015373229980469e-01
6.514736413955688477e-01
5.663231946527957916e-03
6.497547626495361328e-01
6.370393037796020508e-01
8.729631081223487854e-03
6.800907850265502930e-01
6.290563941001892090e-01
8.253790438175201416e-03
7.027915120124816895e-01
6.253737211227416992e-01
5.641659256070852280e-03
6.169963479042053223e-01
6.970005035400390625e-01
-1.216270611621439457e-03
6.174579262733459473e-01
7.155272364616394043e-01
2.089960267767310143e-03
5.986603498458862305e-01
7.180687189102172852e-01
1.890728948637843132e-03
5.855154395103454590e-01
7.167979478836059570e-01
3.103003837168216705e-04
6.153770089149475098e-01
7.469866871833801270e-01
-6.504032295197248459e-03
6.073379516601562500e-01
7.542538642883300781e-01
-8.126421598717570305e-04
5.886508822441101074e-01
7.530612945556640625e-01
4.030827432870864868e-03
5.750367045402526855e-01
7.499293088912963867e-01
4.655666649341583252e-03
6.058155894279479980e-01
7.872538566589355469e-01
-1.208586525171995163e-02
5.942394733428955078e-01
7.929993271827697754e-01
-1.860376447439193726e-03
5.794166326522827148e-01
7.914137840270996094e-01
7.330390624701976776e-03
5.673772096633911133e-01
7.884222269058227539e-01
1.301399804651737213e-02
