4.940500557422637939e-01
6.252542734146118164e-01
-5.542039005490551062e-08
5.071181654930114746e-01
5.699236989021301270e-01
2.304130903212353587e-04
5.408614277839660645e-01
5.440716743469238281e-01
-5.801423685625195503e-04
5.659443736076354980e-01
5.498548150062561035e-01
-3.059437731280922890e-03
5.800699591636657715e-01
5.665229558944702148e-01
-5.834400653839111328e-03
5.841032862663269043e-01
5.430194139480590820e-01
3.364266303833574057e-04
6.196345686912536621e-01
5.335841774940490723e-01
-1.743224798701703548e-03
6.452417373657226562e-01
5.303488373756408691e-01
-5.295207258313894272e-03
6.648247838020324707e-01
5.302644371986389160e-01
-8.945879526436328888e-03
5.919365286827087402e-01
5.775063633918762207e-01
-3.384902607649564743e-03
5.962201356887817383e-01
5.720972418785095215e-01
-5.721251945942640305e-03
5.841239094734191895e-01
5.716434717178344727e-01
-6.255414336919784546e-03
5.737107396125793457e-01
5.775620341300964355e-01
-6.609389092773199081e-03
5.877925157546997070e-01
6.097662448883056641e-01
-7.070505525916814804e-03
5.886502861976623535e-01
6.002199053764343262e-01
-7.988303899765014648e-03
5.767687559127807617e-01
5.983856916427612305e-01
-4.357784520834684372e-03
5.663436055183410645e-01
6.023881435394287109e-01
-2.374723320826888084e-03
5.788766741752624512e-01
6.356884241104125977e-01
-1.148083060979843140e-02
5.779038667678833008e-01
6.273763179779052734e-01
-9.123862721025943756e-03
5.676667094230651855e-01
6.260701417922973633e-01
-3.693863982334733009e-03
5.588045120239257812e-01
6.291011571884155273e-01
4.295555118005722761e-04
