4.759607911109924316e-01
7.423132061958312988e-01
-1.296146763252181699e-07
4.938173890113830566e-01
6.611763834953308105e-01
7.237739861011505127e-03
5.443959832191467285e-01
6.240732073783874512e-01
1.122731436043977737e-02
5.790396928787231445e-01
6.297478079795837402e-01
1.217048149555921555e-02
5.970349311828613281e-01
6.546239852905273438e-01
1.239387691020965576e-02
5.877076387405395508e-01
6.128887534141540527e-01
7.790304254740476608e-03
6.346349716186523438e-01
5.967689156532287598e-01
1.124805491417646408e-02
6.627894043922424316e-01
5.871428251266479492e-01
1.116614416241645813e-02
6.835938692092895508e-01
5.814585089683532715e-01
8.968910202383995056e-03
6.041139960289001465e-01
6.570646762847900391e-01
1.366625656373798847e-03
6.073788404464721680e-01
6.719210743904113770e-01
3.067459445446729660e-03
5.871686935424804688e-01
6.755458116531372070e-01
2.400637604296207428e-03
5.714949965476989746e-01
6.751219034194946289e-01
1.587642705999314785e-03
6.044755578041076660e-01
7.055640816688537598e-01
-3.676101565361022949e-03
6.001427769660949707e-01
7.108365297317504883e-01
1.496691693319007754e-04
5.805617570877075195e-01
7.110715508460998535e-01
3.789346199482679367e-03
5.656314492225646973e-01
7.090563178062438965e-01
4.726497456431388855e-03
5.971930623054504395e-01
7.446935772895812988e-01
-8.853801526129245758e-03
5.885277986526489258e-01
7.494555711746215820e-01
-8.025890565477311611e-05
5.728495717048645020e-01
7.484909892082214355e-01
8.096407167613506317e-03
5.604025125503540039e-01
7.468674778938293457e-01
1.352751627564430237e-02
