4.763433337211608887e-01
7.336443662643432617e-01
-1.349590945665113395e-07
4.910772144794464111e-01
6.516078114509582520e-01
6.324615795165300369e-03
5.407785177230834961e-01
6.124420762062072754e-01
1.108131278306245804e-02
5.756843090057373047e-01
6.176626682281494141e-01
1.293057203292846680e-02
5.929939746856689453e-01
6.440423130989074707e-01
1.412620395421981812e-02
5.836925506591796875e-01
6.041004061698913574e-01
9.545764885842800140e-03
6.296719908714294434e-01
5.862604975700378418e-01
1.330243330448865891e-02
6.571158766746520996e-01
5.769063234329223633e-01
1.368631888180971146e-02
6.773063540458679199e-01
5.723484158515930176e-01
1.208915002644062042e-02
6.011516451835632324e-01
6.471695303916931152e-01
4.135495051741600037e-03
6.002202630043029785e-01
6.590569019317626953e-01
5.988829303532838821e-03
5.797466635704040527e-01
6.636989116668701172e-01
5.344072822481393814e-03
5.660662055015563965e-01
6.657201051712036133e-01
4.910591524094343185e-03
6.022139787673950195e-01
6.936490535736083984e-01
-2.293031138833612204e-04
5.942825675010681152e-01
6.975228786468505859e-01
2.836170839145779610e-03
5.743754506111145020e-01
6.979982256889343262e-01
5.494012031704187393e-03
5.613372921943664551e-01
6.974826455116271973e-01
6.280774716287851334e-03
5.958581566810607910e-01
7.308666110038757324e-01
-4.674615804105997086e-03
5.847075581550598145e-01
7.344788908958435059e-01
3.625361947342753410e-03
5.689314007759094238e-01
7.339776754379272461e-01
1.120495051145553589e-02
5.574008822441101074e-01
7.335272431373596191e-01
1.646899990737438202e-02
