4.871028661727905273e-01
7.597287893295288086e-01
-1.039425683302397374e-07
5.020615458488464355e-01
6.759076118469238281e-01
8.192365057766437531e-03
5.510820150375366211e-01
6.397297382354736328e-01
1.265668217092752457e-02
5.866159200668334961e-01
6.447861790657043457e-01
1.399661600589752197e-02
6.066920161247253418e-01
6.687312126159667969e-01
1.463289000093936920e-02
5.982854366302490234e-01
6.279462575912475586e-01
8.924474939703941345e-03
6.481817364692687988e-01
6.142861843109130859e-01
1.426558755338191986e-02
6.769403219223022461e-01
6.065585613250732422e-01
1.625210046768188477e-02
6.988628506660461426e-01
6.022680401802062988e-01
1.542028877884149551e-02
6.152369379997253418e-01
6.724724769592285156e-01
3.079843241721391678e-03
6.177662014961242676e-01
6.870842576026916504e-01
8.672093972563743591e-03
5.977487564086914062e-01
6.918135881423950195e-01
1.049454417079687119e-02
5.848408341407775879e-01
6.932532787322998047e-01
1.015925966203212738e-02
6.159240007400512695e-01
7.203809022903442383e-01
-1.395478378981351852e-03
6.096360087394714355e-01
7.249484062194824219e-01
4.682742059230804443e-03
5.898200869560241699e-01
7.259879708290100098e-01
9.224410168826580048e-03
5.762591361999511719e-01
7.247468829154968262e-01
9.721250273287296295e-03
6.096273660659790039e-01
7.583258748054504395e-01
-5.847420077770948410e-03
5.989471077919006348e-01
7.612928152084350586e-01
4.767737351357936859e-03
5.832165479660034180e-01
7.617948651313781738e-01
1.347230188548564911e-02
5.713466405868530273e-01
7.603656053543090820e-01
1.855097152292728424e-02
