5.198121666908264160e-01
4.393753111362457275e-01
-2.766085849259525276e-08
5.388042330741882324e-01
4.023211896419525146e-01
4.354221280664205551e-03
5.709896087646484375e-01
3.938903212547302246e-01
4.760919138789176941e-03
5.901026129722595215e-01
4.032685458660125732e-01
2.823063405230641365e-03
6.006125807762145996e-01
4.208825528621673584e-01
5.693700513802468777e-04
5.941771864891052246e-01
3.822287619113922119e-01
3.797113196924328804e-03
6.244837641716003418e-01
3.875927329063415527e-01
3.096809145063161850e-03
6.441566348075866699e-01
3.907754719257354736e-01
1.053302083164453506e-03
6.594173312187194824e-01
3.923145234584808350e-01
-1.829103333875536919e-03
6.010262966156005859e-01
4.068533182144165039e-01
-1.666098134592175484e-03
6.051292419433593750e-01
4.271659851074218750e-01
-3.199459519237279892e-03
5.942431688308715820e-01
4.294689297676086426e-01
-5.020689219236373901e-03
5.862583518028259277e-01
4.245614409446716309e-01
-7.000344339758157730e-03
5.997278690338134766e-01
4.354253411293029785e-01
-6.463236175477504730e-03
6.013134717941284180e-01
4.498348832130432129e-01
-6.162468343973159790e-03
5.889436006546020508e-01
4.498803913593292236e-01
-2.828667173162102699e-03
5.803277492523193359e-01
4.438608586788177490e-01
-1.975824125111103058e-03
5.952869057655334473e-01
4.605572819709777832e-01
-1.161026768386363983e-02
5.939571857452392578e-01
4.717639088630676270e-01
-7.953566499054431915e-03
5.825249552726745605e-01
4.718039631843566895e-01
-2.626357600092887878e-03
5.743525028228759766e-01
4.667918682098388672e-01
5.628566141240298748e-04
