4.763442277908325195e-01
7.339472770690917969e-01
-1.233023567692725919e-07
4.905714690685272217e-01
6.520262956619262695e-01
6.552878301590681076e-03
5.402744412422180176e-01
6.124115586280822754e-01
1.060095243155956268e-02
5.761689543724060059e-01
6.163327097892761230e-01
1.161037199199199677e-02
5.953911542892456055e-01
6.412414908409118652e-01
1.191493682563304901e-02
5.832839012145996094e-01
6.032248735427856445e-01
8.281868882477283478e-03
6.300880312919616699e-01
5.848869085311889648e-01
1.163324341177940369e-02
6.574686765670776367e-01
5.760553479194641113e-01
1.189110986888408661e-02
6.777238249778747559e-01
5.719612240791320801e-01
1.022816356271505356e-02
6.009489297866821289e-01
6.466158628463745117e-01
2.460450865328311920e-03
6.000967621803283691e-01
6.571010351181030273e-01
4.360089078545570374e-03
5.798401236534118652e-01
6.613538265228271484e-01
4.114045761525630951e-03
5.664634108543395996e-01
6.632326841354370117e-01
3.758914535865187645e-03
6.019934415817260742e-01
6.933838129043579102e-01
-2.269156742841005325e-03
5.937674045562744141e-01
6.958891153335571289e-01
1.303778495639562607e-03
5.740540027618408203e-01
6.965315341949462891e-01
4.780815448611974716e-03
5.611605644226074219e-01
6.963111162185668945e-01
5.808506160974502563e-03
5.954176187515258789e-01
7.306503057479858398e-01
-7.119706366211175919e-03
5.839637517929077148e-01
7.328761816024780273e-01
2.042116131633520126e-03
5.686744451522827148e-01
7.325894832611083984e-01
1.035386417061090469e-02
5.576136112213134766e-01
7.321035861968994141e-01
1.588811725378036499e-02
