4.731084108352661133e-01
7.351914644241333008e-01
-1.233071742490210454e-07
4.877553880214691162e-01
6.557775139808654785e-01
7.612239569425582886e-03
5.364384651184082031e-01
6.169968247413635254e-01
1.048011239618062973e-02
5.718945264816284180e-01
6.178359389305114746e-01
1.054277364164590836e-02
5.911806821823120117e-01
6.408725976943969727e-01
9.936924092471599579e-03
5.819890499114990234e-01
6.020647287368774414e-01
3.747152630239725113e-03
6.318308115005493164e-01
5.857619047164916992e-01
5.355136003345251083e-03
6.597423553466796875e-01
5.770621299743652344e-01
4.853550344705581665e-03
6.783027052879333496e-01
5.728095173835754395e-01
3.037456888705492020e-03
5.994338989257812500e-01
6.459407210350036621e-01
-2.614183584228157997e-03
6.058167219161987305e-01
6.611150503158569336e-01
3.688780998345464468e-04
5.872905850410461426e-01
6.640146970748901367e-01
1.711101271212100983e-03
5.727253556251525879e-01
6.643697619438171387e-01
1.455905148759484291e-03
6.001161336898803711e-01
6.947451829910278320e-01
-7.553248200565576553e-03
5.987818837165832520e-01
6.991346478462219238e-01
-2.514110179618000984e-03
5.806677341461181641e-01
6.988800764083862305e-01
3.032863372936844826e-03
5.660772323608398438e-01
6.973051428794860840e-01
4.516883753240108490e-03
5.927003622055053711e-01
7.338684797286987305e-01
-1.253540813922882080e-02
5.866332650184631348e-01
7.372363805770874023e-01
-1.630319049581885338e-03
5.726763606071472168e-01
7.365424633026123047e-01
8.482772856950759888e-03
5.606213808059692383e-01
7.345328330993652344e-01
1.468407921493053436e-02
