5.021159648895263672e-01
5.248500704765319824e-01
1.642134783708115719e-08
5.156179666519165039e-01
4.682780802249908447e-01
5.542089696973562241e-03
5.503635406494140625e-01
4.423179924488067627e-01
7.909796200692653656e-03
5.755153298377990723e-01
4.424477517604827881e-01
8.081175386905670166e-03
5.913321971893310547e-01
4.560140967369079590e-01
7.895259186625480652e-03
5.809207558631896973e-01
4.298384487628936768e-01
7.526827976107597351e-03
6.155790686607360840e-01
4.257034063339233398e-01
9.657008573412895203e-03
6.371533274650573730e-01
4.247651696205139160e-01
9.475066326558589935e-03
6.538397073745727539e-01
4.263114929199218750e-01
8.204155601561069489e-03
5.897599458694458008e-01
4.608303904533386230e-01
3.139662323519587517e-03
6.008114814758300781e-01
4.646423161029815674e-01
4.337167833000421524e-03
5.887821912765502930e-01
4.662756919860839844e-01
4.932925570756196976e-03
5.776897072792053223e-01
4.706745743751525879e-01
5.293848458677530289e-03
5.895990133285522461e-01
4.929659366607666016e-01
-6.951922550797462463e-04
5.956567525863647461e-01
4.917821288108825684e-01
2.295404905453324318e-03
5.836971998214721680e-01
4.916086196899414062e-01
5.829025059938430786e-03
5.730031728744506836e-01
4.939003288745880127e-01
7.117439527064561844e-03
5.850276350975036621e-01
5.195812582969665527e-01
-4.622178152203559875e-03
5.859466195106506348e-01
5.172386765480041504e-01
2.568561118096113205e-03
5.759775638580322266e-01
5.176591873168945312e-01
8.750003762543201447e-03
5.673370361328125000e-01
5.188090801239013672e-01
1.248993445187807083e-02
