4.852460026741027832e-01
7.672923803329467773e-01
-1.337454733629783732e-07
5.035762786865234375e-01
6.851580142974853516e-01
7.690323982387781143e-03
5.542530417442321777e-01
6.477549076080322266e-01
1.301976945251226425e-02
5.891236662864685059e-01
6.530690789222717285e-01
1.544438861310482025e-02
6.062307953834533691e-01
6.778891682624816895e-01
1.701730675995349884e-02
5.992487072944641113e-01
6.366594433784484863e-01
9.586203843355178833e-03
6.478964686393737793e-01
6.233422160148620605e-01
1.484288182109594345e-02
6.771600246429443359e-01
6.148725748062133789e-01
1.617173291742801666e-02
6.991830468177795410e-01
6.098849177360534668e-01
1.489476207643747330e-02
6.153463721275329590e-01
6.823778748512268066e-01
3.935914952307939529e-03
6.210127472877502441e-01
6.965824365615844727e-01
8.317042142152786255e-03
6.004381179809570312e-01
6.994977593421936035e-01
8.735327981412410736e-03
5.849834084510803223e-01
6.995348930358886719e-01
8.178723976016044617e-03
6.153485774993896484e-01
7.320103049278259277e-01
-2.753584412857890129e-04
6.140843629837036133e-01
7.350319027900695801e-01
5.039170850068330765e-03
5.937353372573852539e-01
7.339026331901550293e-01
8.625437505543231964e-03
5.785514116287231445e-01
7.319722175598144531e-01
9.216311387717723846e-03
6.078885197639465332e-01
7.716998457908630371e-01
-4.420008510351181030e-03
6.021607518196105957e-01
7.729319930076599121e-01
5.254089366644620895e-03
5.865275263786315918e-01
7.714976072311401367e-01
1.362607255578041077e-02
5.733925104141235352e-01
7.705962061882019043e-01
1.897691935300827026e-02
