4.680350422859191895e-01
8.199423551559448242e-01
-2.118055419941811124e-07
4.845598936080932617e-01
7.342793941497802734e-01
6.744470912963151932e-03
5.344253182411193848e-01
6.978394389152526855e-01
1.380574889481067657e-02
5.727894902229309082e-01
7.010952830314636230e-01
1.847090572118759155e-02
5.920017361640930176e-01
7.237478494644165039e-01
2.264372445642948151e-02
5.903668999671936035e-01
6.935929059982299805e-01
1.239126548171043396e-02
6.423951387405395508e-01
6.793313026428222656e-01
2.005409821867942810e-02
6.756266355514526367e-01
6.714198589324951172e-01
2.337565831840038300e-02
7.009488940238952637e-01
6.671275496482849121e-01
2.357565239071846008e-02
6.062191128730773926e-01
7.431462407112121582e-01
8.861189708113670349e-03
6.053838133811950684e-01
7.450414896011352539e-01
1.805546693503856659e-02
5.856341719627380371e-01
7.458450198173522949e-01
2.046404033899307251e-02
5.712282657623291016e-01
7.479172945022583008e-01
2.063706144690513611e-02
6.028928756713867188e-01
7.914812564849853516e-01
6.586070638149976730e-03
5.944905877113342285e-01
7.832682728767395020e-01
1.493422966450452805e-02
5.764308571815490723e-01
7.816757559776306152e-01
1.839813217520713806e-02
5.637175440788269043e-01
7.828904986381530762e-01
1.836656033992767334e-02
5.937737822532653809e-01
8.276581764221191406e-01
4.301686305552721024e-03
5.848246216773986816e-01
8.170884847640991211e-01
1.591450907289981842e-02
5.701462030410766602e-01
8.153847455978393555e-01
2.454880438745021820e-02
5.578600168228149414e-01
8.166606426239013672e-01
2.989155612885951996e-02
