4.701386392116546631e-01
8.252567052841186523e-01
-1.312307631451403722e-07
4.902783334255218506e-01
7.400006651878356934e-01
9.608666412532329559e-03
5.411003232002258301e-01
7.035918235778808594e-01
1.577833108603954315e-02
5.757856369018554688e-01
7.102090716361999512e-01
1.867965981364250183e-02
5.948522686958312988e-01
7.350170612335205078e-01
2.053496800363063812e-02
5.896326899528503418e-01
6.950282454490661621e-01
1.118133030831813812e-02
6.443608403205871582e-01
6.834646463394165039e-01
1.787936501204967499e-02
6.775681972503662109e-01
6.750857830047607422e-01
2.061169780790805817e-02
7.030669450759887695e-01
6.691551804542541504e-01
2.042444236576557159e-02
6.049629449844360352e-01
7.413364052772521973e-01
5.736321676522493362e-03
6.112037301063537598e-01
7.460090517997741699e-01
1.273428834974765778e-02
5.906177163124084473e-01
7.466042637825012207e-01
1.502255629748106003e-02
5.750187039375305176e-01
7.485854625701904297e-01
1.531140599399805069e-02
6.042590141296386719e-01
7.904353737831115723e-01
1.987174851819872856e-03
6.021686196327209473e-01
7.840523719787597656e-01
1.000096928328275681e-02
5.817709565162658691e-01
7.831357717514038086e-01
1.480059977620840073e-02
5.659099221229553223e-01
7.842873334884643555e-01
1.565074734389781952e-02
5.973190665245056152e-01
8.298467397689819336e-01
-1.566824619658291340e-03
5.909512042999267578e-01
8.224276304244995117e-01
1.004595775157213211e-02
5.747318267822265625e-01
8.204050660133361816e-01
1.944569870829582214e-02
5.610310435295104980e-01
8.217980861663818359e-01
2.542686276137828827e-02
