4.716715514659881592e-01
7.761086225509643555e-01
-1.224446322112271446e-07
4.898381531238555908e-01
6.950985193252563477e-01
4.439682699739933014e-03
5.412967205047607422e-01
6.589459180831909180e-01
6.817437242716550827e-03
5.778896212577819824e-01
6.621947288513183594e-01
6.742054596543312073e-03
5.960509777069091797e-01
6.843488216400146484e-01
6.072417367249727249e-03
5.898883342742919922e-01
6.498165130615234375e-01
3.632097970694303513e-03
6.390439271926879883e-01
6.360579729080200195e-01
6.051227916032075882e-03
6.706247925758361816e-01
6.264746189117431641e-01
5.579038523137569427e-03
6.939334869384765625e-01
6.204718947410583496e-01
3.221456427127122879e-03
6.054738163948059082e-01
6.973270773887634277e-01
-1.920632668770849705e-03
6.075813174247741699e-01
7.048806548118591309e-01
7.668168836971744895e-05
5.884655117988586426e-01
7.063450217247009277e-01
7.188299787230789661e-04
5.734372735023498535e-01
7.081940770149230957e-01
6.118139717727899551e-04
6.033316254615783691e-01
7.465083003044128418e-01
-6.334618665277957916e-03
5.993260741233825684e-01
7.449958920478820801e-01
-2.546692034229636192e-03
5.800758600234985352e-01
7.426946163177490234e-01
2.625043271109461784e-03
5.653724074363708496e-01
7.417160868644714355e-01
4.436300601810216904e-03
5.933325886726379395e-01
7.850478887557983398e-01
-1.120676193386316299e-02
5.856214761734008789e-01
7.854719758033752441e-01
-2.434669528156518936e-03
5.705819725990295410e-01
7.833685874938964844e-01
6.620488595217466354e-03
5.582481622695922852e-01
7.827258110046386719e-01
1.261923182755708694e-02
