4.928771853446960449e-01
6.532623767852783203e-01
-2.042475522046061087e-08
5.049735903739929199e-01
5.981510877609252930e-01
-1.976775471121072769e-03
5.367502570152282715e-01
5.707821249961853027e-01
-3.618407994508743286e-03
5.626573562622070312e-01
5.759323835372924805e-01
-6.446901243180036545e-03
5.781866312026977539e-01
5.914082527160644531e-01
-9.336490184068679810e-03
5.818489193916320801e-01
5.700940489768981934e-01
-1.812484464608132839e-03
6.210353374481201172e-01
5.587406158447265625e-01
-5.025017075240612030e-03
6.482334136962890625e-01
5.564190745353698730e-01
-8.729838766157627106e-03
6.691075563430786133e-01
5.567079782485961914e-01
-1.224052347242832184e-02
5.898379087448120117e-01
6.066998839378356934e-01
-4.508641082793474197e-03
6.002663373947143555e-01
5.977065563201904297e-01
-8.434117771685123444e-03
5.881989002227783203e-01
5.947411060333251953e-01
-9.094338864088058472e-03
5.762706995010375977e-01
5.978794097900390625e-01
-9.152171202003955841e-03
5.868929624557495117e-01
6.391587257385253906e-01
-7.404550909996032715e-03
5.905041098594665527e-01
6.253702640533447266e-01
-9.631654247641563416e-03
5.785865187644958496e-01
6.227859258651733398e-01
-5.850694607943296432e-03
5.673859119415283203e-01
6.257243752479553223e-01
-3.387165721505880356e-03
5.796289443969726562e-01
6.644427180290222168e-01
-1.114658638834953308e-02
5.815567374229431152e-01
6.517338752746582031e-01
-9.755776263773441315e-03
5.711400508880615234e-01
6.485194563865661621e-01
-4.236209206283092499e-03
5.613754391670227051e-01
6.500388383865356445e-01
1.662651775404810905e-04
