4.727745056152343750e-01
8.163717985153198242e-01
-1.219768108740026946e-07
4.897714853286743164e-01
7.336789369583129883e-01
8.891465142369270325e-03
5.397595763206481934e-01
6.972979903221130371e-01
1.398538518697023392e-02
5.749498009681701660e-01
7.010720372200012207e-01
1.617651619017124176e-02
5.932520627975463867e-01
7.230446934700012207e-01
1.697525195777416229e-02
5.916403532028198242e-01
6.947870254516601562e-01
6.122503895312547684e-03
6.458129286766052246e-01
6.811306476593017578e-01
1.198079530149698257e-02
6.782577633857727051e-01
6.725298166275024414e-01
1.463883277028799057e-02
7.024708986282348633e-01
6.670794486999511719e-01
1.464524120092391968e-02
6.065046191215515137e-01
7.427846193313598633e-01
9.814691729843616486e-04
6.108893752098083496e-01
7.391145825386047363e-01
8.627591654658317566e-03
5.910871028900146484e-01
7.369472384452819824e-01
1.254368387162685394e-02
5.766375660896301270e-01
7.410908937454223633e-01
1.357956230640411377e-02
6.038706302642822266e-01
7.914339900016784668e-01
-2.364184241741895676e-03
6.002002358436584473e-01
7.785981893539428711e-01
6.407995242625474930e-03
5.807083845138549805e-01
7.755047082901000977e-01
1.230603270232677460e-02
5.657454729080200195e-01
7.786058187484741211e-01
1.350066065788269043e-02
5.942540764808654785e-01
8.295089602470397949e-01
-5.563400220125913620e-03
5.874013304710388184e-01
8.190892934799194336e-01
7.010582368820905685e-03
5.724619626998901367e-01
8.159698843955993652e-01
1.707243174314498901e-02
5.598946809768676758e-01
8.183156847953796387e-01
2.320115827023983002e-02
