4.716173708438873291e-01
8.176464438438415527e-01
-1.346781743905012263e-07
4.900488257408142090e-01
7.332445383071899414e-01
7.756271399557590485e-03
5.412949323654174805e-01
6.956572532653808594e-01
1.282449439167976379e-02
5.772668123245239258e-01
6.987353563308715820e-01
1.537663396447896957e-02
5.951151251792907715e-01
7.203767299652099609e-01
1.667374372482299805e-02
5.919740200042724609e-01
6.958404779434204102e-01
5.453168414533138275e-03
6.454573869705200195e-01
6.813364028930664062e-01
1.110628247261047363e-02
6.782598495483398438e-01
6.728140115737915039e-01
1.371376775205135345e-02
7.032012343406677246e-01
6.678917407989501953e-01
1.375314779579639435e-02
6.064736247062683105e-01
7.448787689208984375e-01
1.188886933960020542e-03
6.108433604240417480e-01
7.356513142585754395e-01
9.078534319996833801e-03
5.907189846038818359e-01
7.321227192878723145e-01
1.354338973760604858e-02
5.754889249801635742e-01
7.371113896369934082e-01
1.507529150694608688e-02
6.037522554397583008e-01
7.934442758560180664e-01
-1.454934477806091309e-03
6.011582016944885254e-01
7.747509479522705078e-01
7.197661790996789932e-03
5.822262763977050781e-01
7.710322141647338867e-01
1.318099908530712128e-02
5.668809413909912109e-01
7.755808830261230469e-01
1.465051807463169098e-02
5.941795110702514648e-01
8.311095833778381348e-01
-3.992844372987747192e-03
5.889731645584106445e-01
8.153248429298400879e-01
8.420298807322978973e-03
5.746862888336181641e-01
8.112930655479431152e-01
1.850861310958862305e-02
5.614520311355590820e-01
8.145545721054077148e-01
2.478597313165664673e-02
