4.753094613552093506e-01
7.510242462158203125e-01
-1.193336203186845523e-07
4.922926425933837891e-01
6.715862751007080078e-01
4.398360382765531540e-03
5.423184633255004883e-01
6.360757350921630859e-01
6.797812413424253464e-03
5.782496929168701172e-01
6.403189301490783691e-01
6.877791602164506912e-03
5.970408916473388672e-01
6.629994511604309082e-01
6.424089428037405014e-03
5.886011719703674316e-01
6.257006525993347168e-01
3.475996665656566620e-03
6.367391943931579590e-01
6.087586879730224609e-01
5.176288075745105743e-03
6.668689846992492676e-01
5.991334319114685059e-01
4.478027112782001495e-03
6.889716386795043945e-01
5.938183665275573730e-01
2.214697189629077911e-03
6.043570041656494141e-01
6.718586087226867676e-01
-1.774963573552668095e-03
6.093581318855285645e-01
6.802725195884704590e-01
-1.558986114105209708e-04
5.905095338821411133e-01
6.816247105598449707e-01
4.983636899851262569e-04
5.760479569435119629e-01
6.831499934196472168e-01
3.188794944435358047e-04
6.034129858016967773e-01
7.203468680381774902e-01
-5.981327034533023834e-03
6.012662649154663086e-01
7.196624279022216797e-01
-2.852150239050388336e-03
5.824601054191589355e-01
7.179975509643554688e-01
2.203809097409248352e-03
5.684133768081665039e-01
7.177199721336364746e-01
4.075719974935054779e-03
5.951174497604370117e-01
7.587065696716308594e-01
-1.052661333233118057e-02
5.895658135414123535e-01
7.582048177719116211e-01
-2.260688692331314087e-03
5.748115181922912598e-01
7.559961080551147461e-01
6.837447173893451691e-03
5.630740523338317871e-01
7.553845643997192383e-01
1.291173510253429413e-02
