5.036262273788452148e-01
5.085028409957885742e-01
-1.792371406850179483e-08
5.137026906013488770e-01
4.582438766956329346e-01
4.100467544049024582e-03
5.464166402816772461e-01
4.352922439575195312e-01
4.956255201250314713e-03
5.704901218414306641e-01
4.355664253234863281e-01
3.762192558497190475e-03
5.855879783630371094e-01
4.479176104068756104e-01
2.032232005149126053e-03
5.799000263214111328e-01
4.211032986640930176e-01
3.755950834602117538e-03
6.135569810867309570e-01
4.173085987567901611e-01
4.379885271191596985e-03
6.351674199104309082e-01
4.170386195182800293e-01
3.194575197994709015e-03
6.513724923133850098e-01
4.180651009082794189e-01
1.227918197400867939e-03
5.882002711296081543e-01
4.511755108833312988e-01
-9.186270181089639664e-04
6.008606553077697754e-01
4.615729749202728271e-01
-9.201127104461193085e-04
5.893059968948364258e-01
4.624251127243041992e-01
-1.091985264793038368e-03
5.772464871406555176e-01
4.617007374763488770e-01
-1.539046992547810078e-03
5.867406725883483887e-01
4.834564924240112305e-01
-4.980654921382665634e-03
5.953248739242553711e-01
4.875246584415435791e-01
-4.083284642547369003e-03
5.836492776870727539e-01
4.880409538745880127e-01
-8.822013624012470245e-04
5.720108151435852051e-01
4.872625768184661865e-01
3.360249975230544806e-04
5.806012153625488281e-01
5.094342231750488281e-01
-9.109276346862316132e-03
5.854360461235046387e-01
5.122325420379638672e-01
-4.254517611116170883e-03
5.754966735839843750e-01
5.128068327903747559e-01
1.624439144507050514e-03
5.653903484344482422e-01
5.113783478736877441e-01
5.270069930702447891e-03
