4.815875291824340820e-01
7.829487323760986328e-01
-9.605579265326014138e-08
4.991145730018615723e-01
7.023851871490478516e-01
4.120578058063983917e-03
5.502893924713134766e-01
6.652444601058959961e-01
5.944092292338609695e-03
5.865087509155273438e-01
6.708937883377075195e-01
5.272997543215751648e-03
6.061299443244934082e-01
6.958119869232177734e-01
4.005143418908119202e-03
5.995358228683471680e-01
6.580350399017333984e-01
1.804245519451797009e-03
6.500015854835510254e-01
6.417878866195678711e-01
2.803583163768053055e-03
6.817070245742797852e-01
6.327593922615051270e-01
1.562623074278235435e-03
7.052164077758789062e-01
6.286807656288146973e-01
-1.328377169556915760e-03
6.153518557548522949e-01
7.048925161361694336e-01
-3.795564407482743263e-03
6.167485117912292480e-01
7.125718593597412109e-01
-3.410309320315718651e-03
5.975750088691711426e-01
7.134978175163269043e-01
-3.140612272545695305e-03
5.837470293045043945e-01
7.152820825576782227e-01
-3.703393042087554932e-03
6.135685443878173828e-01
7.532711029052734375e-01
-8.295814506709575653e-03
6.082389950752258301e-01
7.518069744110107422e-01
-5.464014597237110138e-03
5.891852974891662598e-01
7.493777275085449219e-01
3.432242956478148699e-04
5.752800107002258301e-01
7.483806014060974121e-01
2.426946302875876427e-03
6.034398078918457031e-01
7.912191152572631836e-01
-1.334484387189149857e-02
5.945133566856384277e-01
7.904773950576782227e-01
-5.110388156026601791e-03
5.796813368797302246e-01
7.878708839416503906e-01
4.325715359300374985e-03
5.680990219116210938e-01
7.866064310073852539e-01
1.054252032190561295e-02
