4.918548464775085449e-01
6.390840411186218262e-01
-3.027316708426042169e-08
5.055250525474548340e-01
5.854972004890441895e-01
-1.100079622119665146e-03
5.377600789070129395e-01
5.621746778488159180e-01
-2.644446212798357010e-03
5.624252557754516602e-01
5.672965049743652344e-01
-5.665523465722799301e-03
5.775413513183593750e-01
5.827171802520751953e-01
-8.722427301108837128e-03
5.815124511718750000e-01
5.575289726257324219e-01
-9.665040997788310051e-04
6.195763349533081055e-01
5.466835498809814453e-01
-4.128717351704835892e-03
6.456953287124633789e-01
5.437456965446472168e-01
-7.969721220433712006e-03
6.657168865203857422e-01
5.437647700309753418e-01
-1.169981621205806732e-02
5.887659192085266113e-01
5.927258729934692383e-01
-4.568170290440320969e-03
5.988906621932983398e-01
5.926718115806579590e-01
-9.153025224804878235e-03
5.864981412887573242e-01
5.911058783531188965e-01
-1.078500691801309586e-02
5.747509598731994629e-01
5.921282172203063965e-01
-1.157653145492076874e-02
5.852605700492858887e-01
6.258742809295654297e-01
-8.200862444937229156e-03
5.899258852005004883e-01
6.194255948066711426e-01
-1.108551397919654846e-02
5.775581598281860352e-01
6.172880530357360840e-01
-7.430318277329206467e-03
5.659737586975097656e-01
6.175129413604736328e-01
-5.085140001028776169e-03
5.768614411354064941e-01
6.521500349044799805e-01
-1.257520541548728943e-02
5.785106420516967773e-01
6.450036764144897461e-01
-1.125803403556346893e-02
5.678415298461914062e-01
6.419273018836975098e-01
-5.483007989823818207e-03
5.579105019569396973e-01
6.411015987396240234e-01
-1.021174597553908825e-03
