4.940266907215118408e-01
6.069530844688415527e-01
-3.045619223485118710e-08
5.060306191444396973e-01
5.521815419197082520e-01
7.829839596524834633e-04
5.416040420532226562e-01
5.274891257286071777e-01
2.136119408532977104e-03
5.683490633964538574e-01
5.303734540939331055e-01
2.017452148720622063e-03
5.834788084030151367e-01
5.442646145820617676e-01
1.683334587141871452e-03
5.815305113792419434e-01
5.201955437660217285e-01
4.241207148879766464e-03
6.185386180877685547e-01
5.122555494308471680e-01
4.752501845359802246e-03
6.438007354736328125e-01
5.098360776901245117e-01
3.370552556589245796e-03
6.635810732841491699e-01
5.093143582344055176e-01
1.318053109571337700e-03
5.901894569396972656e-01
5.548565983772277832e-01
1.563733327202498913e-03
5.985354781150817871e-01
5.528354644775390625e-01
1.349162193946540356e-03
5.862086415290832520e-01
5.519377589225769043e-01
1.096012536436319351e-03
5.749881267547607422e-01
5.549761056900024414e-01
9.867233457043766975e-04
5.879774093627929688e-01
5.880693197250366211e-01
-1.020213123410940170e-03
5.919206142425537109e-01
5.803411006927490234e-01
-1.045577810145914555e-03
5.802724957466125488e-01
5.792635083198547363e-01
1.558818039484322071e-03
5.697687864303588867e-01
5.820369720458984375e-01
2.947752131149172783e-03
5.815156102180480957e-01
6.139298677444458008e-01
-4.035072401165962219e-03
5.823523402214050293e-01
6.057165861129760742e-01
-2.122624428011476994e-04
5.723116397857666016e-01
6.043723225593566895e-01
5.102482158690690994e-03
5.631656646728515625e-01
6.063552498817443848e-01
8.882166817784309387e-03
