4.723516404628753662e-01
7.896873950958251953e-01
-1.358958456876280252e-07
4.919807910919189453e-01
7.094929814338684082e-01
6.408323533833026886e-03
5.433188676834106445e-01
6.736280322074890137e-01
9.785414673388004303e-03
5.794386267662048340e-01
6.793707013130187988e-01
1.056323293596506119e-02
5.985984802246093750e-01
7.037354111671447754e-01
1.078142598271369934e-02
5.930102467536926270e-01
6.626613140106201172e-01
5.052981898188591003e-03
6.449047327041625977e-01
6.499490737915039062e-01
9.071735665202140808e-03
6.763936281204223633e-01
6.407881379127502441e-01
1.009928807616233826e-02
6.993072628974914551e-01
6.346955895423889160e-01
8.782345801591873169e-03
6.084606051445007324e-01
7.110100388526916504e-01
-4.562946269288659096e-04
6.125140786170959473e-01
7.192971706390380859e-01
4.002941306680440903e-03
5.934909582138061523e-01
7.212873697280883789e-01
5.320389755070209503e-03
5.793927311897277832e-01
7.226762771606445312e-01
5.039522890001535416e-03
6.065772175788879395e-01
7.610827088356018066e-01
-4.477997310459613800e-03
6.016765832901000977e-01
7.585706114768981934e-01
1.610628678463399410e-03
5.824809670448303223e-01
7.574798464775085449e-01
6.584356073290109634e-03
5.682716369628906250e-01
7.570171952247619629e-01
7.661438081413507462e-03
5.974385738372802734e-01
8.002055883407592773e-01
-8.682309649884700775e-03
5.900298357009887695e-01
7.974152565002441406e-01
1.750160008668899536e-03
5.751645565032958984e-01
7.960405349731445312e-01
1.115051377564668655e-02
5.629200339317321777e-01
7.960447072982788086e-01
1.712170988321304321e-02
