4.669307470321655273e-01
8.239762783050537109e-01
-1.137294560749069205e-07
4.865481257438659668e-01
7.392549514770507812e-01
9.118454530835151672e-03
5.398111343383789062e-01
7.021335959434509277e-01
1.456848997622728348e-02
5.767998099327087402e-01
7.063352465629577637e-01
1.679639704525470734e-02
5.959459543228149414e-01
7.314468622207641602e-01
1.796530000865459442e-02
5.893694758415222168e-01
6.964950561523437500e-01
9.010992944240570068e-03
6.443387866020202637e-01
6.829905509948730469e-01
1.536142360419034958e-02
6.780088543891906738e-01
6.740468740463256836e-01
1.790985092520713806e-02
7.041618227958679199e-01
6.683988571166992188e-01
1.752377673983573914e-02
6.049237847328186035e-01
7.434858083724975586e-01
3.220004728063941002e-03
6.105492115020751953e-01
7.474303841590881348e-01
1.071579940617084503e-02
5.900309681892395020e-01
7.475240826606750488e-01
1.396632101386785507e-02
5.744078159332275391e-01
7.499588727951049805e-01
1.476466562598943710e-02
6.024363636970520020e-01
7.929018735885620117e-01
-9.110771352425217628e-04
5.993768572807312012e-01
7.878997325897216797e-01
8.272914215922355652e-03
5.792080163955688477e-01
7.854661345481872559e-01
1.410101447254419327e-02
5.639302730560302734e-01
7.863985300064086914e-01
1.512108650058507919e-02
5.929074883460998535e-01
8.317452669143676758e-01
-5.079464055597782135e-03
5.859062075614929199e-01
8.277435302734375000e-01
8.332562632858753204e-03
5.703967213630676270e-01
8.252855539321899414e-01
1.852282695472240448e-02
5.574311614036560059e-01
8.264582753181457520e-01
2.449287660419940948e-02
