4.979472160339355469e-01
5.570763349533081055e-01
6.293051857397813365e-09
5.093828439712524414e-01
5.089876055717468262e-01
4.533546452876180410e-04
5.436917543411254883e-01
4.870009720325469971e-01
4.239846894051879644e-04
5.690525770187377930e-01
4.902319014072418213e-01
-1.210384420119225979e-03
5.843217968940734863e-01
5.042226314544677734e-01
-2.903080545365810394e-03
5.800422430038452148e-01
4.724249243736267090e-01
2.811774844303727150e-03
6.154103875160217285e-01
4.675167500972747803e-01
9.204469388350844383e-04
6.405546069145202637e-01
4.673481881618499756e-01
-2.494896762073040009e-03
6.599822640419006348e-01
4.680677354335784912e-01
-5.952356383204460144e-03
5.875937938690185547e-01
5.025900602340698242e-01
-1.194217242300510406e-03
6.001023650169372559e-01
5.144116878509521484e-01
-4.898445215076208115e-03
5.880141854286193848e-01
5.179796218872070312e-01
-6.809092126786708832e-03
5.759100317955017090e-01
5.181036591529846191e-01
-7.624216377735137939e-03
5.860935449600219727e-01
5.350221395492553711e-01
-5.183368921279907227e-03
5.947058796882629395e-01
5.413113236427307129e-01
-7.492050062865018845e-03
5.822694897651672363e-01
5.422724485397338867e-01
-4.100657068192958832e-03
5.707294940948486328e-01
5.406594276428222656e-01
-1.931267092004418373e-03
5.798038244247436523e-01
5.622472167015075684e-01
-9.773765690624713898e-03
5.840790867805480957e-01
5.667558908462524414e-01
-7.444163318723440170e-03
5.726519227027893066e-01
5.669951438903808594e-01
-1.652640406973659992e-03
5.626886487007141113e-01
5.648658871650695801e-01
2.505177631974220276e-03
