5.473369956016540527e-01
5.536095499992370605e-01
-7.000317481242745998e-08
5.492219924926757812e-01
5.024878382682800293e-01
-7.250453927554190159e-04
5.747761130332946777e-01
4.727216064929962158e-01
-1.333162217633798718e-04
5.979660153388977051e-01
4.732165932655334473e-01
-6.365089211612939835e-04
6.117612123489379883e-01
4.831625521183013916e-01
-1.280323718674480915e-03
6.183848977088928223e-01
4.682550430297851562e-01
3.103745169937610626e-03
6.461760401725769043e-01
4.602919220924377441e-01
3.371168393641710281e-03
6.655231118202209473e-01
4.581820368766784668e-01
1.607511774636805058e-03
6.801537275314331055e-01
4.584982693195343018e-01
-8.346093236468732357e-04
6.284777522087097168e-01
4.968336224555969238e-01
1.111886580474674702e-03
6.288350224494934082e-01
4.947128593921661377e-01
5.408751894719898701e-04
6.168238520622253418e-01
4.956173002719879150e-01
-5.387219716794788837e-04
6.081437468528747559e-01
4.991675615310668945e-01
-1.309950137510895729e-03
6.277715563774108887e-01
5.245848894119262695e-01
-1.002426026389002800e-03
6.248241662979125977e-01
5.188614726066589355e-01
-2.116331364959478378e-03
6.135128736495971680e-01
5.190743207931518555e-01
-1.083214418031275272e-03
6.054584980010986328e-01
5.215852260589599609e-01
-5.073744105175137520e-04
6.224744915962219238e-01
5.474217534065246582e-01
-3.600130556151270866e-03
6.175518631935119629e-01
5.432322025299072266e-01
-2.252563834190368652e-03
6.080284118652343750e-01
5.438387393951416016e-01
8.787328843027353287e-04
6.008568406105041504e-01
5.458031296730041504e-01
3.534416202455759048e-03
