4.957404136657714844e-01
5.909620523452758789e-01
-5.984555073723640817e-09
5.046863555908203125e-01
5.350788235664367676e-01
-1.638891873881220818e-03
5.369945764541625977e-01
5.028951168060302734e-01
-2.133473986759781837e-03
5.653935074806213379e-01
4.992191493511199951e-01
-3.740784944966435432e-03
5.844954252243041992e-01
5.094640851020812988e-01
-5.353997461497783661e-03
5.793096423149108887e-01
4.972081184387207031e-01
1.756523619405925274e-03
6.165894865989685059e-01
4.867472946643829346e-01
3.182445652782917023e-04
6.418917775154113770e-01
4.842172265052795410e-01
-2.479977905750274658e-03
6.619672775268554688e-01
4.841027855873107910e-01
-5.437571089714765549e-03
5.869467258453369141e-01
5.291839241981506348e-01
-3.595402231439948082e-04
6.008372306823730469e-01
5.234208703041076660e-01
-3.340026130899786949e-03
5.879378318786621094e-01
5.235493183135986328e-01
-4.644531290978193283e-03
5.755149126052856445e-01
5.278658866882324219e-01
-5.019049160182476044e-03
5.852990746498107910e-01
5.605986714363098145e-01
-2.679511904716491699e-03
5.965998768806457520e-01
5.503080487251281738e-01
-4.975283518433570862e-03
5.843389630317687988e-01
5.495969653129577637e-01
-1.857159659266471863e-03
5.727149248123168945e-01
5.531525611877441406e-01
3.490790550131350756e-04
5.791249871253967285e-01
5.867705941200256348e-01
-5.513697862625122070e-03
5.866218209266662598e-01
5.754443407058715820e-01
-3.261215984821319580e-03
5.763723850250244141e-01
5.740162134170532227e-01
2.483483403921127319e-03
5.660887956619262695e-01
5.765510201454162598e-01
6.786895915865898132e-03
