5.128036141395568848e-01
4.963855743408203125e-01
1.007035699274183571e-08
5.261178612709045410e-01
4.530941247940063477e-01
-1.790965907275676727e-03
5.591678619384765625e-01
4.383006095886230469e-01
-3.467153524979948997e-03
5.818389058113098145e-01
4.450215399265289307e-01
-6.151153240352869034e-03
5.944638848304748535e-01
4.600618481636047363e-01
-8.876497857272624969e-03
5.897513031959533691e-01
4.265667498111724854e-01
-1.447252230718731880e-03
6.227577328681945801e-01
4.277689754962921143e-01
-4.648245405405759811e-03
6.460382938385009766e-01
4.294008910655975342e-01
-8.847014047205448151e-03
6.637181043624877930e-01
4.309711456298828125e-01
-1.291393954306840897e-02
5.969929099082946777e-01
4.565596580505371094e-01
-4.482402000576257706e-03
6.019463539123535156e-01
4.692361056804656982e-01
-9.417640045285224915e-03
5.897366404533386230e-01
4.701357185840606689e-01
-1.148867607116699219e-02
5.793243646621704102e-01
4.685632586479187012e-01
-1.254865620285272598e-02
5.946493744850158691e-01
4.870945215225219727e-01
-7.554803974926471710e-03
5.969834327697753906e-01
4.927521049976348877e-01
-1.071346923708915710e-02
5.846133828163146973e-01
4.918252527713775635e-01
-7.111276965588331223e-03
5.744258761405944824e-01
4.890533983707427979e-01
-4.825865849852561951e-03
5.883440971374511719e-01
5.121570229530334473e-01
-1.143916510045528412e-02
5.868477821350097656e-01
5.161015391349792480e-01
-1.035725791007280350e-02
5.758457779884338379e-01
5.152366757392883301e-01
-5.216177087277173996e-03
5.677540898323059082e-01
5.124678611755371094e-01
-1.299069961532950401e-03
