4.709990322589874268e-01
8.159257173538208008e-01
-1.047918729568664276e-07
4.912580549716949463e-01
7.340361475944519043e-01
6.791681516915559769e-03
5.425488948822021484e-01
6.980419158935546875e-01
9.583598934113979340e-03
5.786722302436828613e-01
7.032586336135864258e-01
9.463646449148654938e-03
5.981217026710510254e-01
7.273679375648498535e-01
8.332009427249431610e-03
5.916373729705810547e-01
6.930328011512756348e-01
2.784510143101215363e-03
6.465229392051696777e-01
6.783142685890197754e-01
4.934286698698997498e-03
6.802260875701904297e-01
6.700846552848815918e-01
5.074143875390291214e-03
7.052607536315917969e-01
6.650221943855285645e-01
3.405290888622403145e-03
6.065211296081542969e-01
7.407315969467163086e-01
-3.152956720441579819e-03
6.142188310623168945e-01
7.386733293533325195e-01
-2.546889882069081068e-04
5.942968130111694336e-01
7.380238771438598633e-01
2.065207343548536301e-03
5.781878232955932617e-01
7.417078018188476562e-01
2.711579902097582817e-03
6.047143936157226562e-01
7.896524667739868164e-01
-7.622417993843555450e-03
6.030309200286865234e-01
7.788389325141906738e-01
-2.320247935131192207e-03
5.831605195999145508e-01
7.767859101295471191e-01
4.231139551848173141e-03
5.670477747917175293e-01
7.793543338775634766e-01
6.442537531256675720e-03
5.950824618339538574e-01
8.286696672439575195e-01
-1.226806733757257462e-02
5.893354415893554688e-01
8.191049098968505859e-01
-1.970430370420217514e-03
5.735864639282226562e-01
8.159824609756469727e-01
8.449599146842956543e-03
5.602554678916931152e-01
8.179107904434204102e-01
1.517546083778142929e-02
