4.740415513515472412e-01
8.118019700050354004e-01
-1.063826076119767094e-07
4.900543093681335449e-01
7.253980040550231934e-01
3.104785690084099770e-03
5.425201058387756348e-01
6.860553026199340820e-01
6.515936926007270813e-03
5.817010998725891113e-01
6.887551546096801758e-01
8.156567811965942383e-03
6.003945469856262207e-01
7.113752365112304688e-01
9.149781428277492523e-03
5.935457348823547363e-01
6.851202249526977539e-01
3.574562724679708481e-03
6.475972533226013184e-01
6.689688563346862793e-01
7.456914056092500687e-03
6.812359690666198730e-01
6.596960425376892090e-01
8.852002210915088654e-03
7.070320844650268555e-01
6.544651389122009277e-01
8.009259589016437531e-03
6.083118915557861328e-01
7.351192831993103027e-01
4.623119020834565163e-04
6.163106560707092285e-01
7.236017584800720215e-01
5.482492968440055847e-03
5.965541601181030273e-01
7.211422920227050781e-01
8.998386561870574951e-03
5.810132026672363281e-01
7.273196578025817871e-01
1.053573936223983765e-02
6.067140102386474609e-01
7.834786176681518555e-01
-1.740519772283732891e-03
6.079919934272766113e-01
7.646255493164062500e-01
4.092147573828697205e-03
5.886928439140319824e-01
7.607848048210144043e-01
1.017516944557428360e-02
5.735973119735717773e-01
7.655311822891235352e-01
1.237538643181324005e-02
5.979363918304443359e-01
8.210269212722778320e-01
-4.339474719017744064e-03
5.955019593238830566e-01
8.054725527763366699e-01
6.010715849697589874e-03
5.808206796646118164e-01
8.012875914573669434e-01
1.579291932284832001e-02
5.678221583366394043e-01
8.052734732627868652e-01
2.210678905248641968e-02
