4.860449135303497314e-01
7.778238654136657715e-01
-1.146062729162622418e-07
5.026400089263916016e-01
6.949211359024047852e-01
6.023956462740898132e-03
5.524019002914428711e-01
6.577137708663940430e-01
1.037959568202495575e-02
5.874623656272888184e-01
6.630300283432006836e-01
1.208641380071640015e-02
6.051236987113952637e-01
6.879465579986572266e-01
1.290258020162582397e-02
5.992856025695800781e-01
6.504926085472106934e-01
7.102928124368190765e-03
6.498707532882690430e-01
6.360722184181213379e-01
1.185170188546180725e-02
6.803162693977355957e-01
6.278666257858276367e-01
1.314234640449285507e-02
7.031291723251342773e-01
6.229242682456970215e-01
1.196458004415035248e-02
6.147261857986450195e-01
6.969365477561950684e-01
2.151504857465624809e-03
6.197066903114318848e-01
7.045664191246032715e-01
5.691516213119029999e-03
5.991162657737731934e-01
7.052077054977416992e-01
6.718786899000406265e-03
5.834101438522338867e-01
7.053751945495605469e-01
6.897401995956897736e-03
6.137023568153381348e-01
7.456192970275878906e-01
-1.510084839537739754e-03
6.116264462471008301e-01
7.442390918731689453e-01
3.480450017377734184e-03
5.910151004791259766e-01
7.418688535690307617e-01
7.829662412405014038e-03
5.757238268852233887e-01
7.406331896781921387e-01
9.090624749660491943e-03
6.054774522781372070e-01
7.841230630874633789e-01
-5.301465280354022980e-03
5.980182886123657227e-01
7.828147411346435547e-01
4.457890056073665619e-03
5.822727680206298828e-01
7.795295119285583496e-01
1.306676492094993591e-02
5.697879791259765625e-01
7.785647511482238770e-01
1.861482486128807068e-02
