4.737752974033355713e-01
7.818014025688171387e-01
-1.455134679417824373e-07
4.953745901584625244e-01
6.984429955482482910e-01
9.483594447374343872e-03
5.475721359252929688e-01
6.627283096313476562e-01
1.527660898864269257e-02
5.816304683685302734e-01
6.712238788604736328e-01
1.776473782956600189e-02
5.987672209739685059e-01
6.972491145133972168e-01
1.922400668263435364e-02
5.936751365661621094e-01
6.550139784812927246e-01
1.172447949647903442e-02
6.430737376213073730e-01
6.420878767967224121e-01
1.819076575338840485e-02
6.740559339523315430e-01
6.328123211860656738e-01
1.978710293769836426e-02
6.968933343887329102e-01
6.272546648979187012e-01
1.872561872005462646e-02
6.094105839729309082e-01
7.018914222717285156e-01
5.660010501742362976e-03
6.097551584243774414e-01
7.084640264511108398e-01
1.156002469360828400e-02
5.894951820373535156e-01
7.093003988265991211e-01
1.203816104680299759e-02
5.744622349739074707e-01
7.115293741226196289e-01
1.152585726231336594e-02
6.081156730651855469e-01
7.514256834983825684e-01
1.316791516728699207e-03
6.034756302833557129e-01
7.469359040260314941e-01
8.284049108624458313e-03
5.837057232856750488e-01
7.449912428855895996e-01
1.188438478857278824e-02
5.685926675796508789e-01
7.458478212356567383e-01
1.252617128193378448e-02
5.999820232391357422e-01
7.906343936920166016e-01
-2.841474721208214760e-03
5.927934646606445312e-01
7.850295901298522949e-01
8.089477196335792542e-03
5.774223804473876953e-01
7.831287384033203125e-01
1.716867275536060333e-02
5.645906925201416016e-01
7.849584221839904785e-01
2.330924384295940399e-02
