4.723837673664093018e-01
8.117215037345886230e-01
-7.936662882457312662e-08
4.925958216190338135e-01
7.273154258728027344e-01
7.369388826191425323e-03
5.445384383201599121e-01
6.920282244682312012e-01
1.156175415962934494e-02
5.801184773445129395e-01
6.989596486091613770e-01
1.268515642732381821e-02
5.987154841423034668e-01
7.264512777328491211e-01
1.296167168766260147e-02
5.918689370155334473e-01
6.876874566078186035e-01
7.245155517011880875e-03
6.450402736663818359e-01
6.724680066108703613e-01
1.124315056949853897e-02
6.777768731117248535e-01
6.639249324798583984e-01
1.227715983986854553e-02
7.028250694274902344e-01
6.596224308013916016e-01
1.105651725083589554e-02
6.061890721321105957e-01
7.358843088150024414e-01
1.440760446712374687e-03
6.143013238906860352e-01
7.377570271492004395e-01
5.787893664091825485e-03
5.949087738990783691e-01
7.369173169136047363e-01
8.370420895516872406e-03
5.791769027709960938e-01
7.401697039604187012e-01
9.269914589822292328e-03
6.036978960037231445e-01
7.846402525901794434e-01
-3.122556488960981369e-03
6.030245423316955566e-01
7.781109809875488281e-01
3.370175836607813835e-03
5.839357376098632812e-01
7.747323513031005859e-01
9.471707046031951904e-03
5.687748193740844727e-01
7.758606672286987305e-01
1.128249987959861755e-02
5.942233204841613770e-01
8.228739500045776367e-01
-7.926621474325656891e-03
5.880383849143981934e-01
8.174134492874145508e-01
3.320779651403427124e-03
5.732243657112121582e-01
8.139421343803405762e-01
1.310593448579311371e-02
5.610552430152893066e-01
8.145129680633544922e-01
1.911510154604911804e-02
