5.131626725196838379e-01
4.744609892368316650e-01
-3.124451453118126665e-08
5.246438980102539062e-01
4.288037717342376709e-01
6.023881956934928894e-03
5.561066865921020508e-01
4.070465862751007080e-01
8.732181042432785034e-03
5.789200663566589355e-01
4.081133604049682617e-01
8.884317241609096527e-03
5.943741798400878906e-01
4.190093576908111572e-01
8.554489351809024811e-03
5.821396708488464355e-01
3.928939104080200195e-01
8.919388987123966217e-03
6.145204901695251465e-01
3.906427323818206787e-01
1.078587211668491364e-02
6.329111456871032715e-01
3.939069509506225586e-01
1.093228626996278763e-02
6.469159126281738281e-01
3.971116244792938232e-01
1.008157711476087570e-02
5.891603827476501465e-01
4.179365634918212891e-01
3.981773275882005692e-03
6.051841378211975098e-01
4.312539398670196533e-01
4.287756979465484619e-03
5.932099819183349609e-01
4.350630342960357666e-01
3.857916221022605896e-03
5.806377530097961426e-01
4.337311983108520508e-01
3.666808828711509705e-03
5.894532799720764160e-01
4.463252127170562744e-01
-4.660321574192494154e-04
6.002081036567687988e-01
4.548364579677581787e-01
7.351616513915359974e-04
5.875126123428344727e-01
4.579494297504425049e-01
3.301916178315877914e-03
5.759284496307373047e-01
4.567055106163024902e-01
4.384099040180444717e-03
5.859594345092773438e-01
4.700694382190704346e-01
-4.784720018506050110e-03
5.926403999328613281e-01
4.768781363964080811e-01
1.725740185065660626e-05
5.816750526428222656e-01
4.792340993881225586e-01
5.162171088159084320e-03
5.716287493705749512e-01
4.774717092514038086e-01
8.373061195015907288e-03
