4.720757901668548584e-01
7.575363516807556152e-01
-1.311203448040032526e-07
4.918029904365539551e-01
6.786288022994995117e-01
5.998715292662382126e-03
5.418413877487182617e-01
6.410800218582153320e-01
9.193394333124160767e-03
5.763208270072937012e-01
6.460627913475036621e-01
9.646520018577575684e-03
5.941860675811767578e-01
6.704157590866088867e-01
9.457658976316452026e-03
5.856574773788452148e-01
6.278688311576843262e-01
5.400575697422027588e-03
6.344434618949890137e-01
6.143682003021240234e-01
8.210406638681888580e-03
6.645726561546325684e-01
6.046344041824340820e-01
8.174806833267211914e-03
6.871455311775207520e-01
5.989593863487243652e-01
6.129524670541286469e-03
6.020382642745971680e-01
6.722350120544433594e-01
-2.888537419494241476e-04
6.068363785743713379e-01
6.858016252517700195e-01
1.776047050952911377e-03
5.869690179824829102e-01
6.897867321968078613e-01
1.865783007815480232e-03
5.722830891609191895e-01
6.919215917587280273e-01
1.393897575326263905e-03
6.025283336639404297e-01
7.210872173309326172e-01
-4.610734060406684875e-03
6.005697846412658691e-01
7.248198986053466797e-01
-6.572655984200537205e-04
5.808208584785461426e-01
7.242972850799560547e-01
3.642595605924725533e-03
5.659307837486267090e-01
7.236772775650024414e-01
4.949117545038461685e-03
5.955228805541992188e-01
7.610903978347778320e-01
-9.127402678132057190e-03
5.894402861595153809e-01
7.635889649391174316e-01
-6.727387080900371075e-04
5.738738775253295898e-01
7.623768448829650879e-01
7.798081263899803162e-03
5.609518289566040039e-01
7.625131011009216309e-01
1.355238258838653564e-02
