4.990777373313903809e-01
5.429008603096008301e-01
-1.497471480149670242e-08
5.069483518600463867e-01
4.881721436977386475e-01
2.485950517439050600e-06
5.386685132980346680e-01
4.591476619243621826e-01
4.709255008492618799e-04
5.649357438087463379e-01
4.562029242515563965e-01
-3.949259698856621981e-04
5.818811058998107910e-01
4.661879539489746094e-01
-1.237977296113967896e-03
5.788535475730895996e-01
4.472743868827819824e-01
4.284352995455265045e-03
6.135867834091186523e-01
4.402613639831542969e-01
4.483737517148256302e-03
6.365172863006591797e-01
4.389320313930511475e-01
2.807009266689419746e-03
6.540187597274780273e-01
4.399894773960113525e-01
6.298139924183487892e-04
5.884112119674682617e-01
4.785914123058319092e-01
1.956423278898000717e-03
5.982840657234191895e-01
4.780709147453308105e-01
1.130681834183633327e-03
5.866920948028564453e-01
4.793857932090759277e-01
3.604576340876519680e-04
5.755945444107055664e-01
4.837642908096313477e-01
3.483313048491254449e-05
5.878947973251342773e-01
5.096863508224487305e-01
-3.820603014901280403e-04
5.950121879577636719e-01
5.034517049789428711e-01
-5.577389383688569069e-04
5.837470889091491699e-01
5.037397146224975586e-01
2.128098392859101295e-03
5.728499293327331543e-01
5.071037411689758301e-01
3.642879892140626907e-03
5.825527310371398926e-01
5.347384214401245117e-01
-3.196241334080696106e-03
5.857502818107604980e-01
5.275905728340148926e-01
2.729167463257908821e-04
5.764457583427429199e-01
5.278647541999816895e-01
5.441282875835895538e-03
5.671100020408630371e-01
5.300903916358947754e-01
9.266654960811138153e-03
