4.704537987709045410e-01
8.186194896697998047e-01
-1.040278547748130222e-07
4.862543642520904541e-01
7.343406081199645996e-01
4.077177029103040695e-03
5.362431406974792480e-01
6.947194933891296387e-01
6.903864908963441849e-03
5.738677978515625000e-01
6.982043981552124023e-01
7.114201784133911133e-03
5.949202179908752441e-01
7.203796505928039551e-01
6.594896316528320312e-03
5.871429443359375000e-01
6.928696632385253906e-01
4.955284763127565384e-03
6.409021615982055664e-01
6.787959337234497070e-01
6.943453103303909302e-03
6.747831106185913086e-01
6.704013943672180176e-01
6.819471251219511032e-03
7.008877396583557129e-01
6.655331850051879883e-01
5.048262886703014374e-03
6.026741266250610352e-01
7.400628328323364258e-01
4.970940062776207924e-04
6.072236299514770508e-01
7.331520915031433105e-01
2.238944638520479202e-03
5.866811275482177734e-01
7.327648997306823730e-01
3.795802360400557518e-03
5.716484785079956055e-01
7.385561466217041016e-01
4.524141084402799606e-03
6.014339923858642578e-01
7.880657315254211426e-01
-3.096500877290964127e-03
5.997066497802734375e-01
7.733243107795715332e-01
7.895087765064090490e-05
5.794262886047363281e-01
7.716180682182312012e-01
5.910720210522413254e-03
5.643382072448730469e-01
7.760292887687683105e-01
8.582670241594314575e-03
5.927487611770629883e-01
8.270993828773498535e-01
-7.050248328596353531e-03
5.872483849525451660e-01
8.152658939361572266e-01
1.349615398794412613e-03
5.714993476867675781e-01
8.116359114646911621e-01
1.083910465240478516e-02
5.585868954658508301e-01
8.143989443778991699e-01
1.746502518653869629e-02
