5.110935568809509277e-01
5.209676623344421387e-01
-3.985328689282141568e-08
5.356265306472778320e-01
4.840907752513885498e-01
5.489517003297805786e-03
5.684792995452880859e-01
4.792894423007965088e-01
5.553277675062417984e-03
5.875512957572937012e-01
4.900142550468444824e-01
3.553035669028759003e-03
5.958764553070068359e-01
5.084249973297119141e-01
1.036607776768505573e-03
5.940969586372375488e-01
4.707619249820709229e-01
-8.054125355556607246e-04
6.281330585479736328e-01
4.763024449348449707e-01
-1.305572688579559326e-03
6.505857706069946289e-01
4.794710874557495117e-01
-2.611442469060420990e-03
6.672168374061584473e-01
4.817287921905517578e-01
-4.828471224755048752e-03
5.983135700225830078e-01
5.005748271942138672e-01
-6.192218977957963943e-03
5.993826389312744141e-01
5.183488726615905762e-01
-6.566251162439584732e-03
5.881125330924987793e-01
5.179677009582519531e-01
-6.496409419924020767e-03
5.786380767822265625e-01
5.130822062492370605e-01
-7.256021723151206970e-03
5.923187732696533203e-01
5.320596098899841309e-01
-1.031653489917516708e-02
5.888469219207763672e-01
5.410062670707702637e-01
-8.427247405052185059e-03
5.779197216033935547e-01
5.390189886093139648e-01
-4.321981221437454224e-03
5.686953067779541016e-01
5.335759520530700684e-01
-3.174638142809271812e-03
5.833269357681274414e-01
5.581260919570922852e-01
-1.455304585397243500e-02
5.773018598556518555e-01
5.638439655303955078e-01
-9.431111626327037811e-03
5.671004056930541992e-01
5.611648559570312500e-01
-3.408986842259764671e-03
5.590854287147521973e-01
5.559051632881164551e-01
3.450150543358176947e-04
