4.726054668426513672e-01
7.939502596855163574e-01
-1.066367971702675277e-07
4.932735264301300049e-01
7.122613191604614258e-01
4.714482929557561874e-03
5.463324189186096191e-01
6.778090596199035645e-01
6.838792935013771057e-03
5.827514529228210449e-01
6.829807162284851074e-01
6.397502031177282333e-03
6.014860272407531738e-01
7.069146037101745605e-01
5.196290556341409683e-03
5.940791964530944824e-01
6.723311543464660645e-01
2.977265277877449989e-03
6.463720798492431641e-01
6.583176255226135254e-01
4.973003640770912170e-03
6.789929866790771484e-01
6.487148404121398926e-01
4.644518718123435974e-03
7.035372257232666016e-01
6.427356600761413574e-01
2.601080108433961868e-03
6.088975667953491211e-01
7.216669917106628418e-01
-2.628271933645009995e-03
6.144678592681884766e-01
7.202627062797546387e-01
-9.059074218384921551e-04
5.946490764617919922e-01
7.197840809822082520e-01
6.607511895708739758e-04
5.790289640426635742e-01
7.241688370704650879e-01
1.325451303273439407e-03
6.060761213302612305e-01
7.711741924285888672e-01
-7.096855901181697845e-03
6.049367785453796387e-01
7.613134980201721191e-01
-3.082878887653350830e-03
5.847191810607910156e-01
7.581511735916137695e-01
3.058429108932614326e-03
5.697155594825744629e-01
7.602433562278747559e-01
5.540353711694478989e-03
5.952941775321960449e-01
8.099126815795898438e-01
-1.197396405041217804e-02
5.902526974678039551e-01
8.028279542922973633e-01
-2.443232107907533646e-03
5.745161175727844238e-01
7.993373870849609375e-01
7.621939294040203094e-03
5.620759129524230957e-01
8.012548685073852539e-01
1.424400322139263153e-02
