4.700509905815124512e-01
8.150512576103210449e-01
-9.354046426324202912e-08
4.893670082092285156e-01
7.320642471313476562e-01
5.461569409817457199e-03
5.414848923683166504e-01
6.965448856353759766e-01
8.084017783403396606e-03
5.775194764137268066e-01
7.033129930496215820e-01
8.161833509802818298e-03
5.957692861557006836e-01
7.292715907096862793e-01
7.251921575516462326e-03
5.901670455932617188e-01
6.944798827171325684e-01
1.618770998902618885e-03
6.445535421371459961e-01
6.797158718109130859e-01
3.714906051754951477e-03
6.784880757331848145e-01
6.711086630821228027e-01
3.690084908157587051e-03
7.038685679435729980e-01
6.661396026611328125e-01
1.832202542573213577e-03
6.046069860458374023e-01
7.436785101890563965e-01
-3.658894449472427368e-03
6.101613044738769531e-01
7.414187788963317871e-01
-3.862855955958366394e-04
5.913057327270507812e-01
7.400342226028442383e-01
2.108946908265352249e-03
5.764651894569396973e-01
7.439293265342712402e-01
2.700853860005736351e-03
6.014331579208374023e-01
7.930186986923217773e-01
-7.578921969980001450e-03
5.987695455551147461e-01
7.815875411033630371e-01
-1.706231501884758472e-03
5.800359845161437988e-01
7.782946228981018066e-01
5.113521590828895569e-03
5.654909014701843262e-01
7.802826166152954102e-01
7.280439138412475586e-03
5.906621813774108887e-01
8.314911127090454102e-01
-1.186694391071796417e-02
5.845111012458801270e-01
8.219282627105712891e-01
-1.273442874662578106e-03
5.697273015975952148e-01
8.181468248367309570e-01
9.296105243265628815e-03
5.574732422828674316e-01
8.192963600158691406e-01
1.600256748497486115e-02
