5.105507969856262207e-01
5.219634175300598145e-01
-2.863532699848292395e-08
5.331966876983642578e-01
4.841563999652862549e-01
1.973228529095649719e-03
5.659109354019165039e-01
4.793903529644012451e-01
2.863953995984047651e-04
5.855461955070495605e-01
4.909401834011077881e-01
-2.828004769980907440e-03
5.936259031295776367e-01
5.100250840187072754e-01
-6.315123289823532104e-03
5.928499102592468262e-01
4.721048772335052490e-01
-4.296645987778902054e-03
6.266421079635620117e-01
4.777069389820098877e-01
-6.425338797271251678e-03
6.498038172721862793e-01
4.805665612220764160e-01
-9.097763337194919586e-03
6.669764518737792969e-01
4.822003543376922607e-01
-1.230100449174642563e-02
5.972058176994323730e-01
5.039631128311157227e-01
-8.560948073863983154e-03
5.971967577934265137e-01
5.189832448959350586e-01
-1.069998089224100113e-02
5.862835645675659180e-01
5.181816816329956055e-01
-1.146449986845254898e-02
5.773773193359375000e-01
5.134387016296386719e-01
-1.269700843840837479e-02
5.911161899566650391e-01
5.362834334373474121e-01
-1.187375467270612717e-02
5.873469114303588867e-01
5.431334376335144043e-01
-1.189388893544673920e-02
5.766252279281616211e-01
5.408049225807189941e-01
-7.808750495314598083e-03
5.674681067466735840e-01
5.355949401855468750e-01
-6.345049943774938583e-03
5.823297500610351562e-01
5.629721283912658691e-01
-1.561990380287170410e-02
5.764294266700744629e-01
5.673323273658752441e-01
-1.216591522097587585e-02
5.663382411003112793e-01
5.639026761054992676e-01
-6.364942993968725204e-03
5.583162903785705566e-01
5.588311553001403809e-01
-2.526732860133051872e-03
