4.861593842506408691e-01
7.789948582649230957e-01
-1.177775885707887937e-07
5.040963888168334961e-01
6.929100751876831055e-01
8.487772196531295776e-03
5.551432967185974121e-01
6.537751555442810059e-01
1.456501986831426620e-02
5.894343256950378418e-01
6.582795977592468262e-01
1.748935133218765259e-02
6.066071987152099609e-01
6.833309531211853027e-01
1.928887329995632172e-02
6.006931662559509277e-01
6.519960165023803711e-01
1.160593144595623016e-02
6.502282023429870605e-01
6.376333236694335938e-01
1.893568783998489380e-02
6.797485351562500000e-01
6.277129054069519043e-01
2.175069227814674377e-02
7.025034427642822266e-01
6.214186549186706543e-01
2.140775509178638458e-02
6.162191629409790039e-01
6.990349292755126953e-01
6.485809106379747391e-03
6.175274252891540527e-01
6.995864510536193848e-01
1.362302899360656738e-02
5.966292023658752441e-01
6.989409327507019043e-01
1.587979681789875031e-02
5.823324918746948242e-01
7.017762660980224609e-01
1.641194708645343781e-02
6.146090030670166016e-01
7.471480965614318848e-01
2.754330402240157127e-03
6.095802783966064453e-01
7.394840121269226074e-01
1.103424094617366791e-02
5.889374017715454102e-01
7.363412976264953613e-01
1.533660478889942169e-02
5.745991468429565430e-01
7.373169064521789551e-01
1.591408811509609222e-02
6.061856150627136230e-01
7.844930887222290039e-01
-9.338517556898295879e-04
5.975846052169799805e-01
7.785865068435668945e-01
1.165434997528791428e-02
5.821814537048339844e-01
7.755396962165832520e-01
2.057576552033424377e-02
5.705304741859436035e-01
7.768859863281250000e-01
2.588246390223503113e-02
