4.865958690643310547e-01
7.803103923797607422e-01
-1.220210776864405489e-07
5.005113482475280762e-01
6.961862444877624512e-01
7.095450535416603088e-03
5.487725734710693359e-01
6.558162569999694824e-01
1.155646424740552902e-02
5.853695273399353027e-01
6.561858654022216797e-01
1.321342028677463531e-02
6.047717928886413574e-01
6.784218549728393555e-01
1.405578665435314178e-02
5.981188416481018066e-01
6.512492895126342773e-01
7.885962724685668945e-03
6.491612195968627930e-01
6.343719959259033203e-01
1.323440019041299820e-02
6.798450350761413574e-01
6.250382065773010254e-01
1.544479001313447952e-02
7.030502557754516602e-01
6.197038888931274414e-01
1.500381343066692352e-02
6.152301430702209473e-01
6.969719529151916504e-01
3.027149708941578865e-03
6.182665228843688965e-01
6.901552677154541016e-01
8.716924116015434265e-03
5.981897711753845215e-01
6.913248300552368164e-01
1.146865729242563248e-02
5.839911699295043945e-01
6.981307268142700195e-01
1.238402258604764938e-02
6.159243583679199219e-01
7.441297769546508789e-01
-5.075672524981200695e-04
6.124319434165954590e-01
7.294694185256958008e-01
6.256372202187776566e-03
5.934120416641235352e-01
7.283626794815063477e-01
1.173274964094161987e-02
5.789641737937927246e-01
7.330163717269897461e-01
1.334776729345321655e-02
6.091350317001342773e-01
7.817021012306213379e-01
-4.060647450387477875e-03
6.023411154747009277e-01
7.683417797088623047e-01
7.636460941284894943e-03
5.882936120033264160e-01
7.658995389938354492e-01
1.753060892224311829e-02
5.759558677673339844e-01
7.692667841911315918e-01
2.374682947993278503e-02
