4.917680323123931885e-01
6.645629405975341797e-01
-2.014902023006470699e-08
5.076365470886230469e-01
6.130936741828918457e-01
-3.669067285954952240e-03
5.417568683624267578e-01
5.893944501876831055e-01
-5.952258594334125519e-03
5.684682726860046387e-01
5.961039066314697266e-01
-9.342605248093605042e-03
5.853930711746215820e-01
6.105136871337890625e-01
-1.257192436605691910e-02
5.837004780769348145e-01
5.884698629379272461e-01
-2.504896139726042747e-03
6.244860291481018066e-01
5.796596407890319824e-01
-7.330405991524457932e-03
6.521742939949035645e-01
5.776997208595275879e-01
-1.195894461125135422e-02
6.738886833190917969e-01
5.781579613685607910e-01
-1.596672832965850830e-02
5.882526040077209473e-01
6.247483491897583008e-01
-5.441784393042325974e-03
6.013718247413635254e-01
6.272060275077819824e-01
-1.404023449867963791e-02
5.866940021514892578e-01
6.254307627677917480e-01
-1.663860119879245758e-02
5.718980431556701660e-01
6.256784200668334961e-01
-1.665036007761955261e-02
5.827023386955261230e-01
6.576359272003173828e-01
-8.756650611758232117e-03
5.910524129867553711e-01
6.547628641128540039e-01
-1.534362602978944778e-02
5.764858126640319824e-01
6.519101262092590332e-01
-1.157872751355171204e-02
5.631212592124938965e-01
6.512811183929443359e-01
-7.752772886306047440e-03
5.728129744529724121e-01
6.833294034004211426e-01
-1.289281994104385376e-02
5.777444839477539062e-01
6.788218617439270020e-01
-1.406311057507991791e-02
5.657741427421569824e-01
6.746525764465332031e-01
-8.313857018947601318e-03
5.552569627761840820e-01
6.728293895721435547e-01
-3.184862667694687843e-03
