4.922950863838195801e-01
6.456947922706604004e-01
-1.540481631145951269e-09
5.022927522659301758e-01
5.839533209800720215e-01
-3.558331402018666267e-03
5.354209542274475098e-01
5.489089488983154297e-01
-3.318124683573842049e-03
5.640861392021179199e-01
5.501917004585266113e-01
-3.642954165115952492e-03
5.816661119461059570e-01
5.639528036117553711e-01
-3.955276217311620712e-03
5.821803212165832520e-01
5.530984401702880859e-01
1.292029395699501038e-03
6.192378997802734375e-01
5.396695733070373535e-01
-1.160431304015219212e-03
6.459193825721740723e-01
5.373244285583496094e-01
-4.769045393913984299e-03
6.676330566406250000e-01
5.388932824134826660e-01
-8.079900406301021576e-03
5.902220606803894043e-01
5.887428522109985352e-01
1.916033797897398472e-04
5.957139730453491211e-01
5.715370178222656250e-01
-3.209750633686780930e-03
5.816584229469299316e-01
5.690062046051025391e-01
-4.122305661439895630e-03
5.705888867378234863e-01
5.766556859016418457e-01
-4.080931190401315689e-03
5.875719785690307617e-01
6.200792193412780762e-01
-1.654037390835583210e-03
5.903141498565673828e-01
6.001094579696655273e-01
-5.503413733094930649e-03
5.779688358306884766e-01
5.974664092063903809e-01
-3.172396682202816010e-03
5.682734847068786621e-01
6.036755442619323730e-01
-9.447644697502255440e-04
5.802181363105773926e-01
6.454016566276550293e-01
-4.252360668033361435e-03
5.806601047515869141e-01
6.259663701057434082e-01
-4.457183182239532471e-03
5.697163343429565430e-01
6.238054633140563965e-01
1.177067897515371442e-04
5.605397820472717285e-01
6.289867162704467773e-01
4.331966396421194077e-03
