5.177995562553405762e-01
4.718591868877410889e-01
2.139610266738145583e-08
5.327609777450561523e-01
4.287027716636657715e-01
-1.377668231725692749e-03
5.659074783325195312e-01
4.148201346397399902e-01
-3.256845287978649139e-03
5.884102582931518555e-01
4.238124787807464600e-01
-6.255968939512968063e-03
5.992068052291870117e-01
4.422109425067901611e-01
-9.222419932484626770e-03
5.904936194419860840e-01
4.035466015338897705e-01
-1.938576577231287956e-03
6.223396062850952148e-01
4.042536318302154541e-01
-5.887479055672883987e-03
6.458119153976440430e-01
4.060174226760864258e-01
-1.062511932104825974e-02
6.632066369056701660e-01
4.079848527908325195e-01
-1.497851498425006866e-02
5.970590710639953613e-01
4.341701567173004150e-01
-5.477001424878835678e-03
6.033268570899963379e-01
4.474185109138488770e-01
-1.104443427175283432e-02
5.928502082824707031e-01
4.485952854156494141e-01
-1.340096350759267807e-02
5.831581950187683105e-01
4.471873044967651367e-01
-1.457788795232772827e-02
5.950129628181457520e-01
4.651276171207427979e-01
-8.968259207904338837e-03
5.994297862052917480e-01
4.710370004177093506e-01
-1.252492796629667282e-02
5.885871648788452148e-01
4.700258076190948486e-01
-8.742601610720157623e-03
5.791335701942443848e-01
4.677180945873260498e-01
-6.145093124359846115e-03
5.894279479980468750e-01
4.913527071475982666e-01
-1.323448028415441513e-02
5.904503464698791504e-01
4.951283633708953857e-01
-1.225290726870298386e-02
5.805729031562805176e-01
4.942597150802612305e-01
-6.560228765010833740e-03
5.728082060813903809e-01
4.924071133136749268e-01
-2.134413458406925201e-03
