5.082399249076843262e-01
5.217092633247375488e-01
-4.177001855509843153e-08
5.325885415077209473e-01
4.849351644515991211e-01
4.253291059285402298e-03
5.658518075942993164e-01
4.794749021530151367e-01
3.439115127548575401e-03
5.857670903205871582e-01
4.894199371337890625e-01
5.274381837807595730e-04
5.956960320472717285e-01
5.073246955871582031e-01
-2.688830019906163216e-03
5.926206111907958984e-01
4.698039591312408447e-01
-7.021373603492975235e-04
6.258587837219238281e-01
4.755501449108123779e-01
-2.802969422191381454e-03
6.485205292701721191e-01
4.787747263908386230e-01
-5.571944639086723328e-03
6.654546260833740234e-01
4.806551933288574219e-01
-8.819342590868473053e-03
5.969471335411071777e-01
4.992051124572753906e-01
-6.456613540649414062e-03
5.993366837501525879e-01
5.158930420875549316e-01
-8.856419473886489868e-03
5.881990194320678711e-01
5.162549614906311035e-01
-9.932257235050201416e-03
5.791491270065307617e-01
5.115136504173278809e-01
-1.122146565467119217e-02
5.916569232940673828e-01
5.306837558746337891e-01
-1.127264555543661118e-02
5.897980332374572754e-01
5.399431586265563965e-01
-1.131178811192512512e-02
5.783695578575134277e-01
5.389125943183898926e-01
-7.185710594058036804e-03
5.690479874610900879e-01
5.334929823875427246e-01
-5.682720802724361420e-03
5.832146406173706055e-01
5.577114820480346680e-01
-1.640554517507553101e-02
5.789594650268554688e-01
5.636581182479858398e-01
-1.295751053839921951e-02
5.681463479995727539e-01
5.615112185478210449e-01
-7.004423998296260834e-03
5.597037672996520996e-01
5.563575625419616699e-01
-3.048026934266090393e-03
