5.101227164268493652e-01
5.212578773498535156e-01
-3.810582782648452849e-08
5.333347320556640625e-01
4.843425452709197998e-01
4.151116125285625458e-03
5.659638047218322754e-01
4.795053899288177490e-01
3.547863569110631943e-03
5.854149460792541504e-01
4.904013276100158691e-01
1.037234673276543617e-03
5.936890840530395508e-01
5.087817907333374023e-01
-1.942908507771790028e-03
5.929041504859924316e-01
4.702398777008056641e-01
-1.526296488009393215e-03
6.263192892074584961e-01
4.760136604309082031e-01
-3.038040362298488617e-03
6.490293741226196289e-01
4.794945716857910156e-01
-5.229978822171688080e-03
6.660119295120239258e-01
4.819678962230682373e-01
-8.067732676863670349e-03
5.977147221565246582e-01
5.001831054687500000e-01
-6.747765466570854187e-03
5.975842475891113281e-01
5.173280239105224609e-01
-8.206150494515895844e-03
5.862082839012145996e-01
5.167360305786132812e-01
-8.759349584579467773e-03
5.771448016166687012e-01
5.119969844818115234e-01
-9.847466833889484406e-03
5.920382142066955566e-01
5.315179228782653809e-01
-1.091545913368463516e-02
5.882573723793029785e-01
5.405440926551818848e-01
-1.019016467034816742e-02
5.769467949867248535e-01
5.382792949676513672e-01
-6.173989735543727875e-03
5.678918957710266113e-01
5.328737497329711914e-01
-4.913983400911092758e-03
5.833349227905273438e-01
5.578016042709350586e-01
-1.536678895354270935e-02
5.765151381492614746e-01
5.636441111564636230e-01
-1.121510472148656845e-02
5.657782554626464844e-01
5.605565905570983887e-01
-5.395910702645778656e-03
5.578503012657165527e-01
5.552371740341186523e-01
-1.674506464041769505e-03
