4.947393834590911865e-01
5.801690220832824707e-01
-1.153791551189442544e-08
5.083283185958862305e-01
5.307083725929260254e-01
7.344508776441216469e-04
5.419864654541015625e-01
5.084443688392639160e-01
1.197902820422314107e-04
5.668542385101318359e-01
5.094711184501647949e-01
-2.163408324122428894e-03
5.821649432182312012e-01
5.228301882743835449e-01
-4.454269539564847946e-03
5.812178254127502441e-01
4.973058104515075684e-01
2.816529711708426476e-03
6.172982454299926758e-01
4.902008473873138428e-01
1.450604875572025776e-03
6.418525576591491699e-01
4.882731735706329346e-01
-1.449774485081434250e-03
6.607603430747985840e-01
4.883743822574615479e-01
-4.586183931678533554e-03
5.888301134109497070e-01
5.290954113006591797e-01
-9.944409830495715141e-04
5.999249219894409180e-01
5.311146378517150879e-01
-3.078091889619827271e-03
5.881284475326538086e-01
5.325143933296203613e-01
-4.225801210850477219e-03
5.773305892944335938e-01
5.348163247108459473e-01
-5.056315567344427109e-03
5.867409110069274902e-01
5.610442161560058594e-01
-4.706191364675760269e-03
5.948623418807983398e-01
5.577276945114135742e-01
-5.517297424376010895e-03
5.831263661384582520e-01
5.576059222221374512e-01
-1.725118258036673069e-03
5.719234943389892578e-01
5.586193203926086426e-01
2.188179496442899108e-04
5.799275040626525879e-01
5.874843597412109375e-01
-8.991615846753120422e-03
5.847012996673583984e-01
5.831527113914489746e-01
-5.705459974706172943e-03
5.744559764862060547e-01
5.825067758560180664e-01
4.574499907903373241e-04
5.642008781433105469e-01
5.828303098678588867e-01
4.729868844151496887e-03
