4.917646646499633789e-01
6.151072382926940918e-01
-4.043614776350068496e-09
5.024191141128540039e-01
5.574653744697570801e-01
-1.076684682630002499e-03
5.365274548530578613e-01
5.254884362220764160e-01
-7.449676631949841976e-04
5.652036070823669434e-01
5.262398719787597656e-01
-1.740124076604843140e-03
5.830370187759399414e-01
5.411443114280700684e-01
-2.850526012480258942e-03
5.797975659370422363e-01
5.241037607192993164e-01
2.584644593298435211e-03
6.195874214172363281e-01
5.129317641258239746e-01
1.410525292158126831e-03
6.457649469375610352e-01
5.111308097839355469e-01
-8.989065536297857761e-04
6.660053730010986328e-01
5.120944976806640625e-01
-3.313513472676277161e-03
5.868381261825561523e-01
5.590741634368896484e-01
3.817318938672542572e-04
6.011427044868469238e-01
5.511220693588256836e-01
-1.992169534787535667e-03
5.874815583229064941e-01
5.482876300811767578e-01
-2.449223306030035019e-03
5.742084383964538574e-01
5.517529845237731934e-01
-2.102626021951436996e-03
5.834586024284362793e-01
5.917321443557739258e-01
-2.113115042448043823e-03
5.932919979095458984e-01
5.806735754013061523e-01
-3.949491307139396667e-03
5.803862810134887695e-01
5.777549743652343750e-01
-8.803232340142130852e-04
5.683406591415405273e-01
5.806078910827636719e-01
1.398296561092138290e-03
5.748241543769836426e-01
6.175550818443298340e-01
-5.092781037092208862e-03
5.807517766952514648e-01
6.069693565368652344e-01
-2.447989070788025856e-03
5.704174041748046875e-01
6.039685010910034180e-01
3.274195361882448196e-03
5.603302717208862305e-01
6.055289506912231445e-01
7.618387695401906967e-03
