4.753861427307128906e-01
7.630891203880310059e-01
-1.138768368491582805e-07
4.945956468582153320e-01
6.821038126945495605e-01
7.557033095508813858e-03
5.449947118759155273e-01
6.475951671600341797e-01
1.135155837982892990e-02
5.795937180519104004e-01
6.533312797546386719e-01
1.226754207164049149e-02
5.962759256362915039e-01
6.780869364738464355e-01
1.218936871737241745e-02
5.912875533103942871e-01
6.417573094367980957e-01
6.640334613621234894e-03
6.398092508316040039e-01
6.267828345298767090e-01
1.165146194398403168e-02
6.690452098846435547e-01
6.182020306587219238e-01
1.287747733294963837e-02
6.912220716476440430e-01
6.136984825134277344e-01
1.148833148181438446e-02
6.069386005401611328e-01
6.887068152427673340e-01
9.001512080430984497e-04
6.069703698158264160e-01
6.965913772583007812e-01
6.280078087002038956e-03
5.873704552650451660e-01
6.978176236152648926e-01
7.600739598274230957e-03
5.737530589103698730e-01
6.989065408706665039e-01
7.165900431573390961e-03
6.049466729164123535e-01
7.377642989158630371e-01
-3.280943026766180992e-03
5.978523492813110352e-01
7.360724210739135742e-01
3.538720542564988136e-03
5.792715549468994141e-01
7.344586253166198730e-01
8.036348968744277954e-03
5.655525326728820801e-01
7.336153984069824219e-01
8.598400279879570007e-03
5.958999991416931152e-01
7.759838700294494629e-01
-7.517602760344743729e-03
5.859192013740539551e-01
7.749150395393371582e-01
3.793113864958286285e-03
5.713545083999633789e-01
7.731032967567443848e-01
1.293136551976203918e-02
5.595661997795104980e-01
7.724277973175048828e-01
1.843963190913200378e-02
