5.392853617668151855e-01
4.875896573066711426e-01
-5.892055199296919454e-08
5.473498702049255371e-01
4.346787035465240479e-01
8.263907395303249359e-03
5.765210390090942383e-01
4.106686115264892578e-01
1.391886267811059952e-02
5.992671251296997070e-01
4.129250347614288330e-01
1.704607531428337097e-02
6.131685376167297363e-01
4.258315861225128174e-01
1.969711855053901672e-02
6.061689853668212891e-01
4.034294486045837402e-01
1.451579201966524124e-02
6.360164880752563477e-01
4.013626277446746826e-01
2.127591893076896667e-02
6.518812179565429688e-01
4.029563665390014648e-01
2.457829937338829041e-02
6.638654470443725586e-01
4.050334095954895020e-01
2.560657076537609100e-02
6.138958334922790527e-01
4.297774732112884521e-01
1.039813645184040070e-02
6.270450949668884277e-01
4.387147128582000732e-01
1.613529212772846222e-02
6.144538521766662598e-01
4.413059055805206299e-01
1.755814254283905029e-02
6.020656824111938477e-01
4.421549439430236816e-01
1.815002225339412689e-02
6.135332584381103516e-01
4.587678611278533936e-01
6.944473367184400558e-03
6.216651201248168945e-01
4.627369046211242676e-01
1.187924202531576157e-02
6.085818409919738770e-01
4.643844366073608398e-01
1.344279944896697998e-02
5.976098775863647461e-01
4.644333720207214355e-01
1.334472000598907471e-02
6.097920536994934082e-01
4.829131364822387695e-01
3.969183191657066345e-03
6.139620542526245117e-01
4.871408939361572266e-01
1.124138291925191879e-02
6.032379865646362305e-01
4.887799322605133057e-01
1.583763398230075836e-02
5.939664840698242188e-01
4.883436858654022217e-01
1.827975362539291382e-02
