5.119450688362121582e-01
5.214554667472839355e-01
-2.462085113563716732e-08
5.357254743576049805e-01
4.835048019886016846e-01
3.259656950831413269e-03
5.688747167587280273e-01
4.780688583850860596e-01
2.535779494792222977e-03
5.882917642593383789e-01
4.884532690048217773e-01
1.360759342787787318e-04
5.966383814811706543e-01
5.069614648818969727e-01
-2.694094087928533554e-03
5.952277183532714844e-01
4.705815613269805908e-01
-2.495859982445836067e-03
6.290338635444641113e-01
4.765126705169677734e-01
-4.178799688816070557e-03
6.518126726150512695e-01
4.797322154045104980e-01
-6.415254436433315277e-03
6.686840057373046875e-01
4.822063148021697998e-01
-9.086853824555873871e-03
5.997863411903381348e-01
5.019313097000122070e-01
-7.103521842509508133e-03
6.009278297424316406e-01
5.161854028701782227e-01
-8.571086451411247253e-03
5.904743671417236328e-01
5.157455801963806152e-01
-8.674318902194499969e-03
5.816527605056762695e-01
5.120913386344909668e-01
-9.275880642235279083e-03
5.936903357505798340e-01
5.338925123214721680e-01
-1.074074488133192062e-02
5.909948945045471191e-01
5.391942858695983887e-01
-1.001669745892286301e-02
5.803035497665405273e-01
5.367664098739624023e-01
-5.962633062154054642e-03
5.711476206779479980e-01
5.323144793510437012e-01
-4.462477285414934158e-03
5.844615697860717773e-01
5.601544380187988281e-01
-1.469700038433074951e-02
5.783933997154235840e-01
5.624170303344726562e-01
-1.064648292958736420e-02
5.684229731559753418e-01
5.592809319496154785e-01
-4.864098504185676575e-03
5.603252649307250977e-01
5.550641417503356934e-01
-1.016512513160705566e-03
