5.223024487495422363e-01
5.180701017379760742e-01
-2.701232482138493651e-08
5.430765748023986816e-01
4.828825592994689941e-01
2.734360517933964729e-03
5.726054310798645020e-01
4.776299893856048584e-01
1.288364524953067303e-03
5.905614495277404785e-01
4.900828301906585693e-01
-2.125662751495838165e-03
5.983701348304748535e-01
5.069323778152465820e-01
-5.989444907754659653e-03
5.997943878173828125e-01
4.705448746681213379e-01
-2.676507225260138512e-03
6.335606575012207031e-01
4.778119623661041260e-01
-5.793188232928514481e-03
6.562187075614929199e-01
4.832597672939300537e-01
-9.091881103813648224e-03
6.728345155715942383e-01
4.869088828563690186e-01
-1.251262426376342773e-02
6.048341989517211914e-01
4.979972541332244873e-01
-7.729724980890750885e-03
6.042128801345825195e-01
5.176756978034973145e-01
-1.216292846947908401e-02
5.912381410598754883e-01
5.179178714752197266e-01
-1.385799422860145569e-02
5.808523297309875488e-01
5.119287371635437012e-01
-1.490235142409801483e-02
6.000995635986328125e-01
5.277214646339416504e-01
-1.197599247097969055e-02
5.938804745674133301e-01
5.394957065582275391e-01
-1.396981533616781235e-02
5.816147327423095703e-01
5.386515855789184570e-01
-1.068341080099344254e-02
5.718970298767089844e-01
5.330241918563842773e-01
-9.023981168866157532e-03
5.920583009719848633e-01
5.536759495735168457e-01
-1.662123762071132660e-02
5.823998451232910156e-01
5.623723268508911133e-01
-1.534187793731689453e-02
5.707208514213562012e-01
5.594400167465209961e-01
-1.068000867962837219e-02
5.623740553855895996e-01
5.536031126976013184e-01
-7.032648194581270218e-03
