4.739426672458648682e-01
7.907481193542480469e-01
-1.168232586223894032e-07
4.922810196876525879e-01
7.076108455657958984e-01
6.868293508887290955e-03
5.439357757568359375e-01
6.699219942092895508e-01
1.061652041971683502e-02
5.810455083847045898e-01
6.737728714942932129e-01
1.148604974150657654e-02
6.011185050010681152e-01
6.981952190399169922e-01
1.157993450760841370e-02
5.931580662727355957e-01
6.639494895935058594e-01
5.980764050036668777e-03
6.462285518646240234e-01
6.492428779602050781e-01
9.991320781409740448e-03
6.781548857688903809e-01
6.408091783523559570e-01
1.126119215041399002e-02
7.018072009086608887e-01
6.355998516082763672e-01
1.019037980586290359e-02
6.085054278373718262e-01
7.116871476173400879e-01
3.491311508696526289e-04
6.138777732849121094e-01
7.137597203254699707e-01
4.517330788075923920e-03
5.936543345451354980e-01
7.149584293365478516e-01
6.662288215011358261e-03
5.785657167434692383e-01
7.178498506546020508e-01
7.174692582339048386e-03
6.069648861885070801e-01
7.609323859214782715e-01
-3.921232186257839203e-03
6.036189198493957520e-01
7.537833452224731445e-01
1.985814888030290604e-03
5.837690234184265137e-01
7.523884177207946777e-01
7.887804880738258362e-03
5.687521696090698242e-01
7.535367608070373535e-01
9.670563042163848877e-03
5.979622006416320801e-01
7.998664975166320801e-01
-8.339222520589828491e-03
5.905854105949401855e-01
7.932299971580505371e-01
2.624848159030079842e-03
5.752497315406799316e-01
7.908569574356079102e-01
1.272060442715883255e-02
5.624818205833435059e-01
7.915231585502624512e-01
1.908491365611553192e-02
