4.693911671638488770e-01
8.151561021804809570e-01
-9.455969518512574723e-08
4.890668690204620361e-01
7.327707409858703613e-01
5.456029437482357025e-03
5.412562489509582520e-01
6.974337100982666016e-01
7.984418421983718872e-03
5.773495435714721680e-01
7.045992016792297363e-01
7.941368035972118378e-03
5.956062078475952148e-01
7.312217354774475098e-01
7.029760163277387619e-03
5.896571278572082520e-01
6.938452720642089844e-01
1.557969255372881889e-03
6.442719697952270508e-01
6.794843673706054688e-01
3.620413830503821373e-03
6.781861186027526855e-01
6.710523962974548340e-01
3.612840315327048302e-03
7.034185528755187988e-01
6.660459041595458984e-01
1.720916829071938992e-03
6.041965484619140625e-01
7.424128651618957520e-01
-3.870471846312284470e-03
6.102439165115356445e-01
7.435830235481262207e-01
-6.861407891847193241e-04
5.916391015052795410e-01
7.430967092514038086e-01
1.680898829363286495e-03
5.768630504608154297e-01
7.460831999778747559e-01
2.120434772223234177e-03
6.012195348739624023e-01
7.917947769165039062e-01
-7.923898287117481232e-03
5.987989902496337891e-01
7.834888696670532227e-01
-2.132770372554659843e-03
5.801073908805847168e-01
7.805472612380981445e-01
4.771088715642690659e-03
5.655063986778259277e-01
7.814322113990783691e-01
6.930914241820573807e-03
5.907044410705566406e-01
8.304953575134277344e-01
-1.237731520086526871e-02
5.845810770988464355e-01
8.233025074005126953e-01
-1.809827401302754879e-03
5.697807073593139648e-01
8.198214173316955566e-01
8.845172822475433350e-03
5.573932528495788574e-01
8.202323913574218750e-01
1.557433512061834335e-02
