4.758870601654052734e-01
7.981271147727966309e-01
-1.343878466286696494e-07
4.983183741569519043e-01
7.160777449607849121e-01
7.168370299041271210e-03
5.499542355537414551e-01
6.840111613273620605e-01
1.070271339267492294e-02
5.846773982048034668e-01
6.925124526023864746e-01
1.154616568237543106e-02
6.014519929885864258e-01
7.198159098625183105e-01
1.157132349908351898e-02
5.982744097709655762e-01
6.773958206176757812e-01
4.492968786507844925e-03
6.490374803543090820e-01
6.646616458892822266e-01
8.060595020651817322e-03
6.803655028343200684e-01
6.558410525321960449e-01
8.457717485725879669e-03
7.039364576339721680e-01
6.502737402915954590e-01
6.646000780165195465e-03
6.134354472160339355e-01
7.258279919624328613e-01
-1.233862829394638538e-03
6.153594255447387695e-01
7.340353727340698242e-01
3.502545878291130066e-03
5.964037179946899414e-01
7.340267300605773926e-01
5.085465032607316971e-03
5.824628472328186035e-01
7.346381545066833496e-01
4.736253526061773300e-03
6.104581356048583984e-01
7.758982777595520020e-01
-5.290915723890066147e-03
6.041867136955261230e-01
7.715300917625427246e-01
9.678943315520882607e-04
5.855507254600524902e-01
7.689993977546691895e-01
6.187677849084138870e-03
5.713559389114379883e-01
7.685464620590209961e-01
7.396690547466278076e-03
6.002570390701293945e-01
8.150060772895812988e-01
-9.472451172769069672e-03
5.920842289924621582e-01
8.094929456710815430e-01
9.243406238965690136e-04
5.777370929718017578e-01
8.071003556251525879e-01
1.070927642285823822e-02
5.655508041381835938e-01
8.071776032447814941e-01
1.703202910721302032e-02
