4.724915921688079834e-01
8.174527287483215332e-01
-1.158816829160969064e-07
4.899150729179382324e-01
7.291499376296997070e-01
4.054767545312643051e-03
5.414294600486755371e-01
6.915003657341003418e-01
6.242468487471342087e-03
5.789774060249328613e-01
6.950204372406005859e-01
6.119902245700359344e-03
5.992277860641479492e-01
7.178403139114379883e-01
5.224586464464664459e-03
5.940986275672912598e-01
6.901602745056152344e-01
3.064155811443924904e-03
6.472075581550598145e-01
6.746857166290283203e-01
5.023489706218242645e-03
6.804823875427246094e-01
6.647535562515258789e-01
4.627371672540903091e-03
7.055513858795166016e-01
6.586664915084838867e-01
2.576217055320739746e-03
6.093661785125732422e-01
7.403467297554016113e-01
-1.578066498041152954e-03
6.135578751564025879e-01
7.303574681282043457e-01
9.941026801243424416e-04
5.943608880043029785e-01
7.279967069625854492e-01
2.769004087895154953e-03
5.800815820693969727e-01
7.342956662178039551e-01
3.186769085004925728e-03
6.071162223815917969e-01
7.893513441085815430e-01
-5.176289938390254974e-03
6.058929562568664551e-01
7.687257528305053711e-01
-1.628514728508889675e-03
5.868437886238098145e-01
7.654279470443725586e-01
4.267094656825065613e-03
5.723296999931335449e-01
7.709189653396606445e-01
6.798980757594108582e-03
5.974687933921813965e-01
8.273102045059204102e-01
-9.051130153238773346e-03
5.943460464477539062e-01
8.082851171493530273e-01
-3.575199516490101814e-04
5.800416469573974609e-01
8.051147460937500000e-01
9.958312846720218658e-03
5.672428607940673828e-01
8.100690841674804688e-01
1.714242249727249146e-02
