4.621139168739318848e-01
8.154922723770141602e-01
-1.096242669973435113e-07
4.815089404582977295e-01
7.299280762672424316e-01
7.609323598444461823e-03
5.335908532142639160e-01
6.911721825599670410e-01
1.075421553105115891e-02
5.706464052200317383e-01
6.957219839096069336e-01
1.081665698438882828e-02
5.915201902389526367e-01
7.204812169075012207e-01
9.905337356030941010e-03
5.827553868293762207e-01
6.822303533554077148e-01
4.745778627693653107e-03
6.375170350074768066e-01
6.684956550598144531e-01
7.703017443418502808e-03
6.710401177406311035e-01
6.598687767982482910e-01
7.971848361194133759e-03
6.959533095359802246e-01
6.549140214920043945e-01
6.282036658376455307e-03
5.989028215408325195e-01
7.297593355178833008e-01
-1.518695033155381680e-03
6.060327291488647461e-01
7.304994463920593262e-01
2.241223817691206932e-03
5.864760279655456543e-01
7.308884859085083008e-01
4.240410402417182922e-03
5.713192224502563477e-01
7.354325056076049805e-01
4.453418310731649399e-03
5.983462333679199219e-01
7.796732187271118164e-01
-6.246553268283605576e-03
5.980514287948608398e-01
7.701463103294372559e-01
-3.784877189900726080e-04
5.784608125686645508e-01
7.689323425292968750e-01
5.815260577946901321e-03
5.627721548080444336e-01
7.721901535987854004e-01
7.700020913034677505e-03
5.901839137077331543e-01
8.202060461044311523e-01
-1.111439149826765060e-02
5.853626132011413574e-01
8.115526437759399414e-01
-6.621544598601758480e-04
5.700080990791320801e-01
8.098897933959960938e-01
9.647648781538009644e-03
5.565438866615295410e-01
8.126565217971801758e-01
1.637553796172142029e-02
