4.752651751041412354e-01
8.081040978431701660e-01
-9.670596767819006345e-08
4.911630153656005859e-01
7.249596714973449707e-01
4.720541182905435562e-03
5.406501293182373047e-01
6.871228218078613281e-01
6.645007524639368057e-03
5.777059793472290039e-01
6.927328705787658691e-01
6.070293020457029343e-03
5.977139472961425781e-01
7.159149050712585449e-01
4.925790242850780487e-03
5.955027937889099121e-01
6.789857745170593262e-01
2.431118628010153770e-03
6.475564241409301758e-01
6.649276018142700195e-01
4.492849111557006836e-03
6.805530190467834473e-01
6.568388342857360840e-01
4.151182714849710464e-03
7.051212787628173828e-01
6.529242396354675293e-01
1.878933398984372616e-03
6.113178133964538574e-01
7.271051406860351562e-01
-2.940215868875384331e-03
6.117953062057495117e-01
7.350196242332458496e-01
-1.296941656619310379e-03
5.911862254142761230e-01
7.356941103935241699e-01
-8.244709169957786798e-05
5.767513513565063477e-01
7.371482253074645996e-01
6.708388809784082696e-06
6.092217564582824707e-01
7.762049436569213867e-01
-7.084436248987913132e-03
6.021391153335571289e-01
7.751960754394531250e-01
-3.708281787112355232e-03
5.824843645095825195e-01
7.731671929359436035e-01
2.030519768595695496e-03
5.680359601974487305e-01
7.726096510887145996e-01
4.132045432925224304e-03
5.993728041648864746e-01
8.148546218872070312e-01
-1.163460966199636459e-02
5.884448289871215820e-01
8.134775161743164062e-01
-3.407838521525263786e-03
5.730873346328735352e-01
8.114582300186157227e-01
5.759974475950002670e-03
5.610458850860595703e-01
8.110907673835754395e-01
1.205673534423112869e-02
