4.940054118633270264e-01
5.936809182167053223e-01
2.811645138933727139e-08
5.048757195472717285e-01
5.370234251022338867e-01
-2.486087149009108543e-03
5.358945131301879883e-01
5.045271515846252441e-01
-3.126532072201371193e-03
5.638482570648193359e-01
4.994891583919525146e-01
-4.470002371817827225e-03
5.835269689559936523e-01
5.084504485130310059e-01
-5.464196670800447464e-03
5.793669223785400391e-01
4.970709085464477539e-01
1.720381202176213264e-03
6.170536279678344727e-01
4.874690175056457520e-01
2.206250064773485065e-04
6.424454450607299805e-01
4.847769439220428467e-01
-2.708594081923365593e-03
6.625087857246398926e-01
4.845708310604095459e-01
-5.780182313174009323e-03
5.866069793701171875e-01
5.287905335426330566e-01
2.900344552472233772e-04
6.000250577926635742e-01
5.211489200592041016e-01
-2.110775327309966087e-03
5.881107449531555176e-01
5.213446021080017090e-01
-2.950525144115090370e-03
5.764017701148986816e-01
5.276875495910644531e-01
-3.340166294947266579e-03
5.848312377929687500e-01
5.605931878089904785e-01
-1.582683296874165535e-03
5.954251289367675781e-01
5.487029552459716797e-01
-3.892406122758984566e-03
5.840428471565246582e-01
5.479475259780883789e-01
-5.685082869604229927e-04
5.725545883178710938e-01
5.530826449394226074e-01
1.707961899228394032e-03
5.786205530166625977e-01
5.877651572227478027e-01
-4.052340053021907806e-03
5.853073596954345703e-01
5.754376649856567383e-01
-2.243652241304516792e-03
5.755037069320678711e-01
5.742789506912231445e-01
3.147665644064545631e-03
5.653659105300903320e-01
5.784226655960083008e-01
7.277181837707757950e-03
