5.154747366905212402e-01
5.190582871437072754e-01
-2.969516366135849239e-08
5.381641387939453125e-01
4.844307899475097656e-01
1.479157246649265289e-03
5.701473355293273926e-01
4.806190431118011475e-01
-4.320805601309984922e-04
5.894566774368286133e-01
4.928955733776092529e-01
-3.974110819399356842e-03
5.978968739509582520e-01
5.105443000793457031e-01
-7.727060467004776001e-03
5.953716039657592773e-01
4.717510342597961426e-01
-3.807917470112442970e-03
6.282779574394226074e-01
4.781872928142547607e-01
-7.447599433362483978e-03
6.515935659408569336e-01
4.823142886161804199e-01
-1.132722385227680206e-02
6.686990857124328613e-01
4.847975969314575195e-01
-1.528110448271036148e-02
5.993858575820922852e-01
5.005984902381896973e-01
-8.739386685192584991e-03
6.000505089759826660e-01
5.184776782989501953e-01
-1.367608085274696350e-02
5.885446667671203613e-01
5.189467668533325195e-01
-1.565261371433734894e-02
5.788263678550720215e-01
5.139271020889282227e-01
-1.699007675051689148e-02
5.937330126762390137e-01
5.312271118164062500e-01
-1.298178732395172119e-02
5.903422832489013672e-01
5.420542359352111816e-01
-1.560172997415065765e-02
5.789988636970520020e-01
5.410526990890502930e-01
-1.199136860668659210e-02
5.695337653160095215e-01
5.360229015350341797e-01
-1.010039914399385452e-02
5.849590897560119629e-01
5.581566691398620605e-01
-1.773131079971790314e-02
5.790283679962158203e-01
5.655883550643920898e-01
-1.684943027794361115e-02
5.681697726249694824e-01
5.630036592483520508e-01
-1.180399954319000244e-02
5.599463582038879395e-01
5.582064390182495117e-01
-7.964630611240863800e-03
