5.118204355239868164e-01
5.225958824157714844e-01
-3.560498385013488587e-08
5.351520776748657227e-01
4.852245748043060303e-01
3.884873818606138229e-03
5.680440068244934082e-01
4.798899888992309570e-01
2.958872588351368904e-03
5.877276659011840820e-01
4.900926351547241211e-01
1.576028880663216114e-04
5.965916514396667480e-01
5.077745914459228516e-01
-3.022942459210753441e-03
5.957679152488708496e-01
4.708669185638427734e-01
-1.891366089694201946e-03
6.296072006225585938e-01
4.775707125663757324e-01
-3.244358114898204803e-03
6.519834995269775391e-01
4.805381894111633301e-01
-5.265303421765565872e-03
6.685695648193359375e-01
4.821919202804565430e-01
-7.997144013643264771e-03
6.001889705657958984e-01
5.011591315269470215e-01
-6.914505269378423691e-03
6.006143689155578613e-01
5.172120332717895508e-01
-8.118952624499797821e-03
5.899831056594848633e-01
5.162239074707031250e-01
-8.565608412027359009e-03
5.814700722694396973e-01
5.115180015563964844e-01
-9.769891388714313507e-03
5.947443246841430664e-01
5.324922800064086914e-01
-1.088042650371789932e-02
5.910164713859558105e-01
5.406305789947509766e-01
-9.889524430036544800e-03
5.800961852073669434e-01
5.386989712715148926e-01
-5.707896314561367035e-03
5.709784030914306641e-01
5.334560871124267578e-01
-4.487817175686359406e-03
5.865886807441711426e-01
5.585874915122985840e-01
-1.518873032182455063e-02
5.806503891944885254e-01
5.641852021217346191e-01
-1.094263512641191483e-02
5.701961517333984375e-01
5.617464184761047363e-01
-5.073681473731994629e-03
5.620669722557067871e-01
5.570233464241027832e-01
-1.354678301140666008e-03
