4.817005991935729980e-01
7.776072025299072266e-01
-1.410145529234796413e-07
5.020828843116760254e-01
6.976684927940368652e-01
9.106365963816642761e-03
5.528153181076049805e-01
6.623074412345886230e-01
1.342248357832431793e-02
5.873874425888061523e-01
6.688222289085388184e-01
1.453868206590414047e-02
6.047504544258117676e-01
6.947481632232666016e-01
1.462586410343647003e-02
6.020261645317077637e-01
6.522702574729919434e-01
6.797343958169221878e-03
6.512061953544616699e-01
6.382488012313842773e-01
1.151487976312637329e-02
6.815870404243469238e-01
6.299602389335632324e-01
1.208978518843650818e-02
7.043291926383972168e-01
6.254349946975708008e-01
1.013838872313499451e-02
6.179961562156677246e-01
6.985392570495605469e-01
1.072430222848197445e-05
6.188022494316101074e-01
7.139245271682739258e-01
5.656794644892215729e-03
5.995427966117858887e-01
7.155802845954895020e-01
6.514456123113632202e-03
5.855942964553833008e-01
7.145502567291259766e-01
5.429923534393310547e-03
6.157901287078857422e-01
7.488081455230712891e-01
-4.905314650386571884e-03
6.085907220840454102e-01
7.528648972511291504e-01
2.702942118048667908e-03
5.897493958473205566e-01
7.509901523590087891e-01
7.522692903876304626e-03
5.755075216293334961e-01
7.484447956085205078e-01
7.962179370224475861e-03
6.056612730026245117e-01
7.888914346694946289e-01
-9.876509197056293488e-03
5.959556698799133301e-01
7.914828062057495117e-01
1.725652720779180527e-03
5.811284184455871582e-01
7.895345091819763184e-01
1.135130319744348526e-02
5.684909820556640625e-01
7.876049876213073730e-01
1.725937798619270325e-02
