5.448823571205139160e-01
5.387961864471435547e-01
-2.418930122871643107e-08
5.497922897338867188e-01
4.874240756034851074e-01
8.058542734943330288e-04
5.777932405471801758e-01
4.591667056083679199e-01
2.558572683483362198e-03
6.026404500007629395e-01
4.591714739799499512e-01
3.006203332915902138e-03
6.180252432823181152e-01
4.702335000038146973e-01
3.199492348358035088e-03
6.147572398185729980e-01
4.538896977901458740e-01
5.595975555479526520e-03
6.433559656143188477e-01
4.470257461071014404e-01
7.142851594835519791e-03
6.626178622245788574e-01
4.444673061370849609e-01
6.481512449681758881e-03
6.775235533714294434e-01
4.437749087810516357e-01
4.823587369173765182e-03
6.240268945693969727e-01
4.834106266498565674e-01
3.309896448627114296e-03
6.353368759155273438e-01
4.800072014331817627e-01
4.001762252300977707e-03
6.240415573120117188e-01
4.816813766956329346e-01
3.836977761238813400e-03
6.125988960266113281e-01
4.858556985855102539e-01
3.810381051152944565e-03
6.242498755455017090e-01
5.131035447120666504e-01
9.738499065861105919e-04
6.322301626205444336e-01
5.058077573776245117e-01
1.481302315369248390e-03
6.209746003150939941e-01
5.065124630928039551e-01
3.697901032865047455e-03
6.101152896881103516e-01
5.100460648536682129e-01
4.831597674638032913e-03
6.197685599327087402e-01
5.381464958190917969e-01
-1.666464610025286674e-03
6.232971549034118652e-01
5.319694280624389648e-01
1.915122149512171745e-03
6.140001416206359863e-01
5.316074490547180176e-01
6.295401602983474731e-03
6.050089001655578613e-01
5.336550474166870117e-01
9.220699779689311981e-03
