5.166949629783630371e-01
4.401084184646606445e-01
-4.537614284316759949e-09
5.369912385940551758e-01
4.019469916820526123e-01
5.143190268427133560e-03
5.701780319213867188e-01
3.920490443706512451e-01
5.583382677286863327e-03
5.897598862648010254e-01
4.020171165466308594e-01
3.263347316533327103e-03
6.010769605636596680e-01
4.184419512748718262e-01
8.266021031886339188e-04
5.936508774757385254e-01
3.808907568454742432e-01
6.195052526891231537e-03
6.245350837707519531e-01
3.871628642082214355e-01
5.222762469202280045e-03
6.440557241439819336e-01
3.912801742553710938e-01
2.933188108727335930e-03
6.594780087471008301e-01
3.937997817993164062e-01
-1.419003092451021075e-04
5.990251898765563965e-01
4.043120741844177246e-01
-2.602841123007237911e-04
6.067329645156860352e-01
4.280576705932617188e-01
-2.997846808284521103e-03
5.943637490272521973e-01
4.302241206169128418e-01
-4.935221746563911438e-03
5.847629308700561523e-01
4.237609803676605225e-01
-6.668518297374248505e-03
5.974764227867126465e-01
4.315676391124725342e-01
-6.310766097158193588e-03
6.022149324417114258e-01
4.491380751132965088e-01
-6.962121929973363876e-03
5.890245437622070312e-01
4.500987231731414795e-01
-3.398626809939742088e-03
5.798273682594299316e-01
4.432265758514404297e-01
-2.145709469914436340e-03
5.928991436958312988e-01
4.562367200851440430e-01
-1.272331643849611282e-02
5.952004194259643555e-01
4.708232283592224121e-01
-9.510964155197143555e-03
5.832130908966064453e-01
4.715880453586578369e-01
-4.036187659949064255e-03
5.746154785156250000e-01
4.655537307262420654e-01
-7.296745316125452518e-04
