5.103855133056640625e-01
5.211383700370788574e-01
-4.239782569470662565e-08
5.332898497581481934e-01
4.829353094100952148e-01
4.377796780318021774e-03
5.655229687690734863e-01
4.775417447090148926e-01
4.219658672809600830e-03
5.846646428108215332e-01
4.883300065994262695e-01
2.144313883036375046e-03
5.931605100631713867e-01
5.060962438583374023e-01
-4.720624419860541821e-04
5.928711891174316406e-01
4.697729051113128662e-01
-9.369642357341945171e-04
6.274679899215698242e-01
4.766521453857421875e-01
-1.353547442704439163e-03
6.495618820190429688e-01
4.792759120464324951e-01
-2.601444954052567482e-03
6.660723686218261719e-01
4.805726110935211182e-01
-4.837592598050832748e-03
5.986977219581604004e-01
4.994470775127410889e-01
-5.683055147528648376e-03
5.979492068290710449e-01
5.165206789970397949e-01
-5.950371734797954559e-03
5.863707661628723145e-01
5.162904858589172363e-01
-6.223480682820081711e-03
5.779434442520141602e-01
5.115279555320739746e-01
-7.343308534473180771e-03
5.939953327178955078e-01
5.308087468147277832e-01
-9.277085773646831512e-03
5.887864232063293457e-01
5.391179919242858887e-01
-7.766925264149904251e-03
5.771293044090270996e-01
5.371186137199401855e-01
-4.398680757731199265e-03
5.680985450744628906e-01
5.314944386482238770e-01
-3.772162133827805519e-03
5.863558053970336914e-01
5.568274855613708496e-01
-1.307551842182874680e-02
5.775278806686401367e-01
5.621886253356933594e-01
-9.003231301903724670e-03
5.663375258445739746e-01
5.593355298042297363e-01
-3.954874817281961441e-03
5.578670501708984375e-01
5.536965131759643555e-01
-7.189323659986257553e-04
