5.120646357536315918e-01
5.210290551185607910e-01
-3.430064410281374876e-08
5.353142023086547852e-01
4.837003052234649658e-01
1.833655987866222858e-03
5.680136084556579590e-01
4.791776239871978760e-01
3.144400834571570158e-04
5.873135924339294434e-01
4.908883273601531982e-01
-2.646922133862972260e-03
5.955334901809692383e-01
5.098091959953308105e-01
-5.971014034003019333e-03
5.934606790542602539e-01
4.726272821426391602e-01
-4.032612312585115433e-03
6.271429657936096191e-01
4.779771268367767334e-01
-6.324965972453355789e-03
6.503200531005859375e-01
4.806356132030487061e-01
-9.157032705843448639e-03
6.673967242240905762e-01
4.820761978626251221e-01
-1.240193191915750504e-02
5.973632335662841797e-01
5.039340853691101074e-01
-8.266859687864780426e-03
5.976683497428894043e-01
5.197570323944091797e-01
-1.109061483293771744e-02
5.866762995719909668e-01
5.193272233009338379e-01
-1.234128698706626892e-02
5.775465369224548340e-01
5.144041180610656738e-01
-1.360313873738050461e-02
5.909821987152099609e-01
5.359540581703186035e-01
-1.155910640954971313e-02
5.875275731086730957e-01
5.429986715316772461e-01
-1.215944159775972366e-02
5.767431259155273438e-01
5.410797595977783203e-01
-8.450161665678024292e-03
5.676421523094177246e-01
5.361224412918090820e-01
-6.933156400918960571e-03
5.819847583770751953e-01
5.625540018081665039e-01
-1.524902693927288055e-02
5.766078233718872070e-01
5.665204524993896484e-01
-1.231501251459121704e-02
5.665299892425537109e-01
5.631695985794067383e-01
-6.684052757918834686e-03
5.584834814071655273e-01
5.582194328308105469e-01
-2.766269724816083908e-03
