4.621396660804748535e-01
8.188334703445434570e-01
-1.061194225826511683e-07
4.770450890064239502e-01
7.313765883445739746e-01
6.453828420490026474e-03
5.279403924942016602e-01
6.910812854766845703e-01
9.581530466675758362e-03
5.673754215240478516e-01
6.934942007064819336e-01
9.673067368566989899e-03
5.895314812660217285e-01
7.161442637443542480e-01
9.121648035943508148e-03
5.827331542968750000e-01
6.821544170379638672e-01
6.714879069477319717e-03
6.376070976257324219e-01
6.670414805412292480e-01
9.737175889313220978e-03
6.707214713096618652e-01
6.596494913101196289e-01
1.021785475313663483e-02
6.958090066909790039e-01
6.566329002380371094e-01
8.782228454947471619e-03
5.991159081459045410e-01
7.299686074256896973e-01
8.945070439949631691e-04
6.065764427185058594e-01
7.278596758842468262e-01
4.038325510919094086e-03
5.862727165222167969e-01
7.282881140708923340e-01
6.122943945229053497e-03
5.708284378051757812e-01
7.342919111251831055e-01
6.853559520095586777e-03
5.986837148666381836e-01
7.791156172752380371e-01
-3.806679043918848038e-03
5.988805294036865234e-01
7.680582404136657715e-01
6.578582688234746456e-04
5.786648988723754883e-01
7.662110924720764160e-01
6.796950008720159531e-03
5.627799630165100098e-01
7.700889706611633301e-01
9.195826947689056396e-03
5.906440615653991699e-01
8.186930418014526367e-01
-8.710893802344799042e-03
5.857192277908325195e-01
8.088584542274475098e-01
1.232979120686650276e-03
5.700176954269409180e-01
8.067613244056701660e-01
1.148240454494953156e-02
5.566006898880004883e-01
8.099189996719360352e-01
1.833068393170833588e-02
