4.680338501930236816e-01
8.296414613723754883e-01
-1.488157295170822181e-07
4.855946600437164307e-01
7.409003973007202148e-01
1.027604565024375916e-02
5.374073982238769531e-01
7.018542289733886719e-01
1.593181490898132324e-02
5.756005048751831055e-01
7.020030617713928223e-01
1.905628293752670288e-02
5.959522128105163574e-01
7.224891781806945801e-01
2.075934968888759613e-02
5.903560519218444824e-01
7.021031975746154785e-01
6.239558570086956024e-03
6.463568210601806641e-01
6.844313144683837891e-01
1.351593621075153351e-02
6.795529127120971680e-01
6.745532751083374023e-01
1.751850917935371399e-02
7.057354450225830078e-01
6.685589551925659180e-01
1.838879473507404327e-02
6.053545475006103516e-01
7.528786659240722656e-01
1.646013581193983555e-03
6.119705438613891602e-01
7.325801849365234375e-01
1.267998665571212769e-02
5.909075736999511719e-01
7.287539839744567871e-01
1.946514286100864410e-02
5.751260519027709961e-01
7.364532947540283203e-01
2.180050686001777649e-02
6.033263802528381348e-01
8.015381693840026855e-01
-1.051999046467244625e-03
6.026914715766906738e-01
7.722429037094116211e-01
1.044283155351877213e-02
5.840840935707092285e-01
7.698730826377868652e-01
1.729627512395381927e-02
5.682276487350463867e-01
7.780945897102355957e-01
1.835405454039573669e-02
5.949290990829467773e-01
8.391138911247253418e-01
-3.368166042491793633e-03
5.924808382987976074e-01
8.137701153755187988e-01
1.086819265037775040e-02
5.789180397987365723e-01
8.116847276687622070e-01
2.138235606253147125e-02
5.649198293685913086e-01
8.187999129295349121e-01
2.734698355197906494e-02
