4.743117392063140869e-01
7.329890131950378418e-01
-1.518700258884564391e-07
4.911791682243347168e-01
6.519855856895446777e-01
8.991741575300693512e-03
5.405008792877197266e-01
6.149826645851135254e-01
1.499964576214551926e-02
5.742433667182922363e-01
6.218042969703674316e-01
1.777735538780689240e-02
5.914947390556335449e-01
6.485601663589477539e-01
1.959585770964622498e-02
5.833408832550048828e-01
6.019951701164245605e-01
1.169797498732805252e-02
6.298384666442871094e-01
5.873087048530578613e-01
1.729927211999893188e-02
6.563314199447631836e-01
5.789282321929931641e-01
1.854308508336544037e-02
6.751605868339538574e-01
5.746248960494995117e-01
1.726949401199817657e-02
6.006028056144714355e-01
6.433224081993103027e-01
5.750210955739021301e-03
6.043883562088012695e-01
6.657667160034179688e-01
1.017705444246530533e-02
5.848807096481323242e-01
6.716840863227844238e-01
9.346834383904933929e-03
5.706325173377990723e-01
6.711195707321166992e-01
7.883367128670215607e-03
6.022311449050903320e-01
6.908708214759826660e-01
1.321703195571899414e-03
5.987830162048339844e-01
7.027347087860107422e-01
6.742156110703945160e-03
5.790352821350097656e-01
7.032204270362854004e-01
8.611876517534255981e-03
5.646050572395324707e-01
6.994238495826721191e-01
7.994665764272212982e-03
5.962733030319213867e-01
7.294806838035583496e-01
-2.884131623432040215e-03
5.875250101089477539e-01
7.383840680122375488e-01
6.979664321988821030e-03
5.717583894729614258e-01
7.383180260658264160e-01
1.430332008749246597e-02
5.587179064750671387e-01
7.357515692710876465e-01
1.888060569763183594e-02
