4.705508351325988770e-01
8.182369470596313477e-01
-1.040512955796657479e-07
4.896169006824493408e-01
7.341095805168151855e-01
7.573656272143125534e-03
5.415481328964233398e-01
6.981350779533386230e-01
1.239735446870326996e-02
5.758283138275146484e-01
7.045161724090576172e-01
1.444595865905284882e-02
5.936381816864013672e-01
7.294101119041442871e-01
1.539841294288635254e-02
5.898765921592712402e-01
6.935515403747558594e-01
7.261307444423437119e-03
6.428388357162475586e-01
6.806063652038574219e-01
1.312659867107868195e-02
6.759173870086669922e-01
6.711820363998413086e-01
1.499988697469234467e-02
7.011463642120361328e-01
6.646215319633483887e-01
1.415312010794878006e-02
6.050117611885070801e-01
7.413147091865539551e-01
2.215323504060506821e-03
6.059567332267761230e-01
7.404507994651794434e-01
9.199687279760837555e-03
5.864207148551940918e-01
7.393340468406677246e-01
1.182672008872032166e-02
5.728457570075988770e-01
7.428902983665466309e-01
1.207860279828310013e-02
6.025841832160949707e-01
7.899172306060791016e-01
-1.247883774340152740e-03
5.971888303756713867e-01
7.795691490173339844e-01
6.935623008757829666e-03
5.776653289794921875e-01
7.770608067512512207e-01
1.218444854021072388e-02
5.637310743331909180e-01
7.793286442756652832e-01
1.307520922273397446e-02
5.931700468063354492e-01
8.279500007629394531e-01
-4.783304873853921890e-03
5.855594277381896973e-01
8.192499876022338867e-01
6.958360318094491959e-03
5.700632333755493164e-01
8.168442845344543457e-01
1.665161550045013428e-02
5.576397180557250977e-01
8.195173144340515137e-01
2.268835343420505524e-02
