5.067366361618041992e-01
4.838499128818511963e-01
-3.769933698549721157e-08
5.183662772178649902e-01
4.355475902557373047e-01
6.043186411261558533e-03
5.500730276107788086e-01
4.152648448944091797e-01
7.859350182116031647e-03
5.729317069053649902e-01
4.172617197036743164e-01
7.187913171947002411e-03
5.872251391410827637e-01
4.293775558471679688e-01
5.897434893995523453e-03
5.799996256828308105e-01
4.016052782535552979e-01
6.344805937260389328e-03
6.116270422935485840e-01
3.990068137645721436e-01
8.013438433408737183e-03
6.309475898742675781e-01
3.997213542461395264e-01
7.468629628419876099e-03
6.454129815101623535e-01
4.010654687881469727e-01
5.853847600519657135e-03
5.884986519813537598e-01
4.293331205844879150e-01
1.010769745334982872e-03
5.996391177177429199e-01
4.434401094913482666e-01
2.420703647658228874e-03
5.880038142204284668e-01
4.455207288265228271e-01
2.246697666123509407e-03
5.768038034439086914e-01
4.431046843528747559e-01
1.482046092860400677e-03
5.880659818649291992e-01
4.603784084320068359e-01
-3.527079708874225616e-03
5.942044258117675781e-01
4.673085808753967285e-01
-8.926139562390744686e-04
5.822334885597229004e-01
4.688973128795623779e-01
2.360921353101730347e-03
5.712940692901611328e-01
4.669596254825592041e-01
3.144803456962108612e-03
5.832327604293823242e-01
4.857339859008789062e-01
-8.075485937297344208e-03
5.858858227729797363e-01
4.911935627460479736e-01
-1.920206588692963123e-03
5.755673646926879883e-01
4.923969507217407227e-01
4.205861594527959824e-03
5.658853054046630859e-01
4.902933835983276367e-01
7.819592021405696869e-03
