4.626594781875610352e-01
8.076153993606567383e-01
-1.261234103822062025e-07
4.824464023113250732e-01
7.221233844757080078e-01
7.713115308433771133e-03
5.339677929878234863e-01
6.829674243927001953e-01
1.145591493695974350e-02
5.704485774040222168e-01
6.861557960510253906e-01
1.208205521106719971e-02
5.903254151344299316e-01
7.108389139175415039e-01
1.173782441765069962e-02
5.828083753585815430e-01
6.784992218017578125e-01
6.397468969225883484e-03
6.358316540718078613e-01
6.631920337677001953e-01
1.011964399367570877e-02
6.684881448745727539e-01
6.539995670318603516e-01
1.108311396092176437e-02
6.933818459510803223e-01
6.483036279678344727e-01
9.792431257665157318e-03
5.987485051155090332e-01
7.257260680198669434e-01
4.982008831575512886e-04
6.046442985534667969e-01
7.178872823715209961e-01
5.251858383417129517e-03
5.838163495063781738e-01
7.173126935958862305e-01
8.168049156665802002e-03
5.684463381767272949e-01
7.237821221351623535e-01
9.017365053296089172e-03
5.982678532600402832e-01
7.742922306060791016e-01
-4.025018773972988129e-03
5.981771349906921387e-01
7.584403753280639648e-01
2.352180890738964081e-03
5.780891180038452148e-01
7.567245960235595703e-01
8.957216516137123108e-03
5.625878572463989258e-01
7.619811296463012695e-01
1.113346405327320099e-02
5.902537703514099121e-01
8.138990402221679688e-01
-8.636424317955970764e-03
5.865730643272399902e-01
7.996767163276672363e-01
2.530709374696016312e-03
5.714591145515441895e-01
7.973862886428833008e-01
1.324657723307609558e-02
5.583132505416870117e-01
8.020884394645690918e-01
2.010197006165981293e-02
