4.622692167758941650e-01
5.325642228126525879e-01
1.795806383597664535e-07
4.646188020706176758e-01
4.909289479255676270e-01
-4.046604037284851074e-03
4.828173518180847168e-01
4.602982699871063232e-01
-8.910596370697021484e-03
4.988527894020080566e-01
4.391441643238067627e-01
-1.368793006986379623e-02
5.018751025199890137e-01
4.167542159557342529e-01
-1.908001862466335297e-02
5.296787619590759277e-01
4.676792025566101074e-01
-1.116342004388570786e-02
5.656105279922485352e-01
4.541774392127990723e-01
-1.864969730377197266e-02
5.885897874832153320e-01
4.486084282398223877e-01
-2.409122139215469360e-02
6.059184670448303223e-01
4.460559785366058350e-01
-2.754349634051322937e-02
5.379273891448974609e-01
4.909508228302001953e-01
-1.463736314326524734e-02
5.776727199554443359e-01
4.744523465633392334e-01
-2.047334052622318268e-02
6.033143997192382812e-01
4.651182889938354492e-01
-2.513409405946731567e-02
6.230527162551879883e-01
4.583863914012908936e-01
-2.869009599089622498e-02
5.402752161026000977e-01
5.162080526351928711e-01
-1.835772022604942322e-02
5.798454284667968750e-01
4.985941052436828613e-01
-2.483711391687393188e-02
6.039903163909912109e-01
4.875845909118652344e-01
-3.010561503469944000e-02
6.217846870422363281e-01
4.784936904907226562e-01
-3.369041159749031067e-02
5.384367704391479492e-01
5.421038866043090820e-01
-2.217151597142219543e-02
5.710139274597167969e-01
5.376451015472412109e-01
-2.802592143416404724e-02
5.911617279052734375e-01
5.322530269622802734e-01
-3.096172213554382324e-02
6.072032451629638672e-01
5.262972116470336914e-01
-3.268892690539360046e-02
