4.378872811794281006e-01
5.439752936363220215e-01
1.505141256075148704e-07
4.466242492198944092e-01
5.034919977188110352e-01
-4.379660531412810087e-04
4.715603590011596680e-01
4.783171713352203369e-01
-9.733877959661185741e-04
4.909017980098724365e-01
4.621658921241760254e-01
-1.878723618574440479e-03
4.974974095821380615e-01
4.433010816574096680e-01
-3.215512726455926895e-03
5.132868885993957520e-01
4.915887415409088135e-01
-3.124853828921914101e-03
5.488996505737304688e-01
4.840705394744873047e-01
-8.200195617973804474e-03
5.721206665039062500e-01
4.814634919166564941e-01
-1.218319591134786606e-02
5.895330309867858887e-01
4.808176755905151367e-01
-1.488381810486316681e-02
5.209464430809020996e-01
5.152032375335693359e-01
-7.326301187276840210e-03
5.603001117706298828e-01
5.060136914253234863e-01
-1.067491527646780014e-02
5.860030055046081543e-01
5.005972385406494141e-01
-1.406352687627077103e-02
6.063417196273803711e-01
4.966889917850494385e-01
-1.696027256548404694e-02
5.221731662750244141e-01
5.407238602638244629e-01
-1.185931824147701263e-02
5.608837008476257324e-01
5.309075713157653809e-01
-1.672880724072456360e-02
5.841956138610839844e-01
5.243433713912963867e-01
-2.116666361689567566e-02
6.021227240562438965e-01
5.185694694519042969e-01
-2.444165758788585663e-02
5.183947086334228516e-01
5.665220618247985840e-01
-1.640396192669868469e-02
5.479262471199035645e-01
5.709035396575927734e-01
-2.152769453823566437e-02
5.673459768295288086e-01
5.722430348396301270e-01
-2.451714500784873962e-02
5.833181142807006836e-01
5.724011063575744629e-01
-2.652570046484470367e-02
