4.899019002914428711e-01
5.082865953445434570e-01
1.100222704053521738e-07
4.939948320388793945e-01
4.691980481147766113e-01
-1.293373294174671173e-03
5.126379132270812988e-01
4.441222250461578369e-01
-3.101642942056059837e-03
5.279272198677062988e-01
4.270800948143005371e-01
-5.435754079371690750e-03
5.332573056221008301e-01
4.089989662170410156e-01
-7.983910851180553436e-03
5.548309683799743652e-01
4.523721337318420410e-01
-1.633764244616031647e-03
5.843194127082824707e-01
4.410712122917175293e-01
-6.324448622763156891e-03
6.037219762802124023e-01
4.383131265640258789e-01
-1.044833660125732422e-02
6.184473037719726562e-01
4.390169084072113037e-01
-1.334867905825376511e-02
5.639639496803283691e-01
4.732929766178131104e-01
-5.380366928875446320e-03
5.957058072090148926e-01
4.600711762905120850e-01
-8.568269200623035431e-03
6.165617108345031738e-01
4.544869959354400635e-01
-1.196360494941473007e-02
6.328909993171691895e-01
4.520296156406402588e-01
-1.488289795815944672e-02
5.672953724861145020e-01
4.965157806873321533e-01
-9.775879792869091034e-03
6.010158061981201172e-01
4.828466773033142090e-01
-1.443904731422662735e-02
6.213477849960327148e-01
4.748567044734954834e-01
-1.838945038616657257e-02
6.368308067321777344e-01
4.691433608531951904e-01
-2.121933363378047943e-02
5.662731528282165527e-01
5.212893486022949219e-01
-1.429542526602745056e-02
5.946789383888244629e-01
5.199397206306457520e-01
-1.876584999263286591e-02
6.130574941635131836e-01
5.166811943054199219e-01
-2.111040242016315460e-02
6.279900074005126953e-01
5.126698613166809082e-01
-2.263457886874675751e-02
