4.519734680652618408e-01
5.638115406036376953e-01
1.613593383353872923e-07
4.568701088428497314e-01
5.202513337135314941e-01
-4.281768575310707092e-03
4.798590838909149170e-01
4.901284575462341309e-01
-8.656186982989311218e-03
5.004323124885559082e-01
4.704670906066894531e-01
-1.291578076779842377e-02
5.060257911682128906e-01
4.477297067642211914e-01
-1.737111806869506836e-02
5.253858566284179688e-01
5.043951869010925293e-01
-9.255913086235523224e-03
5.636398792266845703e-01
4.945531785488128662e-01
-1.626361347734928131e-02
5.883945822715759277e-01
4.913828670978546143e-01
-2.145279385149478912e-02
6.067175269126892090e-01
4.914564192295074463e-01
-2.484152652323246002e-02
5.351473689079284668e-01
5.299516320228576660e-01
-1.230955682694911957e-02
5.764530897140502930e-01
5.171262621879577637e-01
-1.698042638599872589e-02
6.032864451408386230e-01
5.101978778839111328e-01
-2.077121287584304810e-02
6.241631507873535156e-01
5.071745514869689941e-01
-2.385194972157478333e-02
5.382752418518066406e-01
5.569287538528442383e-01
-1.574240624904632568e-02
5.793217420578002930e-01
5.446013212203979492e-01
-2.072358876466751099e-02
6.039768457412719727e-01
5.370938181877136230e-01
-2.446323633193969727e-02
6.223236322402954102e-01
5.321518778800964355e-01
-2.729365229606628418e-02
5.361860990524291992e-01
5.842295289039611816e-01
-1.953978091478347778e-02
5.668174624443054199e-01
5.845497846603393555e-01
-2.367098629474639893e-02
5.864457488059997559e-01
5.824972987174987793e-01
-2.535250037908554077e-02
6.024602651596069336e-01
5.802585482597351074e-01
-2.636941894888877869e-02
