4.871678054332733154e-01
5.365967750549316406e-01
1.701723135738575365e-07
4.912484288215637207e-01
4.950250089168548584e-01
-3.917817026376724243e-03
5.120693445205688477e-01
4.676835238933563232e-01
-7.255423348397016525e-03
5.296579599380493164e-01
4.493092298507690430e-01
-1.091258227825164795e-02
5.334476232528686523e-01
4.281472563743591309e-01
-1.487050857394933701e-02
5.594964027404785156e-01
4.791646301746368408e-01
-4.080075304955244064e-03
5.911153554916381836e-01
4.708203673362731934e-01
-1.030287053436040878e-02
6.130312681198120117e-01
4.678381681442260742e-01
-1.613284088671207428e-02
6.296361684799194336e-01
4.677262306213378906e-01
-2.053309045732021332e-02
5.678812265396118164e-01
5.016555786132812500e-01
-8.086455054581165314e-03
6.041624546051025391e-01
4.931551218032836914e-01
-1.302766799926757812e-02
6.284679770469665527e-01
4.888166487216949463e-01
-1.803084649145603180e-02
6.479777097702026367e-01
4.875669479370117188e-01
-2.216454595327377319e-02
5.698472261428833008e-01
5.274284482002258301e-01
-1.300777681171894073e-02
6.071020364761352539e-01
5.198370218276977539e-01
-1.965262368321418762e-02
6.307046413421630859e-01
5.142115950584411621e-01
-2.553772553801536560e-02
6.494392156600952148e-01
5.105832219123840332e-01
-2.981668338179588318e-02
5.665279030799865723e-01
5.553069114685058594e-01
-1.826002821326255798e-02
5.963329672813415527e-01
5.613486766815185547e-01
-2.491760812699794769e-02
6.160302758216857910e-01
5.633742213249206543e-01
-2.873943373560905457e-02
6.329751014709472656e-01
5.648079514503479004e-01
-3.140035271644592285e-02
