4.640227556228637695e-01
5.354142189025878906e-01
1.758099301696347538e-07
4.657702744007110596e-01
4.934165179729461670e-01
-4.777651280164718628e-03
4.823749363422393799e-01
4.641491472721099854e-01
-1.039804052561521530e-02
4.984565973281860352e-01
4.437710046768188477e-01
-1.588929072022438049e-02
5.030662417411804199e-01
4.217665195465087891e-01
-2.197893708944320679e-02
5.305999517440795898e-01
4.745733439922332764e-01
-1.214388851076364517e-02
5.647804141044616699e-01
4.598956108093261719e-01
-2.030600234866142273e-02
5.871897935867309570e-01
4.550574123859405518e-01
-2.619304135441780090e-02
6.047366857528686523e-01
4.541030526161193848e-01
-2.995726093649864197e-02
5.390344262123107910e-01
4.976571798324584961e-01
-1.551185734570026398e-02
5.779094696044921875e-01
4.821149110794067383e-01
-2.159399352967739105e-02
6.027349829673767090e-01
4.751342236995697021e-01
-2.611021697521209717e-02
6.221601366996765137e-01
4.717853069305419922e-01
-2.972131781280040741e-02
5.414195656776428223e-01
5.223940610885620117e-01
-1.927273906767368317e-02
5.800893306732177734e-01
5.074647665023803711e-01
-2.583916485309600830e-02
6.030656099319458008e-01
4.987533390522003174e-01
-3.064818866550922394e-02
6.200533509254455566e-01
4.923664927482604980e-01
-3.407931700348854065e-02
5.396101474761962891e-01
5.478477478027343750e-01
-2.329490147531032562e-02
5.707942843437194824e-01
5.450479388236999512e-01
-2.901968546211719513e-02
5.905925035476684570e-01
5.411521196365356445e-01
-3.178827464580535889e-02
6.067993044853210449e-01
5.365728735923767090e-01
-3.354803100228309631e-02
