4.510238468647003174e-01
5.686229467391967773e-01
1.722319495911506237e-07
4.575674533843994141e-01
5.252235531806945801e-01
-3.954999148845672607e-03
4.802613556385040283e-01
4.948299527168273926e-01
-8.208208717405796051e-03
5.002718567848205566e-01
4.760102629661560059e-01
-1.233369112014770508e-02
5.094780325889587402e-01
4.551858901977539062e-01
-1.695238053798675537e-02
5.281952023506164551e-01
5.118774175643920898e-01
-1.019748300313949585e-02
5.647251009941101074e-01
5.017454624176025391e-01
-1.774254254996776581e-02
5.884009599685668945e-01
4.989893734455108643e-01
-2.344366721808910370e-02
6.067464947700500488e-01
4.992938041687011719e-01
-2.717337571084499359e-02
5.349308252334594727e-01
5.364495515823364258e-01
-1.382090151309967041e-02
5.761240720748901367e-01
5.251752138137817383e-01
-1.942487806081771851e-02
6.024095416069030762e-01
5.201563239097595215e-01
-2.386607602238655090e-02
6.229431033134460449e-01
5.181217789649963379e-01
-2.735358849167823792e-02
5.350167155265808105e-01
5.619961619377136230e-01
-1.783948764204978943e-02
5.756377577781677246e-01
5.507902503013610840e-01
-2.415582910180091858e-02
6.005492806434631348e-01
5.438744425773620605e-01
-2.896143496036529541e-02
6.193253397941589355e-01
5.389373898506164551e-01
-3.237967938184738159e-02
5.304245352745056152e-01
5.879625082015991211e-01
-2.206292375922203064e-02
5.627030730247497559e-01
5.891141891479492188e-01
-2.749496325850486755e-02
5.832660198211669922e-01
5.882646441459655762e-01
-2.999689616262912750e-02
6.003398299217224121e-01
5.867181420326232910e-01
-3.155660629272460938e-02
