4.591659307479858398e-01
5.192508101463317871e-01
1.731394974058275693e-07
4.660804271697998047e-01
4.800672233104705811e-01
-2.394259674474596977e-03
4.879856109619140625e-01
4.536764323711395264e-01
-5.227060988545417786e-03
5.040991306304931641e-01
4.332627356052398682e-01
-8.451626636087894440e-03
5.106554031372070312e-01
4.127987921237945557e-01
-1.193920988589525223e-02
5.272199511528015137e-01
4.628331363201141357e-01
-5.273074842989444733e-03
5.627619028091430664e-01
4.511262774467468262e-01
-1.216405723243951797e-02
5.859860181808471680e-01
4.458292424678802490e-01
-1.744871027767658234e-02
6.033991575241088867e-01
4.427708089351654053e-01
-2.065982297062873840e-02
5.356298685073852539e-01
4.849073290824890137e-01
-8.966877125203609467e-03
5.731798410415649414e-01
4.708872139453887939e-01
-1.382957771420478821e-02
5.989261269569396973e-01
4.615437388420104980e-01
-1.817955635488033295e-02
6.187804937362670898e-01
4.540908038616180420e-01
-2.141981944441795349e-02
5.388212203979492188e-01
5.091818571090698242e-01
-1.314609404653310776e-02
5.752204060554504395e-01
4.944072961807250977e-01
-1.832685433328151703e-02
5.984160900115966797e-01
4.838142693042755127e-01
-2.244831249117851257e-02
6.159723997116088867e-01
4.744986593723297119e-01
-2.513624913990497589e-02
5.378889441490173340e-01
5.341125726699829102e-01
-1.754130423069000244e-02
5.687524676322937012e-01
5.321618318557739258e-01
-2.180255018174648285e-02
5.878667831420898438e-01
5.280197262763977051e-01
-2.361163869500160217e-02
6.031121611595153809e-01
5.227136015892028809e-01
-2.453129924833774567e-02
