4.450387656688690186e-01
6.580564975738525391e-01
2.277111121884445311e-07
4.537773728370666504e-01
6.025417447090148926e-01
-7.128948811441659927e-03
4.806285798549652100e-01
5.653073787689208984e-01
-1.126927230507135391e-02
5.056151151657104492e-01
5.429592132568359375e-01
-1.417274866253137589e-02
5.187326669692993164e-01
5.198807120323181152e-01
-1.717689819633960724e-02
5.296600461006164551e-01
5.925359725952148438e-01
-1.228475663810968399e-02
5.718246698379516602e-01
5.833035707473754883e-01
-1.859506592154502869e-02
5.975453853607177734e-01
5.815001726150512695e-01
-2.319395542144775391e-02
6.168392300605773926e-01
5.828034877777099609e-01
-2.584748901426792145e-02
5.353851318359375000e-01
6.240370869636535645e-01
-1.317994482815265656e-02
5.803088545799255371e-01
6.119191646575927734e-01
-1.662462577223777771e-02
6.088018417358398438e-01
6.058434844017028809e-01
-2.003512717783451080e-02
6.306267976760864258e-01
6.044815778732299805e-01
-2.295721508562564850e-02
5.341566205024719238e-01
6.533411145210266113e-01
-1.458839420229196548e-02
5.770289301872253418e-01
6.416556239128112793e-01
-2.008690126240253448e-02
6.038337349891662598e-01
6.344107389450073242e-01
-2.527840808033943176e-02
6.235973834991455078e-01
6.310673952102661133e-01
-2.901111915707588196e-02
5.285685658454895020e-01
6.801199913024902344e-01
-1.628336310386657715e-02
5.599402785301208496e-01
6.821218729019165039e-01
-2.166536636650562286e-02
5.799803733825683594e-01
6.838448047637939453e-01
-2.436329238116741180e-02
5.966082215309143066e-01
6.865894198417663574e-01
-2.588111162185668945e-02
