4.779676795005798340e-01
5.326668024063110352e-01
1.997228906702730455e-07
4.784325361251831055e-01
4.909324944019317627e-01
-4.237242043018341064e-03
4.968379139900207520e-01
4.620201587677001953e-01
-7.659170310944318771e-03
5.138785243034362793e-01
4.426002204418182373e-01
-1.109037548303604126e-02
5.189750194549560547e-01
4.218255281448364258e-01
-1.493773236870765686e-02
5.460261106491088867e-01
4.734868407249450684e-01
-6.300074048340320587e-03
5.792520642280578613e-01
4.615689218044281006e-01
-1.186412852257490158e-02
6.008176207542419434e-01
4.572740793228149414e-01
-1.663593202829360962e-02
6.172050237655639648e-01
4.565640687942504883e-01
-1.979219168424606323e-02
5.545970201492309570e-01
4.964641630649566650e-01
-9.203225374221801758e-03
5.917743444442749023e-01
4.826606214046478271e-01
-1.290307100862264633e-02
6.161522865295410156e-01
4.749600291252136230e-01
-1.719302125275135040e-02
6.352961063385009766e-01
4.711841046810150146e-01
-2.075794897973537445e-02
5.566906332969665527e-01
5.213084816932678223e-01
-1.267856918275356293e-02
5.939406156539916992e-01
5.086924433708190918e-01
-1.791867986321449280e-02
6.159035563468933105e-01
4.997715950012207031e-01
-2.281715348362922668e-02
6.329874396324157715e-01
4.936680197715759277e-01
-2.625222876667976379e-02
5.543425679206848145e-01
5.469912886619567871e-01
-1.638512127101421356e-02
5.851352214813232422e-01
5.476726889610290527e-01
-2.100195735692977905e-02
6.052191257476806641e-01
5.467426180839538574e-01
-2.320009097456932068e-02
6.223993301391601562e-01
5.453676581382751465e-01
-2.452947199344635010e-02
