4.500927329063415527e-01
5.487228631973266602e-01
1.908645828052613069e-07
4.537979066371917725e-01
5.048474669456481934e-01
-4.909499548375606537e-03
4.743301570415496826e-01
4.734930992126464844e-01
-1.009477581828832626e-02
4.933002591133117676e-01
4.533231258392333984e-01
-1.509115751832723618e-02
4.994393885135650635e-01
4.299999773502349854e-01
-2.056695520877838135e-02
5.219151973724365234e-01
4.846604466438293457e-01
-1.128421258181333542e-02
5.590771436691284180e-01
4.732394516468048096e-01
-1.895482465624809265e-02
5.823476314544677734e-01
4.700390994548797607e-01
-2.473249845206737518e-02
6.003471016883850098e-01
4.695295095443725586e-01
-2.860264293849468231e-02
5.293977260589599609e-01
5.088451504707336426e-01
-1.473807450383901596e-02
5.699378848075866699e-01
4.946438670158386230e-01
-2.072390913963317871e-02
5.960727334022521973e-01
4.876862764358520508e-01
-2.577469684183597565e-02
6.167377829551696777e-01
4.832760393619537354e-01
-2.973747625946998596e-02
5.304154753684997559e-01
5.354608893394470215e-01
-1.861514337360858917e-02
5.712731480598449707e-01
5.204350948333740234e-01
-2.549963817000389099e-02
5.961462259292602539e-01
5.117874145507812500e-01
-3.111571818590164185e-02
6.150644421577453613e-01
5.050746202468872070e-01
-3.504271432757377625e-02
5.269177556037902832e-01
5.632459521293640137e-01
-2.268504351377487183e-02
5.596328973770141602e-01
5.616546869277954102e-01
-2.889431267976760864e-02
5.803272724151611328e-01
5.586584210395812988e-01
-3.209679946303367615e-02
5.975558757781982422e-01
5.551560521125793457e-01
-3.409624472260475159e-02
