4.294655025005340576e-01
5.813789963722229004e-01
1.625299006491331966e-07
4.406794309616088867e-01
5.369162559509277344e-01
-9.520497987978160381e-04
4.691121578216552734e-01
5.098425745964050293e-01
-2.102057915180921555e-03
4.913540482521057129e-01
4.925615787506103516e-01
-3.448785981163382530e-03
5.010089278221130371e-01
4.724901020526885986e-01
-5.074072629213333130e-03
5.106037259101867676e-01
5.271767377853393555e-01
-4.490977618843317032e-03
5.497238636016845703e-01
5.213963389396667480e-01
-9.686402045190334320e-03
5.747264623641967773e-01
5.210653543472290039e-01
-1.361124031245708466e-02
5.932942032814025879e-01
5.228430628776550293e-01
-1.610341295599937439e-02
5.176380872726440430e-01
5.544686913490295410e-01
-8.302713744342327118e-03
5.596148371696472168e-01
5.469121932983398438e-01
-1.088518090546131134e-02
5.868030786514282227e-01
5.429176092147827148e-01
-1.392378751188516617e-02
6.083968877792358398e-01
5.414682626724243164e-01
-1.678535528481006622e-02
5.181071162223815918e-01
5.820135474205017090e-01
-1.234965864568948746e-02
5.588397979736328125e-01
5.745916962623596191e-01
-1.611816883087158203e-02
5.840188860893249512e-01
5.697504878044128418e-01
-1.996577158570289612e-02
6.032896041870117188e-01
5.664988756179809570e-01
-2.314595505595207214e-02
5.137581229209899902e-01
6.079493165016174316e-01
-1.648037135601043701e-02
5.434774160385131836e-01
6.140954494476318359e-01
-2.012228593230247498e-02
5.634425878524780273e-01
6.171622872352600098e-01
-2.214680053293704987e-02
5.798444151878356934e-01
6.194249391555786133e-01
-2.361927554011344910e-02
