4.838962554931640625e-01
5.771301984786987305e-01
1.735851924422604498e-07
4.871751368045806885e-01
5.294294953346252441e-01
-6.805436220020055771e-03
5.085801482200622559e-01
4.966814219951629639e-01
-1.209295541048049927e-02
5.291839241981506348e-01
4.759913086891174316e-01
-1.687185280025005341e-02
5.379550457000732422e-01
4.533963203430175781e-01
-2.187478169798851013e-02
5.579174160957336426e-01
5.149399042129516602e-01
-1.054735761135816574e-02
5.935872793197631836e-01
5.026364922523498535e-01
-1.848251186311244965e-02
6.169823408126831055e-01
4.988819062709808350e-01
-2.484694495797157288e-02
6.350798606872558594e-01
4.988994598388671875e-01
-2.904805913567543030e-02
5.655122399330139160e-01
5.401619076728820801e-01
-1.298070419579744339e-02
6.046962738037109375e-01
5.270110368728637695e-01
-1.923521049320697784e-02
6.308265328407287598e-01
5.210282206535339355e-01
-2.466153353452682495e-02
6.515106558799743652e-01
5.192003846168518066e-01
-2.879206649959087372e-02
5.667399764060974121e-01
5.662328600883483887e-01
-1.620690524578094482e-02
6.058961749076843262e-01
5.542114377021789551e-01
-2.350551262497901917e-02
6.305415630340576172e-01
5.470183491706848145e-01
-2.930851839482784271e-02
6.490524411201477051e-01
5.428835153579711914e-01
-3.315723687410354614e-02
5.635612010955810547e-01
5.921268463134765625e-01
-1.987801492214202881e-02
5.949679017066955566e-01
5.923377871513366699e-01
-2.610209211707115173e-02
6.155771613121032715e-01
5.910184383392333984e-01
-2.929969690740108490e-02
6.328130960464477539e-01
5.899983048439025879e-01
-3.121214546263217926e-02
