4.439261853694915771e-01
6.586099267005920410e-01
1.814301100466764183e-07
4.530059099197387695e-01
6.032394766807556152e-01
-7.021158467978239059e-03
4.805448651313781738e-01
5.656374096870422363e-01
-1.064112596213817596e-02
5.061692595481872559e-01
5.424461960792541504e-01
-1.325939036905765533e-02
5.196009278297424316e-01
5.187256336212158203e-01
-1.586614176630973816e-02
5.295152664184570312e-01
5.938646197319030762e-01
-9.946679696440696716e-03
5.706365704536437988e-01
5.846526026725769043e-01
-1.672258414328098297e-02
5.964280366897583008e-01
5.816457867622375488e-01
-2.208022773265838623e-02
6.159908771514892578e-01
5.815303325653076172e-01
-2.522208727896213531e-02
5.358787178993225098e-01
6.255090236663818359e-01
-1.127939298748970032e-02
5.798054933547973633e-01
6.129609942436218262e-01
-1.539935823529958725e-02
6.081194281578063965e-01
6.061821579933166504e-01
-1.904863864183425903e-02
6.293191313743591309e-01
6.039926409721374512e-01
-2.179986983537673950e-02
5.352481603622436523e-01
6.548894643783569336e-01
-1.338478829711675644e-02
5.772995352745056152e-01
6.425892710685729980e-01
-1.909346319735050201e-02
6.032905578613281250e-01
6.346507072448730469e-01
-2.327819913625717163e-02
6.223734617233276367e-01
6.308705210685729980e-01
-2.592555619776248932e-02
5.299006700515747070e-01
6.816947460174560547e-01
-1.598240435123443604e-02
5.615193843841552734e-01
6.828607320785522461e-01
-2.143862470984458923e-02
5.817818641662597656e-01
6.833763122558593750e-01
-2.345298416912555695e-02
5.979285240173339844e-01
6.851795911788940430e-01
-2.415137551724910736e-02
