4.409554600715637207e-01
5.321690440177917480e-01
1.478416464806286967e-07
4.487985372543334961e-01
4.917544424533843994e-01
-1.108955591917037964e-03
4.724502861499786377e-01
4.640528261661529541e-01
-2.255361992865800858e-03
4.900141954421997070e-01
4.442580342292785645e-01
-3.882346907630562782e-03
4.954975545406341553e-01
4.227805733680725098e-01
-5.988942459225654602e-03
5.143231749534606934e-01
4.732561707496643066e-01
-3.698037471622228622e-03
5.490326881408691406e-01
4.612407684326171875e-01
-1.003500726073980331e-02
5.720488429069519043e-01
4.567945599555969238e-01
-1.518999505788087845e-02
5.895361900329589844e-01
4.544353187084197998e-01
-1.862100884318351746e-02
5.225723981857299805e-01
4.960144758224487305e-01
-8.042898029088973999e-03
5.608060956001281738e-01
4.824461340904235840e-01
-1.255054771900177002e-02
5.859502553939819336e-01
4.738918542861938477e-01
-1.704459637403488159e-02
6.057745814323425293e-01
4.670875072479248047e-01
-2.061007544398307800e-02
5.247468948364257812e-01
5.211409926414489746e-01
-1.285381894558668137e-02
5.633438825607299805e-01
5.072655677795410156e-01
-1.842424646019935608e-02
5.869041085243225098e-01
4.972669482231140137e-01
-2.363570965826511383e-02
6.049585342407226562e-01
4.887087643146514893e-01
-2.736167982220649719e-02
5.222781896591186523e-01
5.470137596130371094e-01
-1.771823503077030182e-02
5.531155467033386230e-01
5.482090711593627930e-01
-2.340068668127059937e-02
5.727344751358032227e-01
5.464594960212707520e-01
-2.682814747095108032e-02
5.889611244201660156e-01
5.439798235893249512e-01
-2.905931510031223297e-02
