4.176140427589416504e-01
8.517116904258728027e-01
1.953230963636087836e-07
4.237963557243347168e-01
7.766249179840087891e-01
2.447227714583277702e-03
4.551047980785369873e-01
7.232816815376281738e-01
4.630268551409244537e-03
4.836651384830474854e-01
6.919013857841491699e-01
6.237401161342859268e-03
4.979895353317260742e-01
6.628442406654357910e-01
7.997004315257072449e-03
5.194987654685974121e-01
7.373611927032470703e-01
2.593398559838533401e-03
5.699419379234313965e-01
7.166178226470947266e-01
-2.941369311884045601e-04
6.007676124572753906e-01
7.086812257766723633e-01
-2.495548920705914497e-03
6.234470009803771973e-01
7.067116498947143555e-01
-3.625844139605760574e-03
5.338784456253051758e-01
7.744303345680236816e-01
-2.152143744751811028e-03
5.870772600173950195e-01
7.485568523406982422e-01
-2.611361676827073097e-03
6.199678778648376465e-01
7.353328466415405273e-01
-3.823973005637526512e-03
6.451916694641113281e-01
7.286704778671264648e-01
-5.162598099559545517e-03
5.398036837577819824e-01
8.142369985580444336e-01
-7.316612638533115387e-03
5.908179879188537598e-01
7.875356674194335938e-01
-1.045704912394285202e-02
6.217042207717895508e-01
7.715635299682617188e-01
-1.391859725117683411e-02
6.444322466850280762e-01
7.604485154151916504e-01
-1.643048226833343506e-02
5.396872162818908691e-01
8.559767007827758789e-01
-1.218083780258893967e-02
5.820290446281433105e-01
8.487907052040100098e-01
-1.566495187580585480e-02
6.088612079620361328e-01
8.421422243118286133e-01
-1.716173253953456879e-02
6.308645009994506836e-01
8.361628055572509766e-01
-1.770215108990669250e-02
