4.335325360298156738e-01
5.573435425758361816e-01
1.391064046174506075e-07
4.433853328227996826e-01
5.151100754737854004e-01
-8.851301972754299641e-04
4.691119492053985596e-01
4.872552454471588135e-01
-2.086688531562685966e-03
4.887730479240417480e-01
4.698105752468109131e-01
-3.829604014754295349e-03
4.964883923530578613e-01
4.502427875995635986e-01
-5.904447752982378006e-03
5.092946887016296387e-01
4.998437166213989258e-01
-4.543148912489414215e-03
5.466141700744628906e-01
4.905620515346527100e-01
-1.091536413878202438e-02
5.705419182777404785e-01
4.883825182914733887e-01
-1.555855013430118561e-02
5.881247520446777344e-01
4.885760843753814697e-01
-1.863049343228340149e-02
5.164591670036315918e-01
5.232908725738525391e-01
-9.256826713681221008e-03
5.570600032806396484e-01
5.120620727539062500e-01
-1.422888692468404770e-02
5.831499099731445312e-01
5.064417719841003418e-01
-1.864883489906787872e-02
6.036869287490844727e-01
5.027287006378173828e-01
-2.217187732458114624e-02
5.177729725837707520e-01
5.503065586090087891e-01
-1.436249073594808578e-02
5.580893158912658691e-01
5.400137305259704590e-01
-2.061717025935649872e-02
5.828264355659484863e-01
5.331946015357971191e-01
-2.609400451183319092e-02
6.017591357231140137e-01
5.273118019104003906e-01
-2.998886257410049438e-02
5.143039226531982422e-01
5.789839029312133789e-01
-1.944164186716079712e-02
5.451746582984924316e-01
5.835819840431213379e-01
-2.568772248923778534e-02
5.656619071960449219e-01
5.847119688987731934e-01
-2.940522879362106323e-02
5.828061699867248535e-01
5.847494006156921387e-01
-3.189611434936523438e-02
