4.540304243564605713e-01
5.440932512283325195e-01
1.746606415053975070e-07
4.596263468265533447e-01
5.016446709632873535e-01
-3.932675346732139587e-03
4.806641042232513428e-01
4.709492921829223633e-01
-7.960638031363487244e-03
4.980816841125488281e-01
4.504539370536804199e-01
-1.188406441360712051e-02
5.016314387321472168e-01
4.291275739669799805e-01
-1.654939539730548859e-02
5.233984589576721191e-01
4.845259189605712891e-01
-1.134938094764947891e-02
5.607146620750427246e-01
4.717424809932708740e-01
-1.918087154626846313e-02
5.845619440078735352e-01
4.665274620056152344e-01
-2.480632439255714417e-02
6.024126410484313965e-01
4.634508490562438965e-01
-2.849702537059783936e-02
5.312383174896240234e-01
5.088530182838439941e-01
-1.516679394990205765e-02
5.726189613342285156e-01
4.943560361862182617e-01
-2.153708785772323608e-02
5.990730524063110352e-01
4.852909445762634277e-01
-2.676831558346748352e-02
6.192980408668518066e-01
4.782077372074127197e-01
-3.070837818086147308e-02
5.330463647842407227e-01
5.339376330375671387e-01
-1.921143196523189545e-02
5.733275413513183594e-01
5.183005332946777344e-01
-2.622403949499130249e-02
5.982225537300109863e-01
5.080840587615966797e-01
-3.209280595183372498e-02
6.170566678047180176e-01
4.997017681598663330e-01
-3.614389896392822266e-02
5.303172469139099121e-01
5.580808520317077637e-01
-2.334263361990451813e-02
5.618010759353637695e-01
5.555875897407531738e-01
-2.989809960126876831e-02
5.818475484848022461e-01
5.522740483283996582e-01
-3.357580676674842834e-02
5.984197854995727539e-01
5.490289926528930664e-01
-3.597640246152877808e-02
