4.387095570564270020e-01
5.446302890777587891e-01
1.335158543724901392e-07
4.477342963218688965e-01
5.046764612197875977e-01
-4.532985039986670017e-04
4.724373519420623779e-01
4.781702160835266113e-01
-1.661512767896056175e-03
4.912163913249969482e-01
4.611978828907012939e-01
-3.374269930645823479e-03
4.982220828533172607e-01
4.423008561134338379e-01
-5.504277534782886505e-03
5.138481855392456055e-01
4.925796091556549072e-01
-3.737967927008867264e-03
5.493405461311340332e-01
4.846531152725219727e-01
-9.033051319420337677e-03
5.724953413009643555e-01
4.818050265312194824e-01
-1.323671173304319382e-02
5.896465778350830078e-01
4.807904660701751709e-01
-1.610697433352470398e-02
5.211379528045654297e-01
5.159214138984680176e-01
-8.155620656907558441e-03
5.602631568908691406e-01
5.062957406044006348e-01
-1.189831551164388657e-02
5.859847068786621094e-01
5.005092620849609375e-01
-1.564817316830158234e-02
6.063938140869140625e-01
4.961994290351867676e-01
-1.876153238117694855e-02
5.222733020782470703e-01
5.409885048866271973e-01
-1.285446155816316605e-02
5.608644485473632812e-01
5.311779975891113281e-01
-1.780105382204055786e-02
5.842965841293334961e-01
5.249300003051757812e-01
-2.234767377376556396e-02
6.020312905311584473e-01
5.195552110671997070e-01
-2.567341551184654236e-02
5.186776518821716309e-01
5.664058327674865723e-01
-1.756064593791961670e-02
5.480558872222900391e-01
5.710091590881347656e-01
-2.241540886461734772e-02
5.677336454391479492e-01
5.724355578422546387e-01
-2.523968927562236786e-02
5.838308334350585938e-01
5.727663040161132812e-01
-2.713258005678653717e-02
