4.655351042747497559e-01
5.328858494758605957e-01
1.785364958095669863e-07
4.671466946601867676e-01
4.906677603721618652e-01
-4.099173005670309067e-03
4.851935207843780518e-01
4.614521265029907227e-01
-8.242635056376457214e-03
5.016757249832153320e-01
4.422011673450469971e-01
-1.228692475706338882e-02
5.060249567031860352e-01
4.209869503974914551e-01
-1.676885224878787994e-02
5.362901687622070312e-01
4.705436229705810547e-01
-7.679904811084270477e-03
5.692117214202880859e-01
4.588009119033813477e-01
-1.362612191587686539e-02
5.905536413192749023e-01
4.548325836658477783e-01
-1.864703744649887085e-02
6.071455478668212891e-01
4.541470408439636230e-01
-2.209140546619892120e-02
5.446535348892211914e-01
4.944472610950469971e-01
-1.077815145254135132e-02
5.808629393577575684e-01
4.815842509269714355e-01
-1.492707431316375732e-02
6.043571233749389648e-01
4.746569693088531494e-01
-1.921139284968376160e-02
6.231238245964050293e-01
4.707284271717071533e-01
-2.288077585399150848e-02
5.464281439781188965e-01
5.195980072021484375e-01
-1.439024507999420166e-02
5.832282900810241699e-01
5.075516104698181152e-01
-1.962189376354217529e-02
6.050285696983337402e-01
4.989358484745025635e-01
-2.448499575257301331e-02
6.213502287864685059e-01
4.922003149986267090e-01
-2.810799703001976013e-02
5.437458753585815430e-01
5.448121428489685059e-01
-1.825528964400291443e-02
5.742976665496826172e-01
5.441967844963073730e-01
-2.293453551828861237e-02
5.938257575035095215e-01
5.413432717323303223e-01
-2.553391084074974060e-02
6.099505424499511719e-01
5.377957820892333984e-01
-2.727247029542922974e-02
