4.270455539226531982e-01
5.922020077705383301e-01
2.280926594266929897e-07
4.376900792121887207e-01
5.445361733436584473e-01
-4.333254881203174591e-03
4.652833342552185059e-01
5.162398815155029297e-01
-7.190613076090812683e-03
4.893643558025360107e-01
4.996059536933898926e-01
-9.800220839679241180e-03
5.012269020080566406e-01
4.773729443550109863e-01
-1.268178038299083710e-02
5.109792947769165039e-01
5.348943471908569336e-01
-8.035355247557163239e-03
5.514529347419738770e-01
5.262955427169799805e-01
-1.458880584686994553e-02
5.771048665046691895e-01
5.241150856018066406e-01
-1.985268481075763702e-02
5.965811610221862793e-01
5.247365236282348633e-01
-2.322863787412643433e-02
5.177403688430786133e-01
5.625899434089660645e-01
-1.102339290082454681e-02
5.612548589706420898e-01
5.508146882057189941e-01
-1.493525784462690353e-02
5.889597535133361816e-01
5.444999337196350098e-01
-1.923540979623794556e-02
6.106595396995544434e-01
5.418572425842285156e-01
-2.288421615958213806e-02
5.173001289367675781e-01
5.908365249633789062e-01
-1.452783960849046707e-02
5.605603456497192383e-01
5.798138976097106934e-01
-1.999974250793457031e-02
5.863253474235534668e-01
5.725304484367370605e-01
-2.512879110872745514e-02
6.055898666381835938e-01
5.679098367691040039e-01
-2.899705432355403900e-02
5.114774703979492188e-01
6.184446811676025391e-01
-1.833492144942283630e-02
5.438297390937805176e-01
6.232158541679382324e-01
-2.371812425553798676e-02
5.639621019363403320e-01
6.251142621040344238e-01
-2.658830210566520691e-02
5.805358886718750000e-01
6.262871026992797852e-01
-2.839390747249126434e-02
