4.539988636970520020e-01
5.601331591606140137e-01
1.660812074533168925e-07
4.611391127109527588e-01
5.178436040878295898e-01
-2.840787405148148537e-03
4.839937984943389893e-01
4.891310334205627441e-01
-6.531934719532728195e-03
5.030247569084167480e-01
4.701349735260009766e-01
-1.044301129877567291e-02
5.090901851654052734e-01
4.486438930034637451e-01
-1.492024026811122894e-02
5.297426581382751465e-01
5.052393078804016113e-01
-7.889887318015098572e-03
5.660500526428222656e-01
4.975045323371887207e-01
-1.472055632621049881e-02
5.899094939231872559e-01
4.950856864452362061e-01
-2.026234008371829987e-02
6.078460216522216797e-01
4.945620298385620117e-01
-2.403670735657215118e-02
5.369791388511657715e-01
5.301629900932312012e-01
-1.195301488041877747e-02
5.770183205604553223e-01
5.211068391799926758e-01
-1.676525548100471497e-02
6.030935645103454590e-01
5.147743821144104004e-01
-2.158995345234870911e-02
6.237929463386535645e-01
5.101585388183593750e-01
-2.555990032851696014e-02
5.377213954925537109e-01
5.560024976730346680e-01
-1.626681722700595856e-02
5.769769549369812012e-01
5.467824935913085938e-01
-2.162241749465465546e-02
6.014628410339355469e-01
5.397577285766601562e-01
-2.639764733612537384e-02
6.202796697616577148e-01
5.337338447570800781e-01
-3.005231730639934540e-02
5.336585044860839844e-01
5.812671184539794922e-01
-2.075256779789924622e-02
5.638520717620849609e-01
5.838311910629272461e-01
-2.527423016726970673e-02
5.832797884941101074e-01
5.830001235008239746e-01
-2.737006172537803650e-02
5.993473529815673828e-01
5.814443826675415039e-01
-2.882087230682373047e-02
