4.322893023490905762e-01
6.191355586051940918e-01
2.487720962562889326e-07
4.442480206489562988e-01
5.689167976379394531e-01
-5.356405396014451981e-03
4.740738272666931152e-01
5.389535427093505859e-01
-9.067064151167869568e-03
4.978571236133575439e-01
5.216088891029357910e-01
-1.209976058453321457e-02
5.083125829696655273e-01
4.996438622474670410e-01
-1.520896423608064651e-02
5.171788930892944336e-01
5.589177012443542480e-01
-9.254123084247112274e-03
5.593296885490417480e-01
5.529491305351257324e-01
-1.653895527124404907e-02
5.863379836082458496e-01
5.514004826545715332e-01
-2.214936725795269012e-02
6.071761250495910645e-01
5.519993305206298828e-01
-2.577327005565166473e-02
5.244017839431762695e-01
5.935286283493041992e-01
-1.216923817992210388e-02
5.686524510383605957e-01
5.873163938522338867e-01
-1.649693399667739868e-02
5.980890393257141113e-01
5.845051407814025879e-01
-2.091274969279766083e-02
6.229168772697448730e-01
5.851611495018005371e-01
-2.477159723639488220e-02
5.244484543800354004e-01
6.244286894798278809e-01
-1.563342660665512085e-02
5.664916038513183594e-01
6.208403706550598145e-01
-2.123960666358470917e-02
5.939038395881652832e-01
6.194760799407958984e-01
-2.567833289504051208e-02
6.168470978736877441e-01
6.200341582298278809e-01
-2.910865284502506256e-02
5.191987156867980957e-01
6.506131291389465332e-01
-1.947903819382190704e-02
5.495733022689819336e-01
6.586135625839233398e-01
-2.463896200060844421e-02
5.698470473289489746e-01
6.633338928222656250e-01
-2.663658931851387024e-02
5.878330469131469727e-01
6.677203178405761719e-01
-2.787693589925765991e-02
