4.876287579536437988e-01
5.328616499900817871e-01
1.985381459235213697e-07
4.899428784847259521e-01
4.918615221977233887e-01
-4.468496888875961304e-03
5.076233744621276855e-01
4.638749063014984131e-01
-8.676196448504924774e-03
5.237871408462524414e-01
4.442948102951049805e-01
-1.272121630609035492e-02
5.294576883316040039e-01
4.235913157463073730e-01
-1.718063279986381531e-02
5.554178357124328613e-01
4.768936038017272949e-01
-9.053380228579044342e-03
5.892071723937988281e-01
4.654566943645477295e-01
-1.533633749932050705e-02
6.109642386436462402e-01
4.618301391601562500e-01
-2.024131081998348236e-02
6.274920105934143066e-01
4.616859555244445801e-01
-2.351221069693565369e-02
5.638368725776672363e-01
5.000179409980773926e-01
-1.187762059271335602e-02
6.012782454490661621e-01
4.873301982879638672e-01
-1.636195555329322815e-02
6.255587339401245117e-01
4.815413951873779297e-01
-2.075742930173873901e-02
6.445650458335876465e-01
4.787576496601104736e-01
-2.443812228739261627e-02
5.660399794578552246e-01
5.247402191162109375e-01
-1.514197979122400284e-02
6.036863327026367188e-01
5.131042003631591797e-01
-2.090594545006752014e-02
6.261085867881774902e-01
5.059405565261840820e-01
-2.604339458048343658e-02
6.435145139694213867e-01
5.007933974266052246e-01
-2.980588562786579132e-02
5.638649463653564453e-01
5.499475598335266113e-01
-1.860891655087471008e-02
5.941305756568908691e-01
5.528120398521423340e-01
-2.392786182463169098e-02
6.138653755187988281e-01
5.531714558601379395e-01
-2.678269520401954651e-02
6.305073499679565430e-01
5.525191426277160645e-01
-2.865467779338359833e-02
