4.505800604820251465e-01
5.167582035064697266e-01
1.899357187085115584e-07
4.504971206188201904e-01
4.772045016288757324e-01
-5.671283230185508728e-03
4.659619331359863281e-01
4.510637223720550537e-01
-1.131962332874536514e-02
4.818521142005920410e-01
4.342566430568695068e-01
-1.677837222814559937e-02
4.868536591529846191e-01
4.154764115810394287e-01
-2.287996187806129456e-02
5.121725201606750488e-01
4.576067924499511719e-01
-1.239978335797786713e-02
5.443789958953857422e-01
4.448610246181488037e-01
-2.132824435830116272e-02
5.669424533843994141e-01
4.393571317195892334e-01
-2.816241420805454254e-02
5.847327709197998047e-01
4.368601441383361816e-01
-3.261715918779373169e-02
5.208196043968200684e-01
4.796526432037353516e-01
-1.582285389304161072e-02
5.572021603584289551e-01
4.670731723308563232e-01
-2.296814695000648499e-02
5.822314023971557617e-01
4.599594473838806152e-01
-2.862272970378398895e-02
6.024472713470458984e-01
4.559487104415893555e-01
-3.274272382259368896e-02
5.235107541084289551e-01
5.043059587478637695e-01
-1.972368173301219940e-02
5.604847669601440430e-01
4.916134774684906006e-01
-2.717193402349948883e-02
5.829671621322631836e-01
4.827691018581390381e-01
-3.243250027298927307e-02
6.001583337783813477e-01
4.766170978546142578e-01
-3.581086546182632446e-02
5.219706296920776367e-01
5.299324989318847656e-01
-2.400070428848266602e-02
5.521759986877441406e-01
5.270113348960876465e-01
-3.018623217940330505e-02
5.712857842445373535e-01
5.227432250976562500e-01
-3.282827511429786682e-02
5.873664617538452148e-01
5.185472965240478516e-01
-3.420723229646682739e-02
