4.881357550621032715e-01
5.333321094512939453e-01
1.843705632609271561e-07
4.890964329242706299e-01
4.906872510910034180e-01
-6.280375178903341293e-03
5.062441229820251465e-01
4.633795022964477539e-01
-1.173305138945579529e-02
5.237383842468261719e-01
4.451317787170410156e-01
-1.672079041600227356e-02
5.288099050521850586e-01
4.241499006748199463e-01
-2.209877409040927887e-02
5.556859970092773438e-01
4.766682684421539307e-01
-1.098193973302841187e-02
5.891664624214172363e-01
4.658223986625671387e-01
-1.760003902018070221e-02
6.106817126274108887e-01
4.629327654838562012e-01
-2.282647229731082916e-02
6.273964643478393555e-01
4.633532166481018066e-01
-2.647301554679870605e-02
5.639346241950988770e-01
5.004721879959106445e-01
-1.324594113975763321e-02
6.010084748268127441e-01
4.879968464374542236e-01
-1.823967881500720978e-02
6.248064637184143066e-01
4.823831319808959961e-01
-2.262403070926666260e-02
6.434757709503173828e-01
4.803119599819183350e-01
-2.634896151721477509e-02
5.655895471572875977e-01
5.254842042922973633e-01
-1.613187603652477264e-02
6.033782958984375000e-01
5.137934684753417969e-01
-2.249530702829360962e-02
6.261451244354248047e-01
5.064872503280639648e-01
-2.782673761248588562e-02
6.432924270629882812e-01
5.015312433242797852e-01
-3.169572725892066956e-02
5.628638863563537598e-01
5.507776141166687012e-01
-1.936599053442478180e-02
5.931797623634338379e-01
5.533074140548706055e-01
-2.513504959642887115e-02
6.130688190460205078e-01
5.531207919120788574e-01
-2.839367464184761047e-02
6.297791004180908203e-01
5.520694851875305176e-01
-3.062513284385204315e-02
