4.596950113773345947e-01
5.408497452735900879e-01
1.510845351049283636e-07
4.617473483085632324e-01
4.988615810871124268e-01
-3.825895255431532860e-03
4.797677695751190186e-01
4.688600599765777588e-01
-8.620047941803932190e-03
4.968509972095489502e-01
4.489502906799316406e-01
-1.341799646615982056e-02
5.022152662277221680e-01
4.271951615810394287e-01
-1.872280426323413849e-02
5.293007493019104004e-01
4.802308678627014160e-01
-9.890969842672348022e-03
5.639747381210327148e-01
4.664179086685180664e-01
-1.670947670936584473e-02
5.860815048217773438e-01
4.615594148635864258e-01
-2.193524874746799469e-02
6.032266616821289062e-01
4.600262045860290527e-01
-2.540475688874721527e-02
5.374915599822998047e-01
5.036832094192504883e-01
-1.328098773956298828e-02
5.756426453590393066e-01
4.881761074066162109e-01
-1.802050694823265076e-02
5.998001694679260254e-01
4.805424511432647705e-01
-2.204852364957332611e-02
6.186046600341796875e-01
4.762353599071502686e-01
-2.550937421619892120e-02
5.393151640892028809e-01
5.285203456878662109e-01
-1.705229841172695160e-02
5.779225826263427734e-01
5.138163566589355469e-01
-2.260435186326503754e-02
6.011392474174499512e-01
5.050882101058959961e-01
-2.726231142878532410e-02
6.182456016540527344e-01
4.982822239398956299e-01
-3.074149973690509796e-02
5.367474555969238281e-01
5.536584854125976562e-01
-2.101091481745243073e-02
5.681314468383789062e-01
5.516285896301269531e-01
-2.588699758052825928e-02
5.877447128295898438e-01
5.482054352760314941e-01
-2.833705022931098938e-02
6.035685539245605469e-01
5.440025925636291504e-01
-2.998010069131851196e-02
