4.483468532562255859e-01
5.211232304573059082e-01
1.685479844582005171e-07
4.503585696220397949e-01
4.814424216747283936e-01
-2.082057530060410500e-03
4.683642387390136719e-01
4.519528150558471680e-01
-5.806026980280876160e-03
4.846310019493103027e-01
4.331506192684173584e-01
-9.892929345369338989e-03
4.894243776798248291e-01
4.122333228588104248e-01
-1.454292144626379013e-02
5.157209634780883789e-01
4.562584459781646729e-01
-7.312236353754997253e-03
5.493818521499633789e-01
4.446131587028503418e-01
-1.357411872595548630e-02
5.707919597625732422e-01
4.406589567661285400e-01
-1.841724850237369537e-02
5.875267386436462402e-01
4.396418333053588867e-01
-2.176176942884922028e-02
5.242871046066284180e-01
4.783167243003845215e-01
-1.171201560646295547e-02
5.624759197235107422e-01
4.657273888587951660e-01
-1.615289971232414246e-02
5.866944789886474609e-01
4.604625105857849121e-01
-1.995144225656986237e-02
6.055526733398437500e-01
4.577780961990356445e-01
-2.324941381812095642e-02
5.267550349235534668e-01
5.033420324325561523e-01
-1.651125401258468628e-02
5.649937391281127930e-01
4.896993637084960938e-01
-2.171435020864009857e-02
5.877846479415893555e-01
4.819491803646087646e-01
-2.620695903897285461e-02
6.049839258193969727e-01
4.757250845432281494e-01
-2.970835193991661072e-02
5.252153277397155762e-01
5.302889943122863770e-01
-2.142046764492988586e-02
5.566593408584594727e-01
5.272017121315002441e-01
-2.609386108815670013e-02
5.761842131614685059e-01
5.229927301406860352e-01
-2.862652204930782318e-02
5.922560095787048340e-01
5.179932713508605957e-01
-3.047275170683860779e-02
