4.163106977939605713e-01
8.566007018089294434e-01
1.995565526158316061e-07
4.224888682365417480e-01
7.807269096374511719e-01
3.274259623140096664e-03
4.549855887889862061e-01
7.252570986747741699e-01
6.233579479157924652e-03
4.838225543498992920e-01
6.920286417007446289e-01
8.478505536913871765e-03
4.971166849136352539e-01
6.619535088539123535e-01
1.100437995046377182e-02
5.207641720771789551e-01
7.378686666488647461e-01
4.777790047228336334e-03
5.707703232765197754e-01
7.168855667114257812e-01
2.966659609228372574e-03
6.012086272239685059e-01
7.095285058021545410e-01
1.049811253324151039e-03
6.236777305603027344e-01
7.079843282699584961e-01
-9.698807843960821629e-05
5.350342392921447754e-01
7.743601799011230469e-01
-2.846355491783469915e-04
5.877168774604797363e-01
7.482258677482604980e-01
4.996618372388184071e-04
6.206123232841491699e-01
7.345872521400451660e-01
-6.114030256867408752e-04
6.461232900619506836e-01
7.274856567382812500e-01
-2.106225350871682167e-03
5.407764315605163574e-01
8.138952851295471191e-01
-5.774417426437139511e-03
5.916103124618530273e-01
7.866747379302978516e-01
-8.054295554757118225e-03
6.228830218315124512e-01
7.702028155326843262e-01
-1.175999268889427185e-02
6.458814740180969238e-01
7.585096359252929688e-01
-1.465410739183425903e-02
5.406841635704040527e-01
8.555132150650024414e-01
-1.094773225486278534e-02
5.832609534263610840e-01
8.488760590553283691e-01
-1.384836528450250626e-02
6.102845668792724609e-01
8.426086902618408203e-01
-1.539977453649044037e-02
6.318208575248718262e-01
8.368863463401794434e-01
-1.613144949078559875e-02
