4.601101577281951904e-01
5.371850728988647461e-01
1.619310978639987297e-07
4.634427130222320557e-01
4.951962828636169434e-01
-2.813685918226838112e-03
4.825428128242492676e-01
4.660676419734954834e-01
-6.718229502439498901e-03
4.987993836402893066e-01
4.466619193553924561e-01
-1.071328390389680862e-02
5.024007558822631836e-01
4.253950715065002441e-01
-1.530739292502403259e-02
5.303411483764648438e-01
4.759237766265869141e-01
-8.459509350359439850e-03
5.650346279144287109e-01
4.644125401973724365e-01
-1.450834050774574280e-02
5.869714021682739258e-01
4.606373608112335205e-01
-1.917409896850585938e-02
6.036668419837951660e-01
4.595133364200592041e-01
-2.228130027651786804e-02
5.381600856781005859e-01
4.997601509094238281e-01
-1.210218574851751328e-02
5.767351984977722168e-01
4.867098629474639893e-01
-1.621880009770393372e-02
6.011232137680053711e-01
4.795408248901367188e-01
-1.983031816780567169e-02
6.197062730789184570e-01
4.749594926834106445e-01
-2.296001277863979340e-02
5.397387146949768066e-01
5.254624485969543457e-01
-1.605645939707756042e-02
5.787943005561828613e-01
5.115203857421875000e-01
-2.107921987771987915e-02
6.018612980842590332e-01
5.025870800018310547e-01
-2.554743736982345581e-02
6.185539960861206055e-01
4.953629970550537109e-01
-2.890415303409099579e-02
5.370700955390930176e-01
5.514426231384277344e-01
-2.010798268020153046e-02
5.687357783317565918e-01
5.490812063217163086e-01
-2.493609115481376648e-02
5.883370041847229004e-01
5.448176264762878418e-01
-2.752446383237838745e-02
6.039692759513854980e-01
5.397939682006835938e-01
-2.923750877380371094e-02
