4.550427496433258057e-01
5.258204340934753418e-01
1.320978810781525681e-07
4.602701663970947266e-01
4.870942234992980957e-01
-6.342553533613681793e-04
4.795932173728942871e-01
4.605623185634613037e-01
-2.733455970883369446e-03
4.961023032665252686e-01
4.431354403495788574e-01
-5.237361881881952286e-03
5.013393163681030273e-01
4.241470098495483398e-01
-8.257756941020488739e-03
5.240246057510375977e-01
4.703733026981353760e-01
-5.831053014844655991e-03
5.578058362007141113e-01
4.576669335365295410e-01
-1.105751283466815948e-02
5.790247321128845215e-01
4.533459544181823730e-01
-1.477907411754131317e-02
5.951814055442810059e-01
4.522943794727325439e-01
-1.731486618518829346e-02
5.321538448333740234e-01
4.921861886978149414e-01
-1.008217688649892807e-02
5.695745944976806641e-01
4.778850972652435303e-01
-1.365456450730562210e-02
5.930731296539306641e-01
4.715614020824432373e-01
-1.668957434594631195e-02
6.110226511955261230e-01
4.678629040718078613e-01
-1.948202215135097504e-02
5.341461300849914551e-01
5.166694521903991699e-01
-1.457800809293985367e-02
5.727153420448303223e-01
5.027549862861633301e-01
-1.961782947182655334e-02
5.948687791824340820e-01
4.948363900184631348e-01
-2.402955666184425354e-02
6.108977794647216797e-01
4.884289801120758057e-01
-2.741412632167339325e-02
5.317012071609497070e-01
5.424560904502868652e-01
-1.898810081183910370e-02
5.621990561485290527e-01
5.443296432495117188e-01
-2.435038611292839050e-02
5.820384621620178223e-01
5.432787537574768066e-01
-2.761127054691314697e-02
5.980052351951599121e-01
5.407813191413879395e-01
-2.988023683428764343e-02
