4.477454423904418945e-01
5.209531784057617188e-01
1.775173501528115594e-07
4.483936429023742676e-01
4.800148308277130127e-01
-3.587765851989388466e-03
4.655282497406005859e-01
4.517065882682800293e-01
-7.707214448601007462e-03
4.818482100963592529e-01
4.341217279434204102e-01
-1.167173217982053757e-02
4.864649176597595215e-01
4.143111705780029297e-01
-1.626118272542953491e-02
5.136194229125976562e-01
4.571672677993774414e-01
-1.014645770192146301e-02
5.465603470802307129e-01
4.449036717414855957e-01
-1.708489283919334412e-02
5.683434605598449707e-01
4.403035938739776611e-01
-2.225798740983009338e-02
5.853005647659301758e-01
4.388104975223541260e-01
-2.575187571346759796e-02
5.219029188156127930e-01
4.798399209976196289e-01
-1.380787510424852371e-02
5.593829154968261719e-01
4.671438336372375488e-01
-1.918182522058486938e-02
5.840994119644165039e-01
4.609454572200775146e-01
-2.360570430755615234e-02
6.038281917572021484e-01
4.572891891002655029e-01
-2.726578153669834137e-02
5.239754319190979004e-01
5.049471259117126465e-01
-1.781304180622100830e-02
5.617713928222656250e-01
4.918862581253051758e-01
-2.405763044953346252e-02
5.847512483596801758e-01
4.834784567356109619e-01
-2.938377484679222107e-02
6.023076176643371582e-01
4.769113063812255859e-01
-3.327688574790954590e-02
5.218517184257507324e-01
5.309572219848632812e-01
-2.192933671176433563e-02
5.526040196418762207e-01
5.283382534980773926e-01
-2.785923890769481659e-02
5.723409652709960938e-01
5.239274501800537109e-01
-3.139518946409225464e-02
5.888304710388183594e-01
5.190377235412597656e-01
-3.377899155020713806e-02
