4.621792733669281006e-01
5.317405462265014648e-01
1.840973311573179672e-07
4.650816917419433594e-01
4.894607365131378174e-01
-3.873170819133520126e-03
4.832257032394409180e-01
4.595663249492645264e-01
-8.221585303544998169e-03
4.989731609821319580e-01
4.380912482738494873e-01
-1.261035352945327759e-02
5.017256736755371094e-01
4.161022901535034180e-01
-1.755542494356632233e-02
5.294821262359619141e-01
4.677383005619049072e-01
-9.238318540155887604e-03
5.650774836540222168e-01
4.551059603691101074e-01
-1.642402075231075287e-02
5.878877639770507812e-01
4.497376680374145508e-01
-2.186012454330921173e-02
6.050190329551696777e-01
4.471773207187652588e-01
-2.542049996554851532e-02
5.389252901077270508e-01
4.912084043025970459e-01
-1.285958290100097656e-02
5.775552392005920410e-01
4.748496413230895996e-01
-1.815393380820751190e-02
6.029038429260253906e-01
4.652975201606750488e-01
-2.281130477786064148e-02
6.222051978111267090e-01
4.584006071090698242e-01
-2.648345753550529480e-02
5.417888760566711426e-01
5.161149501800537109e-01
-1.688584126532077789e-02
5.804049372673034668e-01
4.984656274318695068e-01
-2.305537275969982147e-02
6.037362813949584961e-01
4.865944385528564453e-01
-2.840144559741020203e-02
6.207430362701416016e-01
4.767933189868927002e-01
-3.215321898460388184e-02
5.398812890052795410e-01
5.415596365928649902e-01
-2.108250744640827179e-02
5.708181858062744141e-01
5.378916859626770020e-01
-2.673510648310184479e-02
5.903393030166625977e-01
5.325098037719726562e-01
-2.988613583147525787e-02
6.059061884880065918e-01
5.268179178237915039e-01
-3.190281242132186890e-02
