4.510141611099243164e-01
5.450057387351989746e-01
1.669569513751412160e-07
4.550386071205139160e-01
5.035297274589538574e-01
-4.221647512167692184e-03
4.750385582447052002e-01
4.741815328598022461e-01
-9.194570593535900116e-03
4.931880831718444824e-01
4.555513560771942139e-01
-1.396434754133224487e-02
4.996705055236816406e-01
4.337217211723327637e-01
-1.926241442561149597e-02
5.230597853660583496e-01
4.863141179084777832e-01
-1.173899881541728973e-02
5.591896772384643555e-01
4.746369123458862305e-01
-1.931505464017391205e-02
5.818994045257568359e-01
4.715740978717803955e-01
-2.477056719362735748e-02
5.995131731033325195e-01
4.714926481246948242e-01
-2.835513465106487274e-02
5.301167964935302734e-01
5.103932023048400879e-01
-1.522525865584611893e-02
5.703805088996887207e-01
4.974672794342041016e-01
-2.096649259328842163e-02
5.957633256912231445e-01
4.919625520706176758e-01
-2.542265690863132477e-02
6.154656410217285156e-01
4.890153408050537109e-01
-2.907780371606349945e-02
5.309484004974365234e-01
5.363927483558654785e-01
-1.904479786753654480e-02
5.714057087898254395e-01
5.242389440536499023e-01
-2.544372901320457458e-02
5.958430767059326172e-01
5.170472264289855957e-01
-3.059313446283340454e-02
6.141285300254821777e-01
5.111939907073974609e-01
-3.435344249010086060e-02
5.274629592895507812e-01
5.630375146865844727e-01
-2.302064001560211182e-02
5.599842071533203125e-01
5.625371932983398438e-01
-2.901962585747241974e-02
5.804305672645568848e-01
5.595065951347351074e-01
-3.230834007263183594e-02
5.971894264221191406e-01
5.555791854858398438e-01
-3.446090221405029297e-02
