4.753663837909698486e-01
5.129204392433166504e-01
1.308877983774436871e-07
4.781948924064636230e-01
4.728263020515441895e-01
-8.455800707451999187e-04
4.989876449108123779e-01
4.437120556831359863e-01
-2.335989847779273987e-03
5.162612199783325195e-01
4.247732758522033691e-01
-4.403909668326377869e-03
5.218276381492614746e-01
4.045348763465881348e-01
-6.849370431154966354e-03
5.448615550994873047e-01
4.497313797473907471e-01
-1.854594331234693527e-03
5.768493413925170898e-01
4.380274415016174316e-01
-6.105383858084678650e-03
5.973007082939147949e-01
4.338333308696746826e-01
-1.013130880892276764e-02
6.128875613212585449e-01
4.328502714633941650e-01
-1.304242201149463654e-02
5.535441637039184570e-01
4.715877771377563477e-01
-6.077936850488185883e-03
5.889509916305541992e-01
4.569750130176544189e-01
-8.938778191804885864e-03
6.121010184288024902e-01
4.489202201366424561e-01
-1.267094258219003677e-02
6.305380463600158691e-01
4.434713423252105713e-01
-1.590152457356452942e-02
5.560471415519714355e-01
4.964047968387603760e-01
-1.078146789222955704e-02
5.928649306297302246e-01
4.816651940345764160e-01
-1.524845696985721588e-02
6.146646738052368164e-01
4.717507958412170410e-01
-1.988993398845195770e-02
6.311223506927490234e-01
4.633027911186218262e-01
-2.332145906984806061e-02
5.541121363639831543e-01
5.223854184150695801e-01
-1.549267861992120743e-02
5.846136808395385742e-01
5.206665396690368652e-01
-1.970050856471061707e-02
6.038401722908020020e-01
5.170597434043884277e-01
-2.211446501314640045e-02
6.195755600929260254e-01
5.123050808906555176e-01
-2.377500757575035095e-02
