4.632877707481384277e-01
5.332002639770507812e-01
1.657936650190094952e-07
4.652560055255889893e-01
4.926718771457672119e-01
-4.705625120550394058e-03
4.828724861145019531e-01
4.615634679794311523e-01
-9.425060823559761047e-03
4.985123276710510254e-01
4.401823878288269043e-01
-1.407531648874282837e-02
5.018501281738281250e-01
4.183574020862579346e-01
-1.918600313365459442e-02
5.316153764724731445e-01
4.703621864318847656e-01
-8.940846659243106842e-03
5.648075938224792480e-01
4.578178524971008301e-01
-1.611165516078472137e-02
5.870059132575988770e-01
4.524418413639068604e-01
-2.195573039352893829e-02
6.040098667144775391e-01
4.503095448017120361e-01
-2.594819664955139160e-02
5.407805442810058594e-01
4.933661222457885742e-01
-1.221119519323110580e-02
5.780286788940429688e-01
4.790957868099212646e-01
-1.744973473250865936e-02
6.023521423339843750e-01
4.708249568939208984e-01
-2.217653207480907440e-02
6.214622259140014648e-01
4.655402898788452148e-01
-2.598868124186992645e-02
5.434896349906921387e-01
5.183306336402893066e-01
-1.600286178290843964e-02
5.804017782211303711e-01
5.033113360404968262e-01
-2.195459604263305664e-02
6.030236482620239258e-01
4.938819408416748047e-01
-2.662566676735877991e-02
6.199902296066284180e-01
4.865253865718841553e-01
-2.997655421495437622e-02
5.414918065071105957e-01
5.445007085800170898e-01
-2.012861706316471100e-02
5.717522501945495605e-01
5.415990352630615234e-01
-2.522958815097808838e-02
5.910316109657287598e-01
5.378389358520507812e-01
-2.742627076804637909e-02
6.065845489501953125e-01
5.337860584259033203e-01
-2.878205850720405579e-02
