4.652339220046997070e-01
6.320263743400573730e-01
1.898566353020214592e-07
4.717990756034851074e-01
5.792850852012634277e-01
-5.783852189779281616e-03
4.971135556697845459e-01
5.429444909095764160e-01
-9.701439179480075836e-03
5.210825800895690918e-01
5.209826231002807617e-01
-1.286904327571392059e-02
5.333591103553771973e-01
4.988115131855010986e-01
-1.628599129617214203e-02
5.457948446273803711e-01
5.674325227737426758e-01
-1.141638308763504028e-02
5.859472751617431641e-01
5.546042919158935547e-01
-1.858399063348770142e-02
6.111862063407897949e-01
5.501002669334411621e-01
-2.388103492558002472e-02
6.301298141479492188e-01
5.491515994071960449e-01
-2.717041969299316406e-02
5.521857738494873047e-01
5.965988636016845703e-01
-1.377248857170343399e-02
5.955731868743896484e-01
5.812159776687622070e-01
-1.915507018566131592e-02
6.237429380416870117e-01
5.731176733970642090e-01
-2.387792617082595825e-02
6.454426646232604980e-01
5.696020126342773438e-01
-2.748573943972587585e-02
5.518138408660888672e-01
6.253421902656555176e-01
-1.658167317509651184e-02
5.945210456848144531e-01
6.117336153984069824e-01
-2.382303215563297272e-02
6.213172674179077148e-01
6.031748652458190918e-01
-2.981731295585632324e-02
6.408095359802246094e-01
5.983487963676452637e-01
-3.378579765558242798e-02
5.466378927230834961e-01
6.520417928695678711e-01
-1.951886154711246490e-02
5.785908699035644531e-01
6.549462080001831055e-01
-2.637190744280815125e-02
5.994687676429748535e-01
6.560571789741516113e-01
-2.984887547791004181e-02
6.165637373924255371e-01
6.580822467803955078e-01
-3.177157789468765259e-02
