4.279058575630187988e-01
5.928766131401062012e-01
1.575931349862003117e-07
4.377230703830718994e-01
5.462871193885803223e-01
-6.386067834682762623e-04
4.651728272438049316e-01
5.169007182121276855e-01
-1.774671953171491623e-03
4.892933666706085205e-01
4.996972680091857910e-01
-3.107500029727816582e-03
5.014612674713134766e-01
4.787681400775909424e-01
-4.947585053741931915e-03
5.109229683876037598e-01
5.348241329193115234e-01
-6.077983416616916656e-03
5.506893992424011230e-01
5.270903706550598145e-01
-1.169818453490734100e-02
5.754122734069824219e-01
5.264987349510192871e-01
-1.559062115848064423e-02
5.939787030220031738e-01
5.285034775733947754e-01
-1.802115514874458313e-02
5.171585679054260254e-01
5.617712140083312988e-01
-1.033599581569433212e-02
5.603917837142944336e-01
5.522554516792297363e-01
-1.397962309420108795e-02
5.874689817428588867e-01
5.486584901809692383e-01
-1.725829392671585083e-02
6.083806753158569336e-01
5.474865436553955078e-01
-2.012899518013000488e-02
5.163304805755615234e-01
5.897805690765380859e-01
-1.480433531105518341e-02
5.587788224220275879e-01
5.812067389488220215e-01
-2.025957405567169189e-02
5.847446322441101074e-01
5.762405395507812500e-01
-2.516689337790012360e-02
6.041912436485290527e-01
5.724909305572509766e-01
-2.883151546120643616e-02
5.107302069664001465e-01
6.173056960105895996e-01
-1.911859400570392609e-02
5.430753827095031738e-01
6.230127215385437012e-01
-2.469046413898468018e-02
5.643201470375061035e-01
6.254281997680664062e-01
-2.791522629559040070e-02
5.817983746528625488e-01
6.268396377563476562e-01
-3.005888499319553375e-02
