4.659532904624938965e-01
5.324335098266601562e-01
1.529623148144310107e-07
4.670802950859069824e-01
4.905157983303070068e-01
-3.933325409889221191e-03
4.848820567131042480e-01
4.612050950527191162e-01
-8.058417588472366333e-03
5.015372037887573242e-01
4.416721463203430176e-01
-1.211932208389043808e-02
5.063639879226684570e-01
4.205356836318969727e-01
-1.660495437681674957e-02
5.351796746253967285e-01
4.710404872894287109e-01
-7.820586673915386200e-03
5.684247016906738281e-01
4.582585394382476807e-01
-1.368158031255006790e-02
5.896915197372436523e-01
4.541207253932952881e-01
-1.836770400404930115e-02
6.060672998428344727e-01
4.535152018070220947e-01
-2.161206491291522980e-02
5.437737107276916504e-01
4.946925044059753418e-01
-1.092868670821189880e-02
5.802172422409057617e-01
4.805846810340881348e-01
-1.506493240594863892e-02
6.033526659011840820e-01
4.740537405014038086e-01
-1.884378492832183838e-02
6.215088367462158203e-01
4.708427488803863525e-01
-2.214739285409450531e-02
5.458863973617553711e-01
5.197842717170715332e-01
-1.458367146551609039e-02
5.834006071090698242e-01
5.064332485198974609e-01
-2.003237977623939514e-02
6.055998206138610840e-01
4.981946051120758057e-01
-2.468966878950595856e-02
6.222413778305053711e-01
4.918831884860992432e-01
-2.815677039325237274e-02
5.436428189277648926e-01
5.452430844306945801e-01
-1.843721419572830200e-02
5.742406845092773438e-01
5.440906286239624023e-01
-2.365556173026561737e-02
5.941096544265747070e-01
5.411855578422546387e-01
-2.653344720602035522e-02
6.106595993041992188e-01
5.375531315803527832e-01
-2.845429070293903351e-02
