4.511635899543762207e-01
5.443596243858337402e-01
1.667940381366861402e-07
4.552049040794372559e-01
5.030958056449890137e-01
-4.438685253262519836e-03
4.749497771263122559e-01
4.736653864383697510e-01
-9.620125405490398407e-03
4.930141866207122803e-01
4.551922678947448730e-01
-1.458118576556444168e-02
4.998926222324371338e-01
4.335008263587951660e-01
-2.007446251809597015e-02
5.231924653053283691e-01
4.862447082996368408e-01
-1.204771082848310471e-02
5.592833757400512695e-01
4.746824502944946289e-01
-1.970207132399082184e-02
5.818868875503540039e-01
4.716315269470214844e-01
-2.522699907422065735e-02
5.994827747344970703e-01
4.715069234371185303e-01
-2.885993756353855133e-02
5.302315354347229004e-01
5.104603767395019531e-01
-1.547811087220907211e-02
5.704939961433410645e-01
4.974722862243652344e-01
-2.123592048883438110e-02
5.957888364791870117e-01
4.918912351131439209e-01
-2.573619410395622253e-02
6.154210567474365234e-01
4.889004826545715332e-01
-2.945759519934654236e-02
5.309829711914062500e-01
5.363883972167968750e-01
-1.925699226558208466e-02
5.713680386543273926e-01
5.242472887039184570e-01
-2.566079981625080109e-02
5.957680940628051758e-01
5.170861482620239258e-01
-3.083367832005023956e-02
6.140233874320983887e-01
5.112240910530090332e-01
-3.463557735085487366e-02
5.273992419242858887e-01
5.629090070724487305e-01
-2.320840582251548767e-02
5.598997473716735840e-01
5.624241232872009277e-01
-2.915025129914283752e-02
5.802860260009765625e-01
5.594886541366577148e-01
-3.238069638609886169e-02
5.970307588577270508e-01
5.555936694145202637e-01
-3.451254963874816895e-02
