4.480946063995361328e-01
5.224056839942932129e-01
1.736886190428776899e-07
4.491529464721679688e-01
4.812064766883850098e-01
-2.842582529410719872e-03
4.669030010700225830e-01
4.523347318172454834e-01
-6.645661313086748123e-03
4.831792712211608887e-01
4.340348243713378906e-01
-1.063392125070095062e-02
4.879383444786071777e-01
4.140926897525787354e-01
-1.520325429737567902e-02
5.151491165161132812e-01
4.571745097637176514e-01
-7.996609434485435486e-03
5.482245683670043945e-01
4.451847970485687256e-01
-1.474926341325044632e-02
5.701549053192138672e-01
4.408402442932128906e-01
-2.001844346523284912e-02
5.871276259422302246e-01
4.396198689937591553e-01
-2.356409654021263123e-02
5.232910513877868652e-01
4.791911542415618896e-01
-1.208333019167184830e-02
5.610129833221435547e-01
4.671334624290466309e-01
-1.714553683996200562e-02
5.857429504394531250e-01
4.615506231784820557e-01
-2.141341939568519592e-02
6.052977442741394043e-01
4.587452113628387451e-01
-2.488498762249946594e-02
5.253517627716064453e-01
5.040569305419921875e-01
-1.661939732730388641e-02
5.636082291603088379e-01
4.915089309215545654e-01
-2.244719862937927246e-02
5.867424011230468750e-01
4.837268888950347900e-01
-2.741493657231330872e-02
6.042965650558471680e-01
4.777947366237640381e-01
-3.103812783956527710e-02
5.232659578323364258e-01
5.305123329162597656e-01
-2.129959687590599060e-02
5.543885231018066406e-01
5.280457139015197754e-01
-2.657920122146606445e-02
5.740620493888854980e-01
5.237179994583129883e-01
-2.947433106601238251e-02
5.903196334838867188e-01
5.189682841300964355e-01
-3.141026571393013000e-02
