4.526818990707397461e-01
5.475303530693054199e-01
1.592515843640285311e-07
4.572068154811859131e-01
5.050538182258605957e-01
-3.851994406431913376e-03
4.774107933044433594e-01
4.759193062782287598e-01
-8.653756231069564819e-03
4.959197342395782471e-01
4.570339620113372803e-01
-1.334769558161497116e-02
5.026685595512390137e-01
4.354116022586822510e-01
-1.864727772772312164e-02
5.247581005096435547e-01
4.911000430583953857e-01
-1.115350797772407532e-02
5.609741210937500000e-01
4.793239533901214600e-01
-1.821208372712135315e-02
5.837102532386779785e-01
4.758466482162475586e-01
-2.338962815701961517e-02
6.013063788414001465e-01
4.752469360828399658e-01
-2.678042091429233551e-02
5.318398475646972656e-01
5.151231288909912109e-01
-1.457363087683916092e-02
5.718976855278015137e-01
5.016333460807800293e-01
-1.978778466582298279e-02
5.970510244369506836e-01
4.961007237434387207e-01
-2.382468245923519135e-02
6.162520647048950195e-01
4.935328066349029541e-01
-2.719761244952678680e-02
5.327397584915161133e-01
5.403150320053100586e-01
-1.828684099018573761e-02
5.731200575828552246e-01
5.269852876663208008e-01
-2.430790849030017853e-02
5.973430871963500977e-01
5.195991992950439453e-01
-2.909430675208568573e-02
6.150739192962646484e-01
5.140209197998046875e-01
-3.259417414665222168e-02
5.293685793876647949e-01
5.655655264854431152e-01
-2.211759611964225769e-02
5.617403984069824219e-01
5.643172860145568848e-01
-2.748146466910839081e-02
5.817316770553588867e-01
5.618805289268493652e-01
-3.017441928386688232e-02
5.977677106857299805e-01
5.588913559913635254e-01
-3.195482492446899414e-02
