4.226117134094238281e-01
8.514652848243713379e-01
2.037438235902300221e-07
4.266297221183776855e-01
7.761850953102111816e-01
3.758692648261785507e-03
4.566829204559326172e-01
7.216550707817077637e-01
7.690562400966882706e-03
4.858839809894561768e-01
6.905655264854431152e-01
1.095693744719028473e-02
4.993850886821746826e-01
6.622707843780517578e-01
1.436828449368476868e-02
5.212448835372924805e-01
7.367742061614990234e-01
6.046384107321500778e-03
5.721637010574340820e-01
7.162179946899414062e-01
5.003298167139291763e-03
6.030937433242797852e-01
7.085254788398742676e-01
3.745865309610962868e-03
6.261154413223266602e-01
7.062360644340515137e-01
3.154685953631997108e-03
5.367186069488525391e-01
7.739699482917785645e-01
1.584864803589880466e-03
5.897145271301269531e-01
7.484163641929626465e-01
2.853880636394023895e-03
6.231018900871276855e-01
7.345174551010131836e-01
2.016741083934903145e-03
6.486830711364746094e-01
7.272660136222839355e-01
9.110726532526314259e-04
5.433237552642822266e-01
8.136621117591857910e-01
-3.213962540030479431e-03
5.935171842575073242e-01
7.872366309165954590e-01
-5.015911534428596497e-03
6.241443157196044922e-01
7.711433172225952148e-01
-8.703201077878475189e-03
6.465657353401184082e-01
7.596792578697204590e-01
-1.142001710832118988e-02
5.434868335723876953e-01
8.549234271049499512e-01
-7.575658615678548813e-03
5.856830477714538574e-01
8.481202721595764160e-01
-1.034116093069314957e-02
6.122697591781616211e-01
8.417519330978393555e-01
-1.192991994321346283e-02
6.340700984001159668e-01
8.360598683357238770e-01
-1.252441015094518661e-02
