4.197562336921691895e-01
8.528947830200195312e-01
1.940746017226047115e-07
4.244007766246795654e-01
7.773709893226623535e-01
4.010957665741443634e-03
4.552932083606719971e-01
7.232628464698791504e-01
7.726244162768125534e-03
4.847469031810760498e-01
6.914319396018981934e-01
1.068641617894172668e-02
4.978153705596923828e-01
6.625577807426452637e-01
1.367649529129266739e-02
5.189887285232543945e-01
7.378443479537963867e-01
5.078510381281375885e-03
5.695903897285461426e-01
7.172154188156127930e-01
3.494338598102331161e-03
6.004292368888854980e-01
7.091256380081176758e-01
1.895144116133451462e-03
6.233388781547546387e-01
7.066552042961120605e-01
1.017361762933433056e-03
5.343715548515319824e-01
7.746551036834716797e-01
1.317327987635508180e-04
5.873779058456420898e-01
7.482239603996276855e-01
9.544732747599482536e-04
6.206868886947631836e-01
7.336081266403198242e-01
-1.579404051881283522e-04
6.460872888565063477e-01
7.259617447853088379e-01
-1.524141756817698479e-03
5.409065485000610352e-01
8.140897750854492188e-01
-5.062655080109834671e-03
5.917467474937438965e-01
7.874592542648315430e-01
-7.186888717114925385e-03
6.229708790779113770e-01
7.710040807723999023e-01
-1.116814091801643372e-02
6.459755897521972656e-01
7.593773007392883301e-01
-1.417602226138114929e-02
5.409264564514160156e-01
8.551052212715148926e-01
-9.795499965548515320e-03
5.833606719970703125e-01
8.483253717422485352e-01
-1.276843156665563583e-02
6.099069714546203613e-01
8.413814902305603027e-01
-1.456637028604745865e-02
6.316310167312622070e-01
8.351386189460754395e-01
-1.538627874106168747e-02
