4.190396964550018311e-01
8.514592051506042480e-01
2.019443883227722836e-07
4.235565066337585449e-01
7.766242027282714844e-01
3.561237128451466560e-03
4.539539813995361328e-01
7.228071093559265137e-01
6.830987986177206039e-03
4.837051033973693848e-01
6.923198103904724121e-01
9.435324929654598236e-03
4.990412890911102295e-01
6.642135381698608398e-01
1.223176904022693634e-02
5.193977952003479004e-01
7.365528941154479980e-01
4.828451666980981827e-03
5.692877769470214844e-01
7.165926694869995117e-01
2.763572847470641136e-03
6.001899242401123047e-01
7.093914151191711426e-01
7.682626019231975079e-04
6.235039234161376953e-01
7.078915834426879883e-01
-3.154611040372401476e-04
5.342530012130737305e-01
7.733210921287536621e-01
-1.381197362206876278e-04
5.869387388229370117e-01
7.475407123565673828e-01
2.528424083720892668e-04
6.203482151031494141e-01
7.337649464607238770e-01
-8.417716599069535732e-04
6.464249491691589355e-01
7.268070578575134277e-01
-2.155522350221872330e-03
5.403094291687011719e-01
8.131314516067504883e-01
-5.498761311173439026e-03
5.905193686485290527e-01
7.868757843971252441e-01
-7.959540002048015594e-03
6.219315528869628906e-01
7.707652449607849121e-01
-1.161535456776618958e-02
6.454276442527770996e-01
7.593094110488891602e-01
-1.429155189543962479e-02
5.400894284248352051e-01
8.551524281501770020e-01
-1.049464754760265350e-02
5.831636786460876465e-01
8.481334447860717773e-01
-1.351359207183122635e-02
6.098864078521728516e-01
8.414964675903320312e-01
-1.497532706707715988e-02
6.317553520202636719e-01
8.354138731956481934e-01
-1.551087666302919388e-02
