4.190910160541534424e-01
8.512733578681945801e-01
2.051331051688976004e-07
4.236965179443359375e-01
7.764298319816589355e-01
3.154779784381389618e-03
4.543768167495727539e-01
7.225542068481445312e-01
6.189833860844373703e-03
4.840938746929168701e-01
6.920759081840515137e-01
8.574083447456359863e-03
4.991310834884643555e-01
6.638094782829284668e-01
1.116754952818155289e-02
5.193752050399780273e-01
7.365869879722595215e-01
4.522450733929872513e-03
5.693287253379821777e-01
7.166284322738647461e-01
2.267237752676010132e-03
6.003060936927795410e-01
7.093746066093444824e-01
1.012864377116784453e-04
6.236633062362670898e-01
7.077969908714294434e-01
-1.123286783695220947e-03
5.341506600379943848e-01
7.732791304588317871e-01
-3.819864941760897636e-04
5.868014097213745117e-01
7.476427555084228516e-01
-1.882834912976250052e-04
6.203230619430541992e-01
7.339535355567932129e-01
-1.499806763604283333e-03
6.465383768081665039e-01
7.270573377609252930e-01
-2.998960437253117561e-03
5.401855707168579102e-01
8.129721879959106445e-01
-5.715887062251567841e-03
5.903759002685546875e-01
7.869277596473693848e-01
-8.352954871952533722e-03
6.217980980873107910e-01
7.709412574768066406e-01
-1.212868653237819672e-02
6.452708244323730469e-01
7.596358656883239746e-01
-1.488848682492971420e-02
5.400011539459228516e-01
8.548769354820251465e-01
-1.072870381176471710e-02
5.830216407775878906e-01
8.480809926986694336e-01
-1.389530301094055176e-02
6.098831295967102051e-01
8.414986133575439453e-01
-1.544970087707042694e-02
6.319065093994140625e-01
8.354670405387878418e-01
-1.606045477092266083e-02
