4.194063544273376465e-01
8.535434007644653320e-01
1.952854660203229287e-07
4.242591857910156250e-01
7.778953909873962402e-01
3.353445325046777725e-03
4.551441967487335205e-01
7.232502698898315430e-01
6.691601127386093140e-03
4.842354059219360352e-01
6.913645267486572266e-01
9.428130462765693665e-03
4.978801012039184570e-01
6.627216339111328125e-01
1.225409936159849167e-02
5.191854834556579590e-01
7.379679679870605469e-01
3.809691872447729111e-03
5.695042014122009277e-01
7.172411680221557617e-01
1.648239907808601856e-03
6.004752516746520996e-01
7.089962959289550781e-01
-2.413221081951633096e-04
6.234398484230041504e-01
7.065892815589904785e-01
-1.268629450350999832e-03
5.342483520507812500e-01
7.748612165451049805e-01
-1.055986620485782623e-03
5.871556401252746582e-01
7.482416033744812012e-01
-8.741253404878079891e-04
6.205388307571411133e-01
7.337016463279724121e-01
-2.129079541191458702e-03
6.461828947067260742e-01
7.261264920234680176e-01
-3.541612764820456505e-03
5.406319499015808105e-01
8.143044710159301758e-01
-6.218985188752412796e-03
5.915701389312744141e-01
7.875077724456787109e-01
-9.017019532620906830e-03
6.227683424949645996e-01
7.710257768630981445e-01
-1.304402854293584824e-02
6.459124684333801270e-01
7.594378590583801270e-01
-1.596867851912975311e-02
5.406166911125183105e-01
8.554250597953796387e-01
-1.096103619784116745e-02
5.832036137580871582e-01
8.483485579490661621e-01
-1.456973422318696976e-02
6.099175810813903809e-01
8.413566946983337402e-01
-1.657795719802379608e-02
6.318274140357971191e-01
8.350903987884521484e-01
-1.746480166912078857e-02
