4.373499751091003418e-01
9.050589799880981445e-01
2.511782781766669359e-07
4.424759745597839355e-01
8.257008790969848633e-01
-2.898624516092240810e-04
4.762830138206481934e-01
7.698855400085449219e-01
2.035744721069931984e-03
5.099139213562011719e-01
7.389367818832397461e-01
4.478706978261470795e-03
5.269536375999450684e-01
7.097675800323486328e-01
7.065804209560155869e-03
5.456079244613647461e-01
7.938215732574462891e-01
4.771436215378344059e-04
6.001827120780944824e-01
7.804354429244995117e-01
-1.341796596534550190e-03
6.324493288993835449e-01
7.758796215057373047e-01
-3.131310222670435905e-03
6.553099751472473145e-01
7.761340737342834473e-01
-4.183609504252672195e-03
5.587344765663146973e-01
8.364663124084472656e-01
-3.207251196727156639e-03
6.168497800827026367e-01
8.164353966712951660e-01
-2.675943076610565186e-03
6.520970463752746582e-01
8.059816956520080566e-01
-3.955592401325702667e-03
6.766027212142944336e-01
8.015788793563842773e-01
-5.210860166698694229e-03
5.618019700050354004e-01
8.796387314796447754e-01
-7.412130013108253479e-03
6.178355813026428223e-01
8.585123419761657715e-01
-1.093525812029838562e-02
6.510812640190124512e-01
8.457121253013610840e-01
-1.517850719392299652e-02
6.746242642402648926e-01
8.369822502136230469e-01
-1.816652528941631317e-02
5.576239228248596191e-01
9.227355122566223145e-01
-1.135566178709268570e-02
6.009157299995422363e-01
9.224372506141662598e-01
-1.624659821391105652e-02
6.276442408561706543e-01
9.211363792419433594e-01
-1.832596398890018463e-02
6.488641500473022461e-01
9.202502369880676270e-01
-1.900492981076240540e-02
