4.337167143821716309e-01
8.691311478614807129e-01
2.522807847071817378e-07
4.351007044315338135e-01
7.900330424308776855e-01
-2.298824954777956009e-03
4.681107997894287109e-01
7.347640395164489746e-01
-5.653365515172481537e-04
4.983991980552673340e-01
7.057125568389892578e-01
1.081566675566136837e-03
5.114489197731018066e-01
6.781353950500488281e-01
3.178539220243692398e-03
5.410872101783752441e-01
7.492767572402954102e-01
5.566715728491544724e-03
5.885149240493774414e-01
7.364832162857055664e-01
4.072746261954307556e-03
6.191397309303283691e-01
7.326580286026000977e-01
5.174354882910847664e-04
6.419408917427062988e-01
7.327351570129394531e-01
-2.209913684055209160e-03
5.541276931762695312e-01
7.894556522369384766e-01
2.212071325629949570e-03
6.044106483459472656e-01
7.720888853073120117e-01
3.293800633400678635e-03
6.367286443710327148e-01
7.627998590469360352e-01
5.559684359468519688e-04
6.627667546272277832e-01
7.587245106697082520e-01
-2.300303662195801735e-03
5.576822161674499512e-01
8.307234048843383789e-01
-2.428539562970399857e-03
6.078068614006042480e-01
8.118418455123901367e-01
-6.058891769498586655e-03
6.377726793289184570e-01
8.002732396125793457e-01
-1.116220746189355850e-02
6.608532667160034180e-01
7.934008836746215820e-01
-1.477355789393186569e-02
5.545642375946044922e-01
8.722671866416931152e-01
-7.332316599786281586e-03
5.959336161613464355e-01
8.711870312690734863e-01
-1.154474075883626938e-02
6.218999624252319336e-01
8.705326318740844727e-01
-1.348693389445543289e-02
6.436163783073425293e-01
8.711976408958435059e-01
-1.437467150390148163e-02
