4.363090395927429199e-01
9.109742641448974609e-01
2.608919658086961135e-07
4.419627487659454346e-01
8.287934064865112305e-01
5.732906283810734749e-04
4.754894375801086426e-01
7.730366587638854980e-01
3.576683346182107925e-03
5.101906061172485352e-01
7.418524622917175293e-01
6.765273865312337875e-03
5.278347730636596680e-01
7.126861214637756348e-01
9.956983849406242371e-03
5.441424250602722168e-01
7.996726632118225098e-01
1.092720893211662769e-03
5.997641682624816895e-01
7.865400910377502441e-01
6.669142749160528183e-05
6.323473453521728516e-01
7.821288108825683594e-01
-9.231158182956278324e-04
6.560807228088378906e-01
7.824192047119140625e-01
-1.354271429590880871e-03
5.571032166481018066e-01
8.431829810142517090e-01
-2.247853437438607216e-03
6.167008280754089355e-01
8.232257366180419922e-01
-1.161560765467584133e-03
6.530107855796813965e-01
8.129044771194458008e-01
-2.054509241133928299e-03
6.793307662010192871e-01
8.087966442108154297e-01
-3.136794548481702805e-03
5.600588321685791016e-01
8.860842585563659668e-01
-5.980860907584428787e-03
6.161864995956420898e-01
8.654375076293945312e-01
-9.248065762221813202e-03
6.504505276679992676e-01
8.529422879219055176e-01
-1.432170812040567398e-02
6.751772165298461914e-01
8.445231318473815918e-01
-1.794211007654666901e-02
5.565452575683593750e-01
9.279717206954956055e-01
-9.253277443349361420e-03
5.999990701675415039e-01
9.286994934082031250e-01
-1.372301299124956131e-02
6.263334155082702637e-01
9.296416640281677246e-01
-1.620286889374256134e-02
6.475186944007873535e-01
9.315452575683593750e-01
-1.733544096350669861e-02
