4.327021837234497070e-01
8.669068813323974609e-01
2.649441626090265345e-07
4.354334771633148193e-01
7.892763018608093262e-01
-4.409587942063808441e-03
4.685441851615905762e-01
7.348045110702514648e-01
-4.183507524430751801e-03
4.982351958751678467e-01
7.048289775848388672e-01
-3.604051191359758377e-03
5.122416615486145020e-01
6.763505935668945312e-01
-2.198886824771761894e-03
5.420550704002380371e-01
7.505489587783813477e-01
2.956917043775320053e-03
5.897232294082641602e-01
7.387164235115051270e-01
8.605905459262430668e-04
6.202971935272216797e-01
7.348353862762451172e-01
-3.282264573499560356e-03
6.431028842926025391e-01
7.344774007797241211e-01
-6.313429214060306549e-03
5.544567108154296875e-01
7.916475534439086914e-01
5.214263219386339188e-04
6.045594215393066406e-01
7.745496630668640137e-01
1.688246382400393486e-03
6.365426778793334961e-01
7.654616236686706543e-01
-6.959196762181818485e-04
6.616625189781188965e-01
7.608190774917602539e-01
-3.297179471701383591e-03
5.576742887496948242e-01
8.330081701278686523e-01
-3.261127276346087456e-03
6.080236434936523438e-01
8.145036101341247559e-01
-6.009481381624937057e-03
6.379409432411193848e-01
8.025853037834167480e-01
-9.235518984496593475e-03
6.608532667160034180e-01
7.945910692214965820e-01
-1.161118410527706146e-02
5.542709827423095703e-01
8.743753433227539062e-01
-7.637196220457553864e-03
5.960218906402587891e-01
8.711902499198913574e-01
-1.095624547451734543e-02
6.221086978912353516e-01
8.684157133102416992e-01
-1.140986569225788116e-02
6.430094242095947266e-01
8.665273189544677734e-01
-1.108451839536428452e-02
