4.376772642135620117e-01
8.838060498237609863e-01
2.309213869011728093e-07
4.402458369731903076e-01
8.043717145919799805e-01
-4.100373946130275726e-03
4.735922217369079590e-01
7.493529319763183594e-01
-3.519007004797458649e-03
5.045524835586547852e-01
7.191106081008911133e-01
-2.810136647894978523e-03
5.202965140342712402e-01
6.923506259918212891e-01
-1.334653468802571297e-03
5.473523736000061035e-01
7.684853076934814453e-01
3.310019848868250847e-03
5.944380164146423340e-01
7.562654614448547363e-01
9.163274662569165230e-04
6.245350241661071777e-01
7.519537806510925293e-01
-3.618187503889203072e-03
6.473378539085388184e-01
7.510569095611572266e-01
-6.958121433854103088e-03
5.603141188621520996e-01
8.098092675209045410e-01
3.556204319465905428e-04
6.105207204818725586e-01
7.914882302284240723e-01
1.079414156265556812e-03
6.426798105239868164e-01
7.805806398391723633e-01
-1.841224962845444679e-03
6.678681373596191406e-01
7.746474146842956543e-01
-4.602815955877304077e-03
5.636371970176696777e-01
8.518146276473999023e-01
-3.904298646375536919e-03
6.145876646041870117e-01
8.331932425498962402e-01
-7.355882320553064346e-03
6.448040008544921875e-01
8.206478953361511230e-01
-1.107489783316850662e-02
6.675525903701782227e-01
8.121649026870727539e-01
-1.355364732444286346e-02
5.593550205230712891e-01
8.939445018768310547e-01
-8.712705224752426147e-03
6.002225875854492188e-01
8.918870687484741211e-01
-1.269757095724344254e-02
6.257897019386291504e-01
8.889755010604858398e-01
-1.329638808965682983e-02
6.459703445434570312e-01
8.870669007301330566e-01
-1.284199580550193787e-02
