4.356644451618194580e-01
9.069467186927795410e-01
2.678489465779421153e-07
4.421597123146057129e-01
8.255602121353149414e-01
-1.822832273319363594e-03
4.755281209945678711e-01
7.697039246559143066e-01
-1.144299050793051720e-03
5.095106959342956543e-01
7.388027310371398926e-01
-1.139002051786519587e-04
5.264974236488342285e-01
7.088453769683837891e-01
9.743010741658508778e-04
5.428909063339233398e-01
7.941658496856689453e-01
-2.782929223030805588e-03
5.982907414436340332e-01
7.797099351882934570e-01
-6.088626570999622345e-03
6.312756538391113281e-01
7.756640911102294922e-01
-8.821935392916202545e-03
6.553964614868164062e-01
7.766363620758056641e-01
-1.052818726748228073e-02
5.565354228019714355e-01
8.366873264312744141e-01
-6.187256425619125366e-03
6.156224012374877930e-01
8.163998723030090332e-01
-6.463912781327962875e-03
6.514956951141357422e-01
8.059885501861572266e-01
-8.654942736029624939e-03
6.781154870986938477e-01
8.019015789031982422e-01
-1.097399927675724030e-02
5.599471330642700195e-01
8.797763586044311523e-01
-1.013403851538896561e-02
6.159459352493286133e-01
8.582798838615417480e-01
-1.410750206559896469e-02
6.495844125747680664e-01
8.455418944358825684e-01
-1.972544938325881958e-02
6.738858222961425781e-01
8.374812006950378418e-01
-2.408141084015369415e-02
5.565321445465087891e-01
9.226644039154052734e-01
-1.392331533133983612e-02
5.993229150772094727e-01
9.228803515434265137e-01
-1.909539103507995605e-02
6.261967420578002930e-01
9.221963882446289062e-01
-2.219016663730144501e-02
6.483364701271057129e-01
9.221200942993164062e-01
-2.393071353435516357e-02
