4.366608560085296631e-01
9.098419547080993652e-01
2.708715669541561510e-07
4.428289532661437988e-01
8.273641467094421387e-01
1.296836708206683397e-04
4.754668176174163818e-01
7.728489637374877930e-01
2.301777945831418037e-03
5.101461410522460938e-01
7.418400645256042480e-01
4.796156659722328186e-03
5.278399586677551270e-01
7.126157879829406738e-01
7.165465969592332840e-03
5.428746342658996582e-01
7.993811368942260742e-01
-1.586312544532120228e-03
6.000645160675048828e-01
7.855585217475891113e-01
-3.249323694035410881e-03
6.331579685211181641e-01
7.816096544265747070e-01
-4.199093207716941833e-03
6.572306752204895020e-01
7.823866009712219238e-01
-4.505731631070375443e-03
5.558110475540161133e-01
8.430662751197814941e-01
-4.761056974530220032e-03
6.163911819458007812e-01
8.229361176490783691e-01
-3.980856854468584061e-03
6.527969837188720703e-01
8.128108382225036621e-01
-5.041568074375391006e-03
6.792739629745483398e-01
8.090823292732238770e-01
-6.405698601156473160e-03
5.587561726570129395e-01
8.862780928611755371e-01
-8.174593560397624969e-03
6.151329278945922852e-01
8.656957745552062988e-01
-1.153733208775520325e-02
6.493878364562988281e-01
8.534331917762756348e-01
-1.726541481912136078e-02
6.740606427192687988e-01
8.454266786575317383e-01
-2.154496498405933380e-02
5.555280447006225586e-01
9.279983043670654297e-01
-1.107862498611211777e-02
5.989128351211547852e-01
9.288214445114135742e-01
-1.590119302272796631e-02
6.254601478576660156e-01
9.294226169586181641e-01
-1.913347467780113220e-02
6.472377181053161621e-01
9.310073852539062500e-01
-2.088858187198638916e-02
