4.430823624134063721e-01
8.738038539886474609e-01
2.471985283136746148e-07
4.487761259078979492e-01
7.970072627067565918e-01
-1.489565038355067372e-04
4.817844033241271973e-01
7.451162338256835938e-01
1.983494497835636139e-03
5.135484337806701660e-01
7.160513997077941895e-01
4.016303457319736481e-03
5.289450883865356445e-01
6.894353032112121582e-01
6.121315062046051025e-03
5.502715706825256348e-01
7.636800408363342285e-01
1.674789702519774437e-03
6.007288694381713867e-01
7.498978972434997559e-01
4.274693856132216752e-05
6.310402750968933105e-01
7.459365129470825195e-01
-1.989515963941812515e-03
6.526895165443420410e-01
7.466913461685180664e-01
-3.535330761224031448e-03
5.636530518531799316e-01
8.045718073844909668e-01
-2.318071899935603142e-03
6.176038980484008789e-01
7.871301174163818359e-01
-1.729687792249023914e-03
6.507161855697631836e-01
7.785119414329528809e-01
-4.031767137348651886e-03
6.755307912826538086e-01
7.753089666366577148e-01
-6.594876758754253387e-03
5.670529007911682129e-01
8.464230298995971680e-01
-6.988835521042346954e-03
6.193128228187561035e-01
8.276131153106689453e-01
-1.162327453494071960e-02
6.508401632308959961e-01
8.159537315368652344e-01
-1.834575645625591278e-02
6.737193465232849121e-01
8.089047670364379883e-01
-2.330701053142547607e-02
5.635836720466613770e-01
8.877271413803100586e-01
-1.131718326359987259e-02
6.048159599304199219e-01
8.932886123657226562e-01
-1.758133806288242340e-02
6.313559412956237793e-01
8.968980908393859863e-01
-2.188479900360107422e-02
6.529916524887084961e-01
9.015563726425170898e-01
-2.444682084023952484e-02
