4.512001574039459229e-01
8.568280935287475586e-01
2.413454467387055047e-07
4.603995382785797119e-01
7.856742739677429199e-01
-1.268491323571652174e-04
4.953067600727081299e-01
7.365030050277709961e-01
1.463081338442862034e-03
5.261983871459960938e-01
7.086941003799438477e-01
2.615055534988641739e-03
5.379030704498291016e-01
6.816884875297546387e-01
3.924089018255472183e-03
5.580191612243652344e-01
7.553051114082336426e-01
2.265898743644356728e-03
6.066727042198181152e-01
7.422844171524047852e-01
-1.059037516824901104e-03
6.377642750740051270e-01
7.387306094169616699e-01
-4.300243221223354340e-03
6.610656976699829102e-01
7.395631670951843262e-01
-6.885902956128120422e-03
5.705433487892150879e-01
7.928984165191650391e-01
-2.899092854931950569e-03
6.230262517929077148e-01
7.756518721580505371e-01
-4.561154171824455261e-03
6.564059853553771973e-01
7.675584554672241211e-01
-7.843298837542533875e-03
6.829239130020141602e-01
7.642052173614501953e-01
-1.096802670508623123e-02
5.738726854324340820e-01
8.336441516876220703e-01
-8.923511020839214325e-03
6.253179907798767090e-01
8.154363632202148438e-01
-1.528973598033189774e-02
6.569457054138183594e-01
8.041462302207946777e-01
-2.181442826986312866e-02
6.813662052154541016e-01
7.969408035278320312e-01
-2.644961513578891754e-02
5.704768896102905273e-01
8.764888048171997070e-01
-1.477634441107511520e-02
6.125981807708740234e-01
8.820000886917114258e-01
-2.242142148315906525e-02
6.401638388633728027e-01
8.854148387908935547e-01
-2.683079428970813751e-02
6.636531352996826172e-01
8.891378641128540039e-01
-2.946360222995281219e-02
