4.660093486309051514e-01
8.578438758850097656e-01
2.620159591515403008e-07
4.720234870910644531e-01
7.832117676734924316e-01
-6.281203241087496281e-05
5.066239237785339355e-01
7.319309711456298828e-01
1.877899281680583954e-03
5.378584265708923340e-01
7.011213898658752441e-01
3.532947041094303131e-03
5.499123334884643555e-01
6.722750067710876465e-01
5.433465819805860519e-03
5.693423748016357422e-01
7.476831674575805664e-01
3.872035071253776550e-03
6.174010634422302246e-01
7.354295253753662109e-01
1.697683590464293957e-03
6.482771635055541992e-01
7.329197525978088379e-01
-1.231840811669826508e-03
6.710157394409179688e-01
7.344033718109130859e-01
-3.546609776094555855e-03
5.829163789749145508e-01
7.858182191848754883e-01
-4.551328675006516278e-05
6.337516903877258301e-01
7.689670920372009277e-01
2.548025804571807384e-04
6.664945483207702637e-01
7.605776190757751465e-01
-2.340808045119047165e-03
6.914737224578857422e-01
7.570637464523315430e-01
-5.288177635520696640e-03
5.875943899154663086e-01
8.263096213340759277e-01
-4.783409647643566132e-03
6.383196711540222168e-01
8.087859749794006348e-01
-8.480910211801528931e-03
6.693921685218811035e-01
7.967529892921447754e-01
-1.419539097696542740e-02
6.931109428405761719e-01
7.888091206550598145e-01
-1.878328621387481689e-02
5.856827497482299805e-01
8.679576516151428223e-01
-9.422023780643939972e-03
6.267363429069519043e-01
8.737915754318237305e-01
-1.469281874597072601e-02
6.546397209167480469e-01
8.759228587150573730e-01
-1.851716265082359314e-02
6.780385375022888184e-01
8.779631257057189941e-01
-2.103880047798156738e-02
