4.354745149612426758e-01
9.012979865074157715e-01
2.735206692250358174e-07
4.412829279899597168e-01
8.212183117866516113e-01
-3.184083383530378342e-03
4.750698804855346680e-01
7.673658728599548340e-01
-3.321265336126089096e-03
5.089956521987915039e-01
7.383581399917602539e-01
-3.285827348008751869e-03
5.265670418739318848e-01
7.099789977073669434e-01
-3.043560544028878212e-03
5.457295179367065430e-01
7.894620299339294434e-01
-1.359206042252480984e-03
5.979142189025878906e-01
7.766990065574645996e-01
-4.909015726298093796e-03
6.296138167381286621e-01
7.731974124908447266e-01
-8.777037262916564941e-03
6.529489755630493164e-01
7.745029330253601074e-01
-1.172056421637535095e-02
5.581532716751098633e-01
8.318621516227722168e-01
-5.124413408339023590e-03
6.136269569396972656e-01
8.143121004104614258e-01
-5.714462604373693466e-03
6.484812498092651367e-01
8.049864768981933594e-01
-9.458337910473346710e-03
6.755173802375793457e-01
8.014560937881469727e-01
-1.333354506641626358e-02
5.601683855056762695e-01
8.750735521316528320e-01
-9.791591204702854156e-03
6.150617599487304688e-01
8.578804135322570801e-01
-1.479184534400701523e-02
6.480437517166137695e-01
8.473407030105590820e-01
-2.157693542540073395e-02
6.724985837936401367e-01
8.408489227294921875e-01
-2.687842212617397308e-02
5.549229383468627930e-01
9.185385704040527344e-01
-1.450220961123704910e-02
5.961205363273620605e-01
9.238393306732177734e-01
-2.089669741690158844e-02
6.232020854949951172e-01
9.245566129684448242e-01
-2.491665817797183990e-02
6.456263065338134766e-01
9.255561828613281250e-01
-2.740851417183876038e-02
