4.670650362968444824e-01
8.537713289260864258e-01
2.549130044826597441e-07
4.719112515449523926e-01
7.805417180061340332e-01
-3.211870789527893066e-04
5.054369568824768066e-01
7.310073375701904297e-01
1.594555913470685482e-03
5.377401113510131836e-01
7.023698091506958008e-01
3.227101638913154602e-03
5.504050254821777344e-01
6.741870641708374023e-01
5.008865147829055786e-03
5.689280033111572266e-01
7.485433220863342285e-01
3.117033280432224274e-03
6.175159811973571777e-01
7.364104986190795898e-01
9.836773388087749481e-04
6.478646993637084961e-01
7.325495481491088867e-01
-1.650083693675696850e-03
6.704420447349548340e-01
7.333235740661621094e-01
-3.728063544258475304e-03
5.828292369842529297e-01
7.867597937583923340e-01
-9.633215959183871746e-04
6.342704296112060547e-01
7.690942883491516113e-01
-9.933715919032692909e-04
6.667011976242065430e-01
7.593151926994323730e-01
-3.662728238850831985e-03
6.922703981399536133e-01
7.545143961906433105e-01
-6.563214119523763657e-03
5.874751210212707520e-01
8.264654874801635742e-01
-5.803334992378950119e-03
6.376692652702331543e-01
8.081484436988830566e-01
-1.065723411738872528e-02
6.683670878410339355e-01
7.955272197723388672e-01
-1.675679348409175873e-02
6.918004751205444336e-01
7.870545983314514160e-01
-2.130194753408432007e-02
5.852589011192321777e-01
8.667204380035400391e-01
-1.048926264047622681e-02
6.265314817428588867e-01
8.729497194290161133e-01
-1.685324124991893768e-02
6.536061167716979980e-01
8.759397268295288086e-01
-2.079164981842041016e-02
6.763074398040771484e-01
8.791275620460510254e-01
-2.314245887100696564e-02
