4.876867532730102539e-01
8.329178094863891602e-01
2.752973671249492327e-07
4.914497733116149902e-01
7.636549472808837891e-01
-2.393712988123297691e-03
5.225883126258850098e-01
7.172093391418457031e-01
-2.432235050946474075e-03
5.515172481536865234e-01
6.891774535179138184e-01
-2.340094186365604401e-03
5.638009905815124512e-01
6.612245440483093262e-01
-2.060113940387964249e-03
5.801193714141845703e-01
7.322928309440612793e-01
-2.013024175539612770e-03
6.274218559265136719e-01
7.199689745903015137e-01
-5.928370170295238495e-03
6.578783988952636719e-01
7.166045904159545898e-01
-9.116422384977340698e-03
6.807854771614074707e-01
7.178092002868652344e-01
-1.154044270515441895e-02
5.945016145706176758e-01
7.690746188163757324e-01
-5.549351684749126434e-03
6.442724466323852539e-01
7.522138953208923340e-01
-7.255235221236944199e-03
6.764118671417236328e-01
7.441940307617187500e-01
-1.029955409467220306e-02
7.017259001731872559e-01
7.412467598915100098e-01
-1.351789291948080063e-02
6.004695892333984375e-01
8.079561591148376465e-01
-9.847640059888362885e-03
6.494397521018981934e-01
7.909099459648132324e-01
-1.581293158233165741e-02
6.790669560432434082e-01
7.786043286323547363e-01
-2.218370139598846436e-02
7.024258971214294434e-01
7.703874111175537109e-01
-2.694114856421947479e-02
5.999945998191833496e-01
8.477705717086791992e-01
-1.409579720348119736e-02
6.414585709571838379e-01
8.544861674308776855e-01
-2.175537869334220886e-02
6.692113876342773438e-01
8.578421473503112793e-01
-2.666907198727130890e-02
6.930789351463317871e-01
8.606188893318176270e-01
-2.973133511841297150e-02
