4.788211882114410400e-01
8.433719277381896973e-01
2.555976266194193158e-07
4.827077984809875488e-01
7.709969878196716309e-01
-8.275564759969711304e-04
5.155815482139587402e-01
7.229354977607727051e-01
8.909528260119259357e-04
5.466246604919433594e-01
6.946724057197570801e-01
2.568062162026762962e-03
5.580921769142150879e-01
6.674045920372009277e-01
4.370680544525384903e-03
5.766092538833618164e-01
7.403591275215148926e-01
1.489413320086896420e-03
6.231704950332641602e-01
7.279733419418334961e-01
-1.164003973826766014e-03
6.531090736389160156e-01
7.237651348114013672e-01
-3.911930602043867111e-03
6.754073500633239746e-01
7.246582508087158203e-01
-6.084531079977750778e-03
5.915830135345458984e-01
7.784414887428283691e-01
-2.287599490955471992e-03
6.415441036224365234e-01
7.602614760398864746e-01
-3.015001537278294563e-03
6.733520627021789551e-01
7.503367662429809570e-01
-5.571983754634857178e-03
6.982367634773254395e-01
7.458955049514770508e-01
-8.326206356287002563e-03
5.971514582633972168e-01
8.175067901611328125e-01
-6.814163643866777420e-03
6.466112136840820312e-01
7.991346120834350586e-01
-1.240581832826137543e-02
6.762616634368896484e-01
7.860047817230224609e-01
-1.853007636964321136e-02
6.989266276359558105e-01
7.775577902793884277e-01
-2.297983691096305847e-02
5.954394340515136719e-01
8.566089868545532227e-01
-1.117356214672327042e-02
6.363424062728881836e-01
8.649355769157409668e-01
-1.842622645199298859e-02
6.638516187667846680e-01
8.684240579605102539e-01
-2.312199585139751434e-02
6.871187090873718262e-01
8.718866705894470215e-01
-2.597529254853725433e-02
