4.899314045906066895e-01
8.327103257179260254e-01
2.618040184643177781e-07
4.919087588787078857e-01
7.621435523033142090e-01
-2.464847173541784286e-03
5.212594866752624512e-01
7.157949805259704590e-01
-2.263985108584165573e-03
5.493777990341186523e-01
6.887546777725219727e-01
-2.014941070228815079e-03
5.613566040992736816e-01
6.624077558517456055e-01
-1.663576811552047729e-03
5.830383300781250000e-01
7.322199940681457520e-01
-6.712285103276371956e-04
6.277016401290893555e-01
7.191671729087829590e-01
-4.417743068188428879e-03
6.568650603294372559e-01
7.149261236190795898e-01
-7.746224757283926010e-03
6.787369251251220703e-01
7.158623933792114258e-01
-1.027160603553056717e-02
5.973597764968872070e-01
7.691827416419982910e-01
-4.286427982151508331e-03
6.457996368408203125e-01
7.520201206207275391e-01
-6.441925652325153351e-03
6.771236062049865723e-01
7.426734566688537598e-01
-9.754242375493049622e-03
7.016872763633728027e-01
7.387468814849853516e-01
-1.296514924615621567e-02
6.025241613388061523e-01
8.077630996704101562e-01
-8.848112076520919800e-03
6.504789590835571289e-01
7.906414866447448730e-01
-1.586006395518779755e-02
6.795188784599304199e-01
7.772123813629150391e-01
-2.281013689935207367e-02
7.021096944808959961e-01
7.682115435600280762e-01
-2.766410633921623230e-02
6.007696390151977539e-01
8.474046587944030762e-01
-1.330313272774219513e-02
6.418969631195068359e-01
8.565023541450500488e-01
-2.156694233417510986e-02
6.693615913391113281e-01
8.600477576255798340e-01
-2.669526264071464539e-02
6.930805444717407227e-01
8.630875945091247559e-01
-2.983413264155387878e-02
