4.281513988971710205e-01
8.438932299613952637e-01
2.364157580814207904e-07
4.397379159927368164e-01
7.708508372306823730e-01
-4.163495395914651453e-05
4.789416491985321045e-01
7.220059037208557129e-01
1.056461245752871037e-03
5.135509967803955078e-01
6.946924924850463867e-01
1.813949085772037506e-03
5.274413228034973145e-01
6.650446057319641113e-01
2.774459775537252426e-03
5.440264344215393066e-01
7.401777505874633789e-01
2.106363186612725258e-03
5.944945216178894043e-01
7.302752137184143066e-01
-1.804181956686079502e-03
6.263953447341918945e-01
7.285951972007751465e-01
-5.784159526228904724e-03
6.501136422157287598e-01
7.309591770172119141e-01
-8.815697394311428070e-03
5.554242730140686035e-01
7.790185213088989258e-01
-2.962456783279776573e-03
6.098845601081848145e-01
7.646245956420898438e-01
-4.641963634639978409e-03
6.448078155517578125e-01
7.580156326293945312e-01
-7.972890511155128479e-03
6.724631786346435547e-01
7.554742097854614258e-01
-1.127130258828401566e-02
5.573683977127075195e-01
8.196456432342529297e-01
-8.849155157804489136e-03
6.113420128822326660e-01
8.041607737541198730e-01
-1.451519317924976349e-02
6.450896859169006348e-01
7.939200997352600098e-01
-2.064237371087074280e-02
6.709202527999877930e-01
7.868440151214599609e-01
-2.518793940544128418e-02
5.527147054672241211e-01
8.614736795425415039e-01
-1.464088913053274155e-02
5.964836478233337402e-01
8.673853874206542969e-01
-2.128004655241966248e-02
6.257827281951904297e-01
8.693182468414306641e-01
-2.534773200750350952e-02
6.504535675048828125e-01
8.702855110168457031e-01
-2.788031660020351410e-02
