4.282627999782562256e-01
8.431129455566406250e-01
2.349558059222545126e-07
4.407476186752319336e-01
7.681310772895812988e-01
-4.810102109331637621e-04
4.791201055049896240e-01
7.211441397666931152e-01
1.956132655323017389e-05
5.126032233238220215e-01
6.940897107124328613e-01
-2.542842412367463112e-04
5.291194319725036621e-01
6.643453240394592285e-01
-5.975068779662251472e-04
5.439344048500061035e-01
7.408588528633117676e-01
2.289162250235676765e-03
5.950117111206054688e-01
7.311803102493286133e-01
-3.220291808247566223e-03
6.268586516380310059e-01
7.299277186393737793e-01
-8.993789553642272949e-03
6.504471898078918457e-01
7.317805290222167969e-01
-1.316789444535970688e-02
5.554165840148925781e-01
7.806689143180847168e-01
-3.433695761486887932e-03
6.095816493034362793e-01
7.664771676063537598e-01
-6.652446463704109192e-03
6.446461081504821777e-01
7.590393424034118652e-01
-1.206699479371309280e-02
6.725302934646606445e-01
7.552688121795654297e-01
-1.666363328695297241e-02
5.568737387657165527e-01
8.216882348060607910e-01
-1.011393405497074127e-02
6.103061437606811523e-01
8.051706552505493164e-01
-1.752946339547634125e-02
6.435544490814208984e-01
7.942100167274475098e-01
-2.497942745685577393e-02
6.695824265480041504e-01
7.858219742774963379e-01
-3.014338016510009766e-02
5.509821772575378418e-01
8.634055256843566895e-01
-1.663843356072902679e-02
5.953232645988464355e-01
8.691843152046203613e-01
-2.471153624355792999e-02
6.239989995956420898e-01
8.705348372459411621e-01
-2.904004417359828949e-02
6.482222676277160645e-01
8.707253336906433105e-01
-3.149893134832382202e-02
