4.150003492832183838e-01
8.389167189598083496e-01
2.403889993729535490e-07
4.279642105102539062e-01
7.650890350341796875e-01
1.454261131584644318e-03
4.680853486061096191e-01
7.160629034042358398e-01
3.636497538536787033e-03
5.037286877632141113e-01
6.892583370208740234e-01
5.376802757382392883e-03
5.192632079124450684e-01
6.593835949897766113e-01
7.326330989599227905e-03
5.352112650871276855e-01
7.369497418403625488e-01
4.438499454408884048e-03
5.864212512969970703e-01
7.270234823226928711e-01
2.280683256685733795e-03
6.179790496826171875e-01
7.259783744812011719e-01
-6.241019582375884056e-04
6.418576836585998535e-01
7.287231087684631348e-01
-2.960450015962123871e-03
5.456895828247070312e-01
7.758513689041137695e-01
-7.692205253988504410e-04
6.011644601821899414e-01
7.619282007217407227e-01
-4.675822856370359659e-04
6.361141204833984375e-01
7.554293870925903320e-01
-2.639769576489925385e-03
6.634073853492736816e-01
7.532465457916259766e-01
-5.250847432762384415e-03
5.459473729133605957e-01
8.162555694580078125e-01
-6.716244854032993317e-03
6.006866693496704102e-01
8.019824624061584473e-01
-1.056332141160964966e-02
6.349085569381713867e-01
7.922258377075195312e-01
-1.607829704880714417e-02
6.607871651649475098e-01
7.853605747222900391e-01
-2.040534839034080505e-02
5.395406484603881836e-01
8.581491708755493164e-01
-1.246715523302555084e-02
5.848951339721679688e-01
8.642777800559997559e-01
-1.760776154696941376e-02
6.145878434181213379e-01
8.662665486335754395e-01
-2.100024931132793427e-02
6.393371224403381348e-01
8.672911524772644043e-01
-2.318035997450351715e-02
