4.692651033401489258e-01
8.444847464561462402e-01
2.731999018124042777e-07
4.759300947189331055e-01
7.744697332382202148e-01
-1.673422753810882568e-03
5.110527276992797852e-01
7.264236211776733398e-01
-1.473426236771047115e-03
5.427063107490539551e-01
6.973093152046203613e-01
-1.363139948807656765e-03
5.554546713829040527e-01
6.682838797569274902e-01
-1.064204610884189606e-03
5.691526532173156738e-01
7.415091991424560547e-01
-1.021333970129489899e-03
6.183683872222900391e-01
7.276108264923095703e-01
-5.887502804398536682e-03
6.507058143615722656e-01
7.238104343414306641e-01
-1.000823918730020523e-02
6.747210025787353516e-01
7.248438596725463867e-01
-1.269659679383039474e-02
5.824879407882690430e-01
7.790001630783081055e-01
-5.170303862541913986e-03
6.349149346351623535e-01
7.619801759719848633e-01
-7.293337024748325348e-03
6.690443754196166992e-01
7.535238862037658691e-01
-1.080308575183153152e-02
6.958156824111938477e-01
7.500327229499816895e-01
-1.402703206986188889e-02
5.873181819915771484e-01
8.181430101394653320e-01
-1.001292467117309570e-02
6.383284330368041992e-01
8.005747199058532715e-01
-1.562141627073287964e-02
6.696379184722900391e-01
7.886376976966857910e-01
-2.148582227528095245e-02
6.937408447265625000e-01
7.811209559440612793e-01
-2.573424018919467926e-02
5.854257345199584961e-01
8.570611476898193359e-01
-1.485713478177785873e-02
6.275078058242797852e-01
8.612677454948425293e-01
-2.126001007854938507e-02
6.555928587913513184e-01
8.630309104919433594e-01
-2.489574626088142395e-02
6.794049143791198730e-01
8.652533888816833496e-01
-2.697231806814670563e-02
