3.615126013755798340e-01
8.313465714454650879e-01
1.985104063351172954e-07
3.786911964416503906e-01
7.567648291587829590e-01
3.801640123128890991e-03
4.209596812725067139e-01
7.072833180427551270e-01
6.669968366622924805e-03
4.563798308372497559e-01
6.787000298500061035e-01
8.352596312761306763e-03
4.756989479064941406e-01
6.490280628204345703e-01
9.996406733989715576e-03
4.842118620872497559e-01
7.316554188728332520e-01
6.148108281195163727e-03
5.402723550796508789e-01
7.210595011711120605e-01
3.306918544694781303e-03
5.736985206604003906e-01
7.198481559753417969e-01
-1.909674028865993023e-04
5.980908274650573730e-01
7.219033241271972656e-01
-2.583549823611974716e-03
4.952795803546905518e-01
7.724777460098266602e-01
-5.412151222117245197e-04
5.553936362266540527e-01
7.571850419044494629e-01
2.413801485090516508e-05
5.922948718070983887e-01
7.496137022972106934e-01
-2.838649088516831398e-03
6.201390027999877930e-01
7.461218237876892090e-01
-5.873424001038074493e-03
4.958435595035552979e-01
8.136171102523803711e-01
-7.706373929977416992e-03
5.543339848518371582e-01
7.982659935951232910e-01
-1.022591441869735718e-02
5.893010497093200684e-01
7.894926667213439941e-01
-1.499311905354261398e-02
6.149725317955017090e-01
7.826775312423706055e-01
-1.917742379009723663e-02
4.890863299369812012e-01
8.547635078430175781e-01
-1.455207075923681259e-02
5.336470603942871094e-01
8.585416078567504883e-01
-1.830953173339366913e-02
5.612775683403015137e-01
8.589915633201599121e-01
-2.013936080038547516e-02
5.831270813941955566e-01
8.584042191505432129e-01
-2.128637209534645081e-02
