3.609360158443450928e-01
8.369079828262329102e-01
2.347771044242108474e-07
3.767196536064147949e-01
7.596449255943298340e-01
2.317033708095550537e-03
4.166671633720397949e-01
7.114294767379760742e-01
2.960706828162074089e-03
4.558542370796203613e-01
6.843245625495910645e-01
3.050447441637516022e-03
4.756407439708709717e-01
6.532031893730163574e-01
2.948757959529757500e-03
4.793697893619537354e-01
7.355642318725585938e-01
-7.704806630499660969e-04
5.388364195823669434e-01
7.267338633537292480e-01
-4.738394170999526978e-03
5.730166435241699219e-01
7.255555391311645508e-01
-7.740217261016368866e-03
5.979364514350891113e-01
7.276439070701599121e-01
-9.409862570464611053e-03
4.904448986053466797e-01
7.780744433403015137e-01
-6.371124181896448135e-03
5.542182326316833496e-01
7.646027207374572754e-01
-6.925800349563360214e-03
5.921126008033752441e-01
7.573668360710144043e-01
-8.855964057147502899e-03
6.193420290946960449e-01
7.541416883468627930e-01
-1.111876778304576874e-02
4.912942051887512207e-01
8.196754455566406250e-01
-1.209641806781291962e-02
5.512422323226928711e-01
8.045013546943664551e-01
-1.508338190615177155e-02
5.877057313919067383e-01
7.949315905570983887e-01
-1.944159530103206635e-02
6.132267117500305176e-01
7.878454923629760742e-01
-2.331589162349700928e-02
4.854086339473724365e-01
8.597617149353027344e-01
-1.745006255805492401e-02
5.319023132324218750e-01
8.616050481796264648e-01
-2.115863002836704254e-02
5.606728196144104004e-01
8.614937663078308105e-01
-2.299641259014606476e-02
5.835368633270263672e-01
8.606230020523071289e-01
-2.415646798908710480e-02
