3.855014741420745850e-01
8.203409910202026367e-01
2.340016465041117044e-07
3.989894092082977295e-01
7.461238503456115723e-01
1.138878753408789635e-03
4.378510713577270508e-01
6.996360421180725098e-01
1.891143969260156155e-03
4.732140302658081055e-01
6.713798642158508301e-01
2.061206847429275513e-03
4.901596307754516602e-01
6.396624445915222168e-01
1.918458146974444389e-03
4.981403350830078125e-01
7.211619019508361816e-01
-1.419685198925435543e-03
5.556795001029968262e-01
7.094762325286865234e-01
-6.888274103403091431e-03
5.899106264114379883e-01
7.073318362236022949e-01
-1.113512087613344193e-02
6.151969432830810547e-01
7.085801362991333008e-01
-1.391951553523540497e-02
5.114549398422241211e-01
7.604396939277648926e-01
-6.996294483542442322e-03
5.720005631446838379e-01
7.431957721710205078e-01
-9.620497934520244598e-03
6.087844967842102051e-01
7.353726029396057129e-01
-1.327801216393709183e-02
6.367236375808715820e-01
7.311372160911560059e-01
-1.674486696720123291e-02
5.146386623382568359e-01
8.007851839065551758e-01
-1.295670680701732635e-02
5.739114284515380859e-01
7.831706404685974121e-01
-1.887159235775470734e-02
6.087051630020141602e-01
7.727528810501098633e-01
-2.524756826460361481e-02
6.343811750411987305e-01
7.641764879226684570e-01
-3.015122935175895691e-02
5.100084543228149414e-01
8.410340547561645508e-01
-1.857683993875980377e-02
5.560759902000427246e-01
8.467180132865905762e-01
-2.578379586338996887e-02
5.853870511054992676e-01
8.479241728782653809e-01
-3.016309440135955811e-02
6.095620393753051758e-01
8.469816446304321289e-01
-3.288346529006958008e-02
