3.612645566463470459e-01
8.304248452186584473e-01
2.082158516714116558e-07
3.797169029712677002e-01
7.564105987548828125e-01
4.661878105252981186e-03
4.228006899356842041e-01
7.076436281204223633e-01
7.955513894557952881e-03
4.592016935348510742e-01
6.802409887313842773e-01
9.953021071851253510e-03
4.772857129573822021e-01
6.514000892639160156e-01
1.207409147173166275e-02
4.848183691501617432e-01
7.298490405082702637e-01
6.765317171812057495e-03
5.411697030067443848e-01
7.196725010871887207e-01
4.064233973622322083e-03
5.747730731964111328e-01
7.196808457374572754e-01
1.012748805806040764e-03
5.987473130226135254e-01
7.238028645515441895e-01
-1.018565963022410870e-03
4.955941438674926758e-01
7.702803015708923340e-01
-1.996377432078588754e-05
5.551871657371520996e-01
7.556512951850891113e-01
5.426981369964778423e-04
5.919140577316284180e-01
7.493047714233398438e-01
-1.798052340745925903e-03
6.196470260620117188e-01
7.470222115516662598e-01
-4.465973470360040665e-03
4.967992007732391357e-01
8.120039105415344238e-01
-7.270629983395338058e-03
5.544762611389160156e-01
7.969564199447631836e-01
-9.593113325536251068e-03
5.898894667625427246e-01
7.882060408592224121e-01
-1.415852829813957214e-02
6.160012483596801758e-01
7.815269231796264648e-01
-1.820669509470462799e-02
4.910884201526641846e-01
8.539324998855590820e-01
-1.419873256236314774e-02
5.360754132270812988e-01
8.574914336204528809e-01
-1.755042374134063721e-02
5.648336410522460938e-01
8.577660322189331055e-01
-1.954427175223827362e-02
5.876893401145935059e-01
8.569031953811645508e-01
-2.087808959186077118e-02
