3.625199198722839355e-01
8.368516564369201660e-01
2.519054476124438224e-07
3.783180415630340576e-01
7.624942660331726074e-01
2.246723975986242294e-03
4.180636703968048096e-01
7.144775390625000000e-01
2.527982462197542191e-03
4.567034542560577393e-01
6.868697404861450195e-01
2.197357360273599625e-03
4.784194231033325195e-01
6.569495201110839844e-01
1.856216695159673691e-03
4.798713922500610352e-01
7.361339926719665527e-01
-2.561321714892983437e-03
5.406118035316467285e-01
7.277419567108154297e-01
-7.817831821739673615e-03
5.757457017898559570e-01
7.275214791297912598e-01
-1.094281952828168869e-02
6.009311079978942871e-01
7.308147549629211426e-01
-1.232343353331089020e-02
4.912325143814086914e-01
7.764975428581237793e-01
-8.375433273613452911e-03
5.557261705398559570e-01
7.640498280525207520e-01
-9.958690032362937927e-03
5.939966440200805664e-01
7.585075497627258301e-01
-1.159757748246192932e-02
6.214998364448547363e-01
7.570526003837585449e-01
-1.332561951130628586e-02
4.931431114673614502e-01
8.177645206451416016e-01
-1.433263812214136124e-02
5.536662936210632324e-01
8.037305474281311035e-01
-1.763842999935150146e-02
5.903126001358032227e-01
7.958253026008605957e-01
-2.134066261351108551e-02
6.162770390510559082e-01
7.902962565422058105e-01
-2.452486753463745117e-02
4.883162975311279297e-01
8.586212396621704102e-01
-2.000226266682147980e-02
5.356912612915039062e-01
8.610208034515380859e-01
-2.359758317470550537e-02
5.652729272842407227e-01
8.612672686576843262e-01
-2.511243708431720734e-02
5.887905359268188477e-01
8.607314229011535645e-01
-2.584133855998516083e-02
