3.616246581077575684e-01
8.338661193847656250e-01
2.539392767175741028e-07
3.780617117881774902e-01
7.585459947586059570e-01
2.607228932902216911e-03
4.168781936168670654e-01
7.117341756820678711e-01
3.021205309778451920e-03
4.547588825225830078e-01
6.848297715187072754e-01
2.675981028005480766e-03
4.755079150199890137e-01
6.551826000213623047e-01
2.151336288079619408e-03
4.786504805088043213e-01
7.352968454360961914e-01
-7.643888820894062519e-04
5.382180809974670410e-01
7.265301346778869629e-01
-5.396655760705471039e-03
5.724931955337524414e-01
7.260043025016784668e-01
-8.651747368276119232e-03
5.975642204284667969e-01
7.290529012680053711e-01
-1.028904970735311508e-02
4.896351695060729980e-01
7.767621874809265137e-01
-6.602863781154155731e-03
5.532783269882202148e-01
7.635036110877990723e-01
-7.735746912658214569e-03
5.913135409355163574e-01
7.568873167037963867e-01
-9.906521067023277283e-03
6.188212633132934570e-01
7.544988989830017090e-01
-1.216874178498983383e-02
4.908232390880584717e-01
8.181493878364562988e-01
-1.257762778550386429e-02
5.502536296844482422e-01
8.030912280082702637e-01
-1.573219709098339081e-02
5.867677330970764160e-01
7.940470576286315918e-01
-2.002214081585407257e-02
6.125971078872680664e-01
7.877120971679687500e-01
-2.369203604757785797e-02
4.854007065296173096e-01
8.584829568862915039e-01
-1.818210259079933167e-02
5.320903658866882324e-01
8.606987595558166504e-01
-2.157004736363887787e-02
5.614351034164428711e-01
8.606671094894409180e-01
-2.311603724956512451e-02
5.850717425346374512e-01
8.599606156349182129e-01
-2.399134263396263123e-02
