4.236599802970886230e-01
8.577138185501098633e-01
1.855738958056463161e-07
4.241049289703369141e-01
7.812646627426147461e-01
5.090168211609125137e-03
4.521169364452362061e-01
7.269116640090942383e-01
9.744418784976005554e-03
4.841577410697937012e-01
6.957160830497741699e-01
1.352212578058242798e-02
4.997426569461822510e-01
6.674711704254150391e-01
1.731928810477256775e-02
5.147063136100769043e-01
7.380172610282897949e-01
7.135015446692705154e-03
5.653771162033081055e-01
7.128964662551879883e-01
6.656608544290065765e-03
5.954089760780334473e-01
7.029744386672973633e-01
5.960026755928993225e-03
6.179280281066894531e-01
6.991319656372070312e-01
5.847386550158262253e-03
5.327323675155639648e-01
7.744718790054321289e-01
2.525191288441419601e-03
5.855520963668823242e-01
7.448598742485046387e-01
4.582819528877735138e-03
6.183560490608215332e-01
7.292233109474182129e-01
4.385164938867092133e-03
6.429219245910644531e-01
7.215484380722045898e-01
3.780598053708672523e-03
5.415692329406738281e-01
8.138481378555297852e-01
-2.280049957334995270e-03
5.907089114189147949e-01
7.829215526580810547e-01
-2.953611314296722412e-03
6.210066080093383789e-01
7.653220295906066895e-01
-6.158601958304643631e-03
6.430726051330566406e-01
7.532438635826110840e-01
-8.673890493810176849e-03
5.436843633651733398e-01
8.546750545501708984e-01
-6.556009408086538315e-03
5.849066972732543945e-01
8.433089852333068848e-01
-7.913444191217422485e-03
6.100520491600036621e-01
8.339070677757263184e-01
-8.882235735654830933e-03
6.304163932800292969e-01
8.260462880134582520e-01
-9.140633046627044678e-03
