3.654131293296813965e-01
8.324664831161499023e-01
2.802734400120243663e-07
3.820889592170715332e-01
7.578781247138977051e-01
6.142555503174662590e-04
4.210207164287567139e-01
7.118555903434753418e-01
-5.435675120679661632e-05
4.589486122131347656e-01
6.853571534156799316e-01
-1.400412642396986485e-03
4.807178676128387451e-01
6.554970145225524902e-01
-2.841391833499073982e-03
4.807772636413574219e-01
7.354066371917724609e-01
-2.262593945488333702e-03
5.403732657432556152e-01
7.278833985328674316e-01
-8.646260946989059448e-03
5.753323435783386230e-01
7.277081012725830078e-01
-1.314774155616760254e-02
6.012982726097106934e-01
7.309814691543579102e-01
-1.552252843976020813e-02
4.917505085468292236e-01
7.752107977867126465e-01
-8.013961836695671082e-03
5.559966564178466797e-01
7.640587687492370605e-01
-1.091004814952611923e-02
5.946133136749267578e-01
7.583534121513366699e-01
-1.399458479136228561e-02
6.228852868080139160e-01
7.564869523048400879e-01
-1.661554351449012756e-02
4.931535720825195312e-01
8.157718777656555176e-01
-1.418563909828662872e-02
5.533155202865600586e-01
8.033004403114318848e-01
-1.853056065738201141e-02
5.902889966964721680e-01
7.957042455673217773e-01
-2.279432676732540131e-02
6.173276901245117188e-01
7.901042103767395020e-01
-2.615158818662166595e-02
4.876770675182342529e-01
8.563455343246459961e-01
-2.026969939470291138e-02
5.354666709899902344e-01
8.589548468589782715e-01
-2.428130805492401123e-02
5.651974678039550781e-01
8.589979410171508789e-01
-2.559045143425464630e-02
5.892406702041625977e-01
8.582208156585693359e-01
-2.610508352518081665e-02
