3.637559413909912109e-01
8.391084671020507812e-01
2.526485047837923048e-07
3.789637088775634766e-01
7.630181312561035156e-01
3.172137076035141945e-03
4.183647632598876953e-01
7.139481902122497559e-01
5.095321685075759888e-03
4.565772414207458496e-01
6.863710880279541016e-01
6.404499989002943039e-03
4.771708250045776367e-01
6.567569971084594727e-01
7.705858908593654633e-03
4.795586466789245605e-01
7.371256947517395020e-01
1.008896855637431145e-03
5.396398305892944336e-01
7.280366420745849609e-01
-1.949899131432175636e-03
5.742334127426147461e-01
7.271910309791564941e-01
-3.892698558047413826e-03
5.993669629096984863e-01
7.296974658966064453e-01
-4.633144009858369827e-03
4.919755160808563232e-01
7.786456942558288574e-01
-4.255191888660192490e-03
5.565816164016723633e-01
7.651084065437316895e-01
-3.872368717566132545e-03
5.945578217506408691e-01
7.585723996162414551e-01
-4.820535425096750259e-03
6.212606430053710938e-01
7.560016512870788574e-01
-6.095899268984794617e-03
4.943587779998779297e-01
8.202247023582458496e-01
-9.613145142793655396e-03
5.541582107543945312e-01
8.044334053993225098e-01
-1.139799319207668304e-02
5.903952121734619141e-01
7.956059575080871582e-01
-1.489116530865430832e-02
6.155850291252136230e-01
7.891537547111511230e-01
-1.799858547747135162e-02
4.897507429122924805e-01
8.604260087013244629e-01
-1.459160540252923965e-02
5.364419817924499512e-01
8.617336750030517578e-01
-1.712486147880554199e-02
5.657660961151123047e-01
8.613827824592590332e-01
-1.836716197431087494e-02
5.887123942375183105e-01
8.604028224945068359e-01
-1.897852495312690735e-02
