3.621698915958404541e-01
8.361722826957702637e-01
2.516860320156411035e-07
3.785673975944519043e-01
7.618535161018371582e-01
2.271405654028058052e-03
4.182904958724975586e-01
7.142344117164611816e-01
2.516769105568528175e-03
4.569557011127471924e-01
6.866864562034606934e-01
2.113220281898975372e-03
4.785533845424652100e-01
6.566042900085449219e-01
1.662650378420948982e-03
4.799161255359649658e-01
7.359490990638732910e-01
-2.332584699615836143e-03
5.406209826469421387e-01
7.276232838630676270e-01
-7.711157668381929398e-03
5.757558345794677734e-01
7.272984981536865234e-01
-1.100446376949548721e-02
6.009573340415954590e-01
7.305898666381835938e-01
-1.252737641334533691e-02
4.913840591907501221e-01
7.763482928276062012e-01
-8.270928636193275452e-03
5.559986829757690430e-01
7.640002369880676270e-01
-9.971027262508869171e-03
5.943055748939514160e-01
7.581590414047241211e-01
-1.181081403046846390e-02
6.218616366386413574e-01
7.563815712928771973e-01
-1.369716320186853409e-02
4.932188093662261963e-01
8.176484107971191406e-01
-1.436986401677131653e-02
5.540258884429931641e-01
8.038246631622314453e-01
-1.780720613896846771e-02
5.907338261604309082e-01
7.958326935768127441e-01
-2.160518057644367218e-02
6.167302131652832031e-01
7.901160120964050293e-01
-2.486527897417545319e-02
4.880678951740264893e-01
8.586356639862060547e-01
-2.017983049154281616e-02
5.355985164642333984e-01
8.612506389617919922e-01
-2.388836257159709930e-02
5.650745630264282227e-01
8.615115284919738770e-01
-2.538584917783737183e-02
5.884120464324951172e-01
8.609204888343811035e-01
-2.610485255718231201e-02
