3.642176091670989990e-01
8.361134529113769531e-01
2.735842485890316311e-07
3.802565634250640869e-01
7.601692080497741699e-01
1.894320826977491379e-03
4.189780652523040771e-01
7.133883833885192871e-01
1.869893283583223820e-03
4.584889411926269531e-01
6.866075396537780762e-01
1.239284873008728027e-03
4.801928102970123291e-01
6.557595729827880859e-01
4.844016220886260271e-04
4.794225096702575684e-01
7.355152964591979980e-01
-2.121769823133945465e-03
5.402584671974182129e-01
7.273734211921691895e-01
-7.433146703988313675e-03
5.752495527267456055e-01
7.272388339042663574e-01
-1.078876573592424393e-02
6.011149287223815918e-01
7.306048274040222168e-01
-1.234540529549121857e-02
4.910243749618530273e-01
7.765467762947082520e-01
-7.801225408911705017e-03
5.566990971565246582e-01
7.645956277847290039e-01
-9.772482328116893768e-03
5.953361988067626953e-01
7.587298750877380371e-01
-1.196903642266988754e-02
6.232665181159973145e-01
7.567391395568847656e-01
-1.396678574383258820e-02
4.930075705051422119e-01
8.177968263626098633e-01
-1.362888701260089874e-02
5.539827346801757812e-01
8.041955828666687012e-01
-1.713859289884567261e-02
5.913153290748596191e-01
7.957227826118469238e-01
-2.114108763635158539e-02
6.180816888809204102e-01
7.894654273986816406e-01
-2.443353459239006042e-02
4.881539344787597656e-01
8.581583499908447266e-01
-1.916413754224777222e-02
5.358177423477172852e-01
8.603636026382446289e-01
-2.236143872141838074e-02
5.652502179145812988e-01
8.601621389389038086e-01
-2.353058569133281708e-02
5.887721180915832520e-01
8.591019511222839355e-01
-2.405026368796825409e-02
