3.626714348793029785e-01
8.386027812957763672e-01
2.506667726720479550e-07
3.776337206363677979e-01
7.621943354606628418e-01
3.627841826528310776e-03
4.167310595512390137e-01
7.140322327613830566e-01
5.422408226877450943e-03
4.554574787616729736e-01
6.867275238037109375e-01
6.283706519752740860e-03
4.769197106361389160e-01
6.566446423530578613e-01
7.076829671859741211e-03
4.802519083023071289e-01
7.370528578758239746e-01
3.314521396532654762e-03
5.400674343109130859e-01
7.273601889610290527e-01
4.928069538436830044e-04
5.744645595550537109e-01
7.265245914459228516e-01
-1.940713729709386826e-03
5.997051596641540527e-01
7.291077971458435059e-01
-3.129781223833560944e-03
4.930666089057922363e-01
7.777600884437561035e-01
-2.482818206772208214e-03
5.568567514419555664e-01
7.642007470130920410e-01
-1.488256268203258514e-03
5.946753621101379395e-01
7.575107812881469727e-01
-2.848556498065590858e-03
6.214870214462280273e-01
7.554879188537597656e-01
-4.592722747474908829e-03
4.951776564121246338e-01
8.191559314727783203e-01
-8.514222688972949982e-03
5.551309585571289062e-01
8.035106062889099121e-01
-9.700542315840721130e-03
5.913884043693542480e-01
7.948853373527526855e-01
-1.330728456377983093e-02
6.167331933975219727e-01
7.889655232429504395e-01
-1.674640178680419922e-02
4.898092746734619141e-01
8.599619269371032715e-01
-1.421507541090250015e-02
5.366541743278503418e-01
8.617168664932250977e-01
-1.605349220335483551e-02
5.657296180725097656e-01
8.615562319755554199e-01
-1.689860969781875610e-02
5.886964797973632812e-01
8.607284426689147949e-01
-1.738451234996318817e-02
