4.226428866386413574e-01
8.592038154602050781e-01
2.041236939476220869e-07
4.238480925559997559e-01
7.829366922378540039e-01
2.332976786419749260e-03
4.523569941520690918e-01
7.275609374046325684e-01
4.916043952107429504e-03
4.837893843650817871e-01
6.960818767547607422e-01
7.200264371931552887e-03
4.994454681873321533e-01
6.681461930274963379e-01
9.728706441819667816e-03
5.156725645065307617e-01
7.380291819572448730e-01
2.291434910148382187e-03
5.656056404113769531e-01
7.125952243804931641e-01
2.962118596769869328e-04
5.956904888153076172e-01
7.021040320396423340e-01
-1.373156323097646236e-03
6.178872585296630859e-01
6.980786323547363281e-01
-2.236706903204321861e-03
5.325187444686889648e-01
7.747204899787902832e-01
-1.924089505337178707e-03
5.847635269165039062e-01
7.440146803855895996e-01
-1.555772381834685802e-03
6.175679564476013184e-01
7.273523211479187012e-01
-2.535255625844001770e-03
6.423260569572448730e-01
7.186383008956909180e-01
-3.742843633517622948e-03
5.403228402137756348e-01
8.137573003768920898e-01
-6.422698963433504105e-03
5.901019573211669922e-01
7.821244001388549805e-01
-8.857582695782184601e-03
6.203394532203674316e-01
7.638417482376098633e-01
-1.252076402306556702e-02
6.422262787818908691e-01
7.514945864677429199e-01
-1.521474588662385941e-02
5.417960882186889648e-01
8.541547656059265137e-01
-1.057869009673595428e-02
5.835822820663452148e-01
8.434082269668579102e-01
-1.367058232426643372e-02
6.094179749488830566e-01
8.337850570678710938e-01
-1.534239295870065689e-02
6.303344964981079102e-01
8.259512186050415039e-01
-1.599090173840522766e-02
