3.651595413684844971e-01
8.222635984420776367e-01
2.619860310915100854e-07
3.840622007846832275e-01
7.501918673515319824e-01
2.994213951751589775e-03
4.247705638408660889e-01
7.068659067153930664e-01
3.584225196391344070e-03
4.625825285911560059e-01
6.830444335937500000e-01
3.154382575303316116e-03
4.841160774230957031e-01
6.544306278228759766e-01
2.352928742766380310e-03
4.819046556949615479e-01
7.292333245277404785e-01
-7.390116224996745586e-04
5.421898365020751953e-01
7.237087488174438477e-01
-6.558348424732685089e-03
5.769678950309753418e-01
7.249585390090942383e-01
-1.063180342316627502e-02
6.022367477416992188e-01
7.292065620422363281e-01
-1.279088016599416733e-02
4.920520484447479248e-01
7.680511474609375000e-01
-7.432991173118352890e-03
5.565587282180786133e-01
7.598851919174194336e-01
-9.628609754145145416e-03
5.949124097824096680e-01
7.557356953620910645e-01
-1.284720469266176224e-02
6.231981515884399414e-01
7.547374367713928223e-01
-1.582697033882141113e-02
4.928660690784454346e-01
8.080633878707885742e-01
-1.431760750710964203e-02
5.536769628524780273e-01
7.993384003639221191e-01
-1.826706342399120331e-02
5.903776884078979492e-01
7.935078144073486328e-01
-2.328357473015785217e-02
6.172083616256713867e-01
7.887831926345825195e-01
-2.743849530816078186e-02
4.870176315307617188e-01
8.481141328811645508e-01
-2.084976993501186371e-02
5.347880721092224121e-01
8.534439206123352051e-01
-2.503708004951477051e-02
5.639218091964721680e-01
8.545753955841064453e-01
-2.705242298543453217e-02
5.875981450080871582e-01
8.538481593132019043e-01
-2.823778428137302399e-02
