3.637192547321319580e-01
8.218712806701660156e-01
2.535672365411301143e-07
3.836331963539123535e-01
7.514067888259887695e-01
3.324750112369656563e-03
4.252014756202697754e-01
7.082573175430297852e-01
3.877858631312847137e-03
4.626973271369934082e-01
6.836994886398315430e-01
3.249471541494131088e-03
4.842548966407775879e-01
6.548393368721008301e-01
2.493942389264702797e-03
4.824797511100769043e-01
7.294096946716308594e-01
1.340034650638699532e-04
5.422789454460144043e-01
7.235690951347351074e-01
-5.641991738229990005e-03
5.770335793495178223e-01
7.249186635017395020e-01
-9.789250791072845459e-03
6.021721363067626953e-01
7.294250130653381348e-01
-1.203063037246465683e-02
4.923906326293945312e-01
7.677816152572631836e-01
-6.951893679797649384e-03
5.558695793151855469e-01
7.586982846260070801e-01
-9.395695291459560394e-03
5.943023562431335449e-01
7.545124292373657227e-01
-1.269995421171188354e-02
6.227802634239196777e-01
7.534911036491394043e-01
-1.560705713927745819e-02
4.932704567909240723e-01
8.079819083213806152e-01
-1.422757655382156372e-02
5.531385540962219238e-01
7.983479499816894531e-01
-1.803525350987911224e-02
5.899541974067687988e-01
7.925157546997070312e-01
-2.258425019681453705e-02
6.171150207519531250e-01
7.877576947212219238e-01
-2.633437886834144592e-02
4.873830378055572510e-01
8.486199975013732910e-01
-2.120853401720523834e-02
5.348922014236450195e-01
8.528822660446166992e-01
-2.479581721127033234e-02
5.642070770263671875e-01
8.538432121276855469e-01
-2.611350826919078827e-02
5.876575112342834473e-01
8.532988429069519043e-01
-2.675240486860275269e-02
