3.589384853839874268e-01
8.137464523315429688e-01
2.544347239563649055e-07
3.790224492549896240e-01
7.452648878097534180e-01
4.820106551051139832e-03
4.207749962806701660e-01
7.049699425697326660e-01
5.885915830731391907e-03
4.586116373538970947e-01
6.810475587844848633e-01
5.570156965404748917e-03
4.803986251354217529e-01
6.512666940689086914e-01
4.612437915056943893e-03
4.732272624969482422e-01
7.228828072547912598e-01
-7.298661512322723866e-04
5.347074866294860840e-01
7.173058390617370605e-01
-6.953658536076545715e-03
5.703657269477844238e-01
7.187303304672241211e-01
-1.093959901481866837e-02
5.967399477958679199e-01
7.227412462234497070e-01
-1.295949332416057587e-02
4.828145205974578857e-01
7.610155344009399414e-01
-8.408225141465663910e-03
5.477716922760009766e-01
7.526268959045410156e-01
-1.122204400599002838e-02
5.866752266883850098e-01
7.483119964599609375e-01
-1.470979582518339157e-02
6.159430742263793945e-01
7.465299963951110840e-01
-1.780237630009651184e-02
4.834532439708709717e-01
8.013255596160888672e-01
-1.597997359931468964e-02
5.438474416732788086e-01
7.916942238807678223e-01
-2.012988552451133728e-02
5.808430910110473633e-01
7.859542965888977051e-01
-2.503174170851707458e-02
6.086030006408691406e-01
7.807558774948120117e-01
-2.910722792148590088e-02
4.776470661163330078e-01
8.413978219032287598e-01
-2.300630323588848114e-02
5.254118442535400391e-01
8.448361158370971680e-01
-2.721029147505760193e-02
5.543759465217590332e-01
8.460036516189575195e-01
-2.896527759730815887e-02
5.783043503761291504e-01
8.452839255332946777e-01
-3.000580891966819763e-02
