3.694646358489990234e-01
8.261122107505798340e-01
2.727690286974393530e-07
3.864859938621520996e-01
7.546494603157043457e-01
3.632311243563890457e-03
4.260635375976562500e-01
7.115027308464050293e-01
4.589988850057125092e-03
4.633688926696777344e-01
6.869315505027770996e-01
4.809329286217689514e-03
4.838753938674926758e-01
6.576991677284240723e-01
4.808194935321807861e-03
4.836861193180084229e-01
7.331689596176147461e-01
-2.041696803644299507e-03
5.456049442291259766e-01
7.263594269752502441e-01
-6.189801730215549469e-03
5.800157785415649414e-01
7.274202704429626465e-01
-8.226014673709869385e-03
6.048036813735961914e-01
7.316727042198181152e-01
-8.881717920303344727e-03
4.943265914916992188e-01
7.732494473457336426e-01
-7.973649539053440094e-03
5.599910020828247070e-01
7.617532014846801758e-01
-8.845024742186069489e-03
5.982310771942138672e-01
7.571229934692382812e-01
-1.018481608480215073e-02
6.253015995025634766e-01
7.562806010246276855e-01
-1.175059843808412552e-02
4.957473874092102051e-01
8.139581680297851562e-01
-1.372083369642496109e-02
5.568544864654541016e-01
8.010802268981933594e-01
-1.608512178063392639e-02
5.935875177383422852e-01
7.940750122070312500e-01
-1.965282484889030457e-02
6.198962330818176270e-01
7.890704274177551270e-01
-2.287532389163970947e-02
4.909232556819915771e-01
8.537070155143737793e-01
-1.901414431631565094e-02
5.382940769195556641e-01
8.569267392158508301e-01
-2.170396782457828522e-02
5.679360628128051758e-01
8.574774861335754395e-01
-2.304725348949432373e-02
5.915675163269042969e-01
8.570585846900939941e-01
-2.380068972706794739e-02
