3.686603307723999023e-01
8.272181153297424316e-01
2.518319206501473673e-07
3.853921890258789062e-01
7.543675303459167480e-01
3.123373026028275490e-03
4.265917837619781494e-01
7.104008793830871582e-01
3.932452294975519180e-03
4.649637639522552490e-01
6.853308081626892090e-01
3.845148952677845955e-03
4.847287833690643311e-01
6.553503274917602539e-01
3.396962536498904228e-03
4.840257167816162109e-01
7.331287264823913574e-01
-1.335822627879679203e-03
5.447689294815063477e-01
7.264231443405151367e-01
-6.404193118214607239e-03
5.792962312698364258e-01
7.272701859474182129e-01
-9.657104499638080597e-03
6.042097806930541992e-01
7.310214638710021973e-01
-1.131453923881053925e-02
4.945923686027526855e-01
7.728220224380493164e-01
-7.681511342525482178e-03
5.595604777336120605e-01
7.624357938766479492e-01
-9.204218164086341858e-03
5.977740883827209473e-01
7.577244639396667480e-01
-1.161772944033145905e-02
6.252830028533935547e-01
7.563686370849609375e-01
-1.408883836120367050e-02
4.956977963447570801e-01
8.134191632270812988e-01
-1.406933832913637161e-02
5.568110942840576172e-01
8.014305233955383301e-01
-1.740356534719467163e-02
5.935981869697570801e-01
7.943207621574401855e-01
-2.187975868582725525e-02
6.199575662612915039e-01
7.890157699584960938e-01
-2.577891945838928223e-02
4.904599487781524658e-01
8.533546924591064453e-01
-2.006914280354976654e-02
5.378242731094360352e-01
8.572390675544738770e-01
-2.383093535900115967e-02
5.673877596855163574e-01
8.577680587768554688e-01
-2.583843842148780823e-02
5.912031531333923340e-01
8.571798205375671387e-01
-2.714944258332252502e-02
