3.639724552631378174e-01
8.162111639976501465e-01
2.748809038166655228e-07
3.834975957870483398e-01
7.479271888732910156e-01
2.232665661722421646e-03
4.229482710361480713e-01
7.060895562171936035e-01
1.414606231264770031e-03
4.602964818477630615e-01
6.815342903137207031e-01
-3.026633057743310928e-04
4.822569489479064941e-01
6.526775956153869629e-01
-2.240232657641172409e-03
4.772510826587677002e-01
7.265896201133728027e-01
-4.416007548570632935e-03
5.386581420898437500e-01
7.218367457389831543e-01
-1.164371520280838013e-02
5.739022493362426758e-01
7.233735918998718262e-01
-1.591521129012107849e-02
5.996106266975402832e-01
7.277030944824218750e-01
-1.782902330160140991e-02
4.867639243602752686e-01
7.649107575416564941e-01
-1.083255279809236526e-02
5.527223348617553711e-01
7.568930387496948242e-01
-1.456765178591012955e-02
5.918751358985900879e-01
7.536518573760986328e-01
-1.751035824418067932e-02
6.204590201377868652e-01
7.531596422195434570e-01
-1.986715197563171387e-02
4.878551959991455078e-01
8.045515418052673340e-01
-1.727734878659248352e-02
5.489244461059570312e-01
7.952271103858947754e-01
-2.186632901430130005e-02
5.864053964614868164e-01
7.899876832962036133e-01
-2.603784017264842987e-02
6.136348843574523926e-01
7.856002449989318848e-01
-2.922351658344268799e-02
4.827195107936859131e-01
8.440176844596862793e-01
-2.341884002089500427e-02
5.311108827590942383e-01
8.482764959335327148e-01
-2.737148478627204895e-02
5.605853199958801270e-01
8.491690754890441895e-01
-2.859729900956153870e-02
5.840489268302917480e-01
8.481720089912414551e-01
-2.898740582168102264e-02
